job_n,marital_n,education_n,loan_n,age,balance,duration,previous,default_n
3,0,2,0,41,849,72,0,0
1,0,2,0,49,1415,269,0,0
5,0,1,0,42,3842,130,0,0
0,1,0,0,37,-119,375,0,0
3,0,2,0,56,3498,264,0,0
1,1,1,0,39,3867,257,0,0
0,1,0,0,30,849,261,0,0
6,2,1,1,37,398,214,0,0
6,0,1,0,26,549,149,0,0
1,0,0,0,55,1320,340,2,0
3,0,1,0,28,339,100,0,0
8,2,1,0,44,522,411,0,0
9,0,0,0,47,333,8,1,0
1,2,1,1,48,0,318,0,0
1,2,0,0,34,501,546,0,0
4,0,1,0,63,23047,530,2,0
3,0,1,1,39,0,40,0,0
2,0,0,0,42,859,180,0,0
0,0,0,0,43,2767,374,7,0
1,0,0,0,35,3160,445,1,0
0,0,0,0,40,1584,661,0,0
9,1,0,0,37,561,188,2,0
6,0,1,0,43,3305,387,0,0
3,0,1,0,59,0,217,0,0
6,0,0,0,35,0,312,0,0
4,0,1,0,60,-222,82,0,0
6,1,1,0,45,1757,1010,1,0
6,0,1,0,40,56,700,0,0
1,0,1,0,45,3007,442,0,0
5,0,1,1,24,61,278,2,0
3,0,2,0,44,3113,331,0,0
5,2,1,0,42,1811,150,0,0
0,0,2,0,49,3371,269,0,0
3,1,2,0,52,210,154,0,0
5,1,1,0,44,946,181,0,0
6,1,1,0,54,0,209,0,0
3,1,1,0,34,47,232,2,0
3,0,1,0,39,483,282,0,0
1,0,1,0,40,-496,22,0,0
3,0,1,0,58,544,97,0,0
0,0,0,0,38,12855,417,0,0
6,0,0,0,51,218,154,2,0
3,0,1,0,45,22928,113,0,0
4,0,1,1,62,2801,261,1,0
1,1,0,0,39,1646,474,0,0
1,0,1,0,51,100,467,0,0
1,0,1,0,33,884,271,0,0
5,1,1,0,31,1374,290,1,0
5,0,1,0,59,2343,1042,0,0
3,1,1,0,33,13494,27,0,0
3,0,2,0,45,101,460,0,0
-1,0,-1,0,46,2911,41,0,0
3,2,2,0,53,235,241,0,0
5,0,0,1,48,1015,100,0,0
9,2,2,0,42,273,354,0,0
1,0,1,0,53,0,77,0,0
6,0,2,0,45,7811,143,0,0
1,0,0,0,38,447,224,1,0
1,0,1,0,61,50,213,0,0
0,2,0,0,59,893,206,0,0
0,0,0,0,57,1631,254,3,0
0,0,0,1,30,1418,185,0,0
6,0,1,0,32,15,391,0,0
1,1,1,0,44,7138,809,0,0
3,0,2,0,31,951,206,0,0
3,0,0,0,35,1016,294,0,0
5,0,1,1,39,-982,287,2,0
6,0,1,1,37,775,1000,0,0
10,1,0,0,27,1134,825,4,0
1,0,-1,1,41,-1136,89,0,0
3,0,1,1,26,-384,143,0,0
2,0,1,0,38,680,144,0,0
2,0,1,0,39,11887,1181,0,0
3,0,2,1,31,-537,1039,0,0
4,0,0,0,74,4912,268,3,0
5,1,1,0,24,5,66,1,0
5,0,1,1,51,-160,118,0,1
0,0,0,0,43,-526,603,0,0
0,0,0,0,40,429,222,4,0
3,1,1,0,28,5149,232,0,0
1,0,1,0,32,782,116,0,0
3,0,2,0,38,558,427,0,0
9,0,2,0,56,82,215,0,0
1,1,1,0,25,1105,195,1,0
0,1,0,0,25,6246,98,0,0
5,1,1,0,26,1200,232,0,0
1,0,1,0,37,3043,123,0,0
0,1,0,0,31,358,68,51,0
0,0,-1,1,55,831,100,6,0
3,1,2,0,34,279,208,1,0
3,0,2,0,37,1455,165,0,0
1,2,1,0,47,1013,54,0,0
3,0,2,0,46,0,51,0,0
6,2,1,1,51,135,862,0,0
6,0,1,0,53,514,10,0,0
1,2,1,0,44,982,650,0,0
0,0,0,0,49,489,65,1,0
0,0,0,0,55,0,111,0,0
5,1,0,0,29,135,248,0,0
3,1,1,1,44,492,209,3,0
1,1,2,0,41,340,262,1,0
0,0,0,1,47,-337,243,2,1
1,0,1,0,36,2473,965,0,0
9,2,2,0,41,22,238,4,0
0,0,0,1,43,2759,329,0,0
3,0,2,0,42,-119,167,0,0
1,1,0,0,32,127,20,0,0
5,0,1,0,52,1933,153,0,0
10,1,2,0,20,0,69,4,0
3,0,1,0,47,327,352,0,0
9,0,1,0,57,0,197,0,0
4,2,1,0,49,-268,42,5,0
1,1,1,0,32,2341,243,0,0
1,1,1,1,25,218,110,0,0
3,0,2,0,40,343,292,0,0
0,0,0,1,44,1590,54,0,0
6,0,1,1,27,1303,364,0,0
0,0,0,0,42,1680,765,0,0
2,0,0,0,52,0,163,0,0
1,1,0,0,30,411,111,1,0
1,0,0,0,55,199,151,0,0
3,0,1,1,55,5443,264,0,0
0,0,-1,0,43,498,73,0,0
5,2,0,0,37,195,39,0,0
0,2,0,0,48,108,89,0,0
1,0,1,1,34,563,32,0,0
2,2,0,1,49,1342,253,1,0
4,0,1,0,71,5715,747,0,0
5,1,1,0,35,663,359,0,0
3,0,-1,0,52,51,935,0,0
8,1,0,0,35,415,164,2,0
1,2,1,0,34,592,67,0,0
0,0,0,0,56,23,156,0,0
0,0,0,0,47,1105,180,0,0
5,0,-1,0,47,989,116,0,0
4,0,2,0,67,8465,234,0,0
10,1,1,0,25,1765,135,0,0
8,1,1,0,46,2052,428,0,0
1,0,1,0,40,500,175,0,0
0,0,0,0,44,38,201,8,0
7,0,-1,0,38,10855,57,0,0
1,2,1,1,33,10,167,0,1
0,1,0,1,33,-2,147,0,0
0,1,0,0,37,808,29,1,0
3,0,-1,0,51,1432,388,0,0
5,2,1,0,36,356,244,1,0
9,2,2,0,47,1405,127,0,0
0,0,0,1,31,35,323,0,0
0,2,0,0,43,0,123,0,0
0,0,0,0,30,1384,60,0,0
3,2,1,0,50,-54,513,0,0
4,2,2,0,70,383,50,0,0
0,1,0,0,31,37,669,0,0
6,0,1,0,41,841,250,0,0
3,0,1,0,32,476,956,0,0
6,1,1,0,40,4126,671,0,0
1,0,1,0,50,-70,386,0,0
1,0,-1,1,40,0,161,0,0
5,2,2,0,34,9569,43,0,0
0,1,0,0,35,-146,279,1,0
0,0,0,0,35,451,220,0,0
1,1,0,0,40,47,159,1,0
6,1,1,0,43,-63,92,1,0
1,0,1,0,49,652,198,0,0
1,1,1,0,31,2916,174,0,0
-1,0,-1,0,48,286,166,0,0
1,0,1,1,34,652,50,0,0
0,0,0,0,39,429,272,0,0
4,0,1,0,57,2020,93,0,0
6,1,1,0,26,186,72,0,0
0,0,0,0,38,-239,221,0,0
1,0,1,0,30,24,112,0,0
3,0,1,0,49,1219,168,0,0
1,1,1,0,38,1211,498,1,0
4,0,1,0,55,143,42,0,0
1,1,1,0,35,634,122,0,0
3,0,1,0,33,372,132,0,0
1,1,1,0,39,283,369,1,0
1,0,0,1,47,-744,1256,0,0
0,1,1,0,35,0,163,0,0
3,0,1,0,31,3298,175,0,0
6,1,1,0,25,199,101,0,0
1,1,0,0,37,453,129,0,0
3,0,1,0,35,4723,57,0,0
0,0,0,0,34,0,125,0,0
6,0,1,0,32,2196,1156,0,0
0,0,0,0,43,0,280,0,0
1,0,2,0,43,2309,578,0,0
5,1,1,0,51,2130,126,0,0
5,0,1,0,39,973,172,0,0
4,0,0,0,60,161,153,0,0
1,1,1,0,27,1996,345,0,0
6,2,1,0,45,1381,653,0,0
6,0,1,0,40,884,166,0,0
0,0,1,1,40,-240,160,0,0
1,0,1,1,46,159,139,0,0
3,0,2,0,41,17,117,0,0
5,0,1,0,31,0,40,0,0
0,0,0,0,37,4089,289,4,0
0,1,0,0,27,317,59,0,0
0,0,0,0,31,557,111,0,0
4,0,1,0,69,0,666,4,0
0,1,1,0,31,1310,12,0,0
0,1,0,0,24,1004,133,2,0
0,1,0,0,29,475,346,0,0
5,2,1,0,57,0,121,0,0
1,0,1,0,44,1139,64,0,0
5,1,1,0,29,719,76,0,0
6,1,0,0,26,2803,11,0,0
0,2,0,0,46,4629,67,1,0
6,1,2,0,48,204,134,0,0
0,0,2,0,48,1910,413,0,0
0,2,0,1,36,20,62,0,1
1,1,1,0,27,90,82,0,0
1,0,0,0,30,1045,65,0,0
6,1,1,0,50,72,141,0,0
8,0,1,0,49,4110,50,0,0
1,0,1,1,44,227,364,2,0
1,0,1,0,37,3728,55,0,0
4,0,2,0,58,196,35,0,0
5,2,1,0,50,-458,294,0,0
1,1,1,0,37,1127,249,0,0
0,1,0,0,31,34,127,0,0
0,1,0,0,35,5958,215,0,0
0,0,1,0,48,36686,295,0,0
3,0,2,0,55,1649,52,0,0
0,1,0,0,33,2465,139,1,0
1,0,1,0,38,414,147,0,0
1,1,0,0,32,1246,192,0,0
1,0,0,0,35,14232,372,0,0
5,0,0,0,28,364,169,0,0
5,0,1,0,55,1102,126,0,0
3,0,1,0,32,783,923,0,0
0,0,0,0,51,-20,139,0,0
1,2,0,0,38,304,8,0,0
5,0,1,0,40,-279,143,0,1
0,0,0,0,43,0,110,0,0
7,1,0,0,25,557,813,0,0
3,0,2,0,60,5798,58,0,0
6,0,1,0,30,357,659,0,0
6,0,1,0,59,2965,1970,0,0
1,0,1,0,54,10185,251,3,0
3,0,1,0,47,116,376,0,0
0,1,0,0,30,812,91,0,0
3,0,1,0,59,0,226,0,0
6,0,1,0,31,283,214,0,0
7,1,0,0,31,91,206,0,0
0,1,0,0,33,87,978,0,0
3,0,1,0,53,175,49,0,0
1,1,0,0,29,542,338,0,0
3,2,1,1,56,1346,240,0,0
5,0,-1,0,30,4,176,0,0
4,0,-1,0,56,230,167,2,0
1,1,1,0,37,363,110,0,0
1,0,1,0,24,556,278,4,0
5,0,1,1,47,-121,167,4,0
9,0,1,0,59,0,722,4,0
1,0,1,1,48,127,524,0,0
5,0,0,0,37,1988,397,0,0
10,1,0,0,23,250,166,0,0
5,1,1,0,35,-413,178,0,0
0,1,0,0,31,12607,150,0,0
3,1,2,0,48,396,194,0,0
3,0,2,0,33,3704,447,0,0
3,1,2,0,30,1395,569,3,0
3,0,2,1,37,213,323,0,0
5,0,1,0,32,4764,69,0,0
6,2,1,1,48,-276,674,0,0
3,0,1,1,29,508,262,0,0
8,1,1,0,31,209,193,0,0
1,1,1,0,29,115,340,0,0
8,0,0,0,35,1057,902,0,0
1,1,1,0,35,183,78,0,0
0,1,0,0,31,935,64,0,0
0,1,0,1,30,1422,305,27,0
3,0,1,0,35,229,435,0,0
3,2,2,1,49,-9,389,0,0
3,1,0,1,31,60,389,0,0
1,2,0,0,59,0,124,0,0
3,0,1,0,31,-446,180,0,0
6,0,1,0,47,3216,451,0,0
0,0,0,0,46,1808,172,0,0
4,0,2,0,60,894,65,0,0
7,0,0,1,38,0,77,0,0
0,1,0,1,37,72,885,7,0
3,0,2,1,49,305,834,0,0
3,0,1,1,43,1343,211,0,0
6,1,1,0,40,856,70,0,0
3,0,2,0,31,490,180,0,0
5,1,1,0,31,0,528,0,0
1,1,1,0,36,1102,236,0,0
4,0,1,0,54,529,1492,0,0
1,0,1,0,52,234,255,0,0
5,0,1,0,27,-97,1528,0,0
1,0,1,0,44,267,520,0,0
3,0,2,0,51,720,160,0,0
1,1,0,0,38,178,184,1,0
6,2,2,1,55,96,311,0,0
0,2,0,0,38,10638,159,0,0
3,0,2,0,30,236,44,1,0
9,0,1,0,31,1,101,0,0
0,0,0,0,31,804,146,0,0
6,2,1,0,48,4906,200,1,0
1,1,1,0,24,-1329,50,2,1
0,0,0,0,31,877,192,7,0
1,0,1,1,39,1048,405,0,0
6,1,1,0,31,-32,157,0,0
3,1,1,0,37,3111,9,2,0
3,1,1,0,30,3532,279,0,0
3,0,1,0,46,1728,50,0,0
3,1,2,0,26,3342,329,0,0
4,0,2,0,55,150,124,0,0
3,0,1,0,28,1113,135,2,0
6,1,1,1,32,1364,85,0,0
3,1,1,0,31,-64,37,0,0
3,2,1,0,56,75,136,0,0
9,0,1,0,38,333,606,1,0
5,0,1,0,34,1191,383,0,0
3,1,2,0,42,19,158,0,0
3,2,2,0,36,666,285,0,0
1,0,1,0,44,8938,94,0,0
5,2,1,0,48,771,133,0,0
0,1,0,0,47,216,193,0,0
3,0,1,0,45,534,104,0,0
3,0,1,0,35,25,23,0,0
0,0,0,0,52,-542,80,0,0
2,2,1,1,52,105,275,0,0
1,0,1,0,31,684,620,0,0
0,0,0,0,31,216,47,0,0
4,2,2,0,60,-137,152,0,0
1,1,0,0,29,370,119,5,0
0,1,0,0,53,0,94,0,0
0,0,0,0,45,21024,73,0,0
3,0,1,0,36,1272,245,0,0
1,0,1,0,47,-938,176,0,0
6,1,1,0,32,-408,253,0,0
0,0,2,0,47,2793,102,0,0
0,2,0,0,31,373,132,0,0
5,0,1,0,30,5220,108,0,0
0,0,0,0,32,210,121,0,0
3,0,1,1,41,2717,559,0,0
3,0,1,0,32,0,188,0,0
4,0,-1,0,72,1940,705,0,0
4,1,0,0,57,842,284,0,0
3,0,1,0,52,2338,232,0,0
5,0,-1,0,61,4629,181,1,0
5,0,1,1,54,2935,137,0,0
3,0,1,1,40,193,258,0,0
3,0,1,0,36,513,427,0,0
8,0,1,0,40,3382,125,0,0
3,2,1,0,54,462,260,0,0
6,0,1,0,38,155,248,0,0
6,2,1,0,52,3204,77,0,0
7,0,0,0,40,13669,255,0,0
3,0,2,0,40,-616,182,2,0
8,1,0,0,27,37,163,0,0
0,0,0,0,27,1,152,0,0
2,0,1,0,31,1302,89,0,0
0,1,0,0,33,153,405,0,0
3,0,2,0,42,191,382,1,0
1,1,1,0,32,792,193,0,0
10,1,0,0,33,71,94,0,0
3,0,1,0,29,457,72,1,0
5,0,-1,0,57,2038,628,2,0
7,2,1,0,47,218,58,0,0
1,0,1,0,37,807,634,0,0
6,2,1,0,41,-170,125,0,0
0,0,0,0,31,50,37,0,0
8,0,0,0,41,1666,291,0,0
6,0,1,0,56,2658,302,0,0
9,0,2,0,45,317,325,0,0
5,1,0,0,30,261,233,20,0
2,2,0,1,40,0,985,0,0
5,0,1,0,36,1588,103,0,0
5,0,1,0,35,5270,110,0,0
0,0,1,0,47,834,165,0,0
1,1,0,0,31,26,419,0,0
5,0,1,1,35,348,323,0,0
10,1,-1,0,30,809,26,2,0
3,0,1,1,35,527,143,0,0
6,0,1,0,52,3241,105,0,0
8,1,1,0,29,670,6,0,0
5,1,0,0,35,5007,133,3,0
1,0,0,0,38,-363,101,0,0
7,0,1,0,43,5704,139,0,0
4,0,2,0,61,2863,264,0,0
1,1,0,0,30,69,300,0,0
6,0,1,1,34,-451,498,0,0
5,0,1,0,51,0,130,0,0
1,0,1,0,38,0,635,0,0
5,0,-1,0,32,516,20,0,0
8,2,1,0,54,3721,163,0,0
2,0,1,1,33,-627,740,0,0
2,0,2,0,35,-394,217,0,0
9,0,2,0,53,945,82,0,1
7,0,1,0,50,111,277,0,0
5,0,1,0,45,820,145,0,0
0,0,0,0,44,-84,159,0,0
3,0,1,0,38,1663,93,0,0
1,1,1,0,30,963,66,0,0
8,1,2,0,29,115,61,0,0
0,0,1,1,52,2216,161,8,0
3,0,1,0,35,0,277,0,0
9,0,2,0,52,135,172,0,0
7,0,0,0,52,583,132,0,0
0,0,0,0,49,1,1076,1,0
5,2,1,0,50,-194,238,0,0
10,1,1,0,28,1925,252,4,0
4,0,1,0,63,2030,61,0,0
4,0,0,0,58,1326,201,0,0
3,0,2,0,35,3279,240,0,0
6,0,1,0,29,182,38,0,0
0,1,1,0,36,0,537,0,0
1,1,0,0,30,655,212,2,0
6,1,1,1,25,642,364,0,0
3,0,1,0,24,0,83,4,0
3,0,2,0,41,1172,153,0,0
1,2,1,1,55,217,176,0,0
1,0,0,0,31,15,389,0,0
3,0,1,1,50,418,867,0,0
3,0,2,0,39,106,56,0,0
3,0,2,0,40,2880,145,0,0
0,1,0,0,34,26575,93,0,0
2,0,0,1,49,320,243,0,0
6,1,1,1,32,2251,131,1,0
4,0,1,0,64,588,574,3,0
2,0,1,1,51,934,164,0,0
1,0,0,0,35,6,47,0,0
0,1,0,0,28,1287,65,0,0
0,0,0,0,35,511,91,0,0
0,0,0,0,57,334,169,2,0
5,0,1,0,46,660,740,0,0
5,0,2,0,56,2086,159,0,0
0,0,0,0,43,68,31,0,0
1,0,1,0,53,5797,267,0,0
6,0,1,0,34,241,1364,1,0
0,0,0,1,31,0,664,0,0
0,0,1,0,39,643,295,0,0
0,2,0,0,49,178,174,0,0
0,2,1,0,46,2,115,0,1
1,0,0,0,32,3939,209,0,0
2,0,2,1,40,3676,101,0,0
4,0,0,0,60,486,139,0,0
5,1,1,0,57,5768,512,0,0
3,0,2,0,39,5,167,0,0
0,2,0,0,49,557,126,0,0
1,1,1,0,29,156,574,0,0
0,0,0,0,33,3301,131,2,0
3,0,1,0,35,2432,196,0,0
0,2,0,0,38,4335,157,1,0
5,0,1,0,28,-31,369,0,0
3,0,2,0,58,853,317,0,0
0,1,0,0,31,11821,384,0,0
5,1,1,1,37,569,126,0,0
1,1,0,0,32,1038,128,0,0
6,1,1,0,54,492,330,0,0
6,0,-1,0,40,88,78,0,0
3,0,2,0,46,67,9,0,0
0,0,0,0,36,1113,212,0,0
0,2,0,0,58,5701,354,1,0
1,1,1,0,27,2293,317,1,0
1,0,0,1,31,311,385,0,0
0,1,0,0,29,1388,157,0,0
3,0,2,0,47,961,45,0,0
1,1,1,0,30,8826,90,3,0
1,1,1,0,30,3144,212,0,0
3,2,1,0,41,2540,82,1,0
1,1,1,0,24,-73,7,0,0
1,0,1,0,28,1180,637,0,0
1,2,1,0,36,69,61,3,0
0,0,0,0,49,4374,68,0,0
0,0,0,0,49,5887,181,2,0
6,0,1,0,55,557,58,0,0
1,0,0,1,32,240,86,0,0
0,1,-1,0,25,17,65,0,0
8,1,1,0,30,500,178,0,0
0,0,0,0,52,0,232,0,0
0,2,1,0,46,145,72,0,0
3,0,2,1,55,0,467,0,0
5,0,0,0,40,1108,61,3,0
3,1,2,0,34,4723,350,0,0
3,0,1,0,33,-10,123,0,0
0,1,0,0,28,437,338,0,0
4,1,1,0,40,1400,20,0,0
0,0,0,0,31,3739,117,0,0
0,1,0,0,34,1228,580,8,0
0,1,0,0,27,80,188,0,0
7,0,0,0,43,4324,105,0,0
0,1,0,0,30,1038,88,0,0
3,0,2,0,45,121,93,0,0
3,0,2,0,43,6614,192,0,0
8,0,1,0,46,46,74,0,0
0,1,1,0,36,302,60,0,0
2,0,1,0,46,131,69,0,0
0,1,0,1,33,541,572,0,0
5,2,1,0,46,984,181,5,0
1,2,1,0,34,27,133,0,0
3,0,2,0,44,924,89,0,0
3,0,1,0,36,439,260,0,0
8,0,1,0,57,1350,131,1,0
2,1,0,1,29,402,345,0,0
3,0,2,0,52,2396,48,0,0
1,0,1,0,32,266,168,0,0
8,2,2,0,51,2244,360,0,0
1,1,0,0,30,0,150,0,0
5,2,0,1,46,-363,96,0,0
3,0,2,1,48,0,479,0,0
5,0,1,0,31,535,249,0,0
1,1,1,0,30,4888,274,0,0
6,1,1,0,34,418,247,0,0
3,0,2,0,50,4108,526,0,0
0,0,0,1,30,49,359,0,0
8,0,1,0,55,512,70,0,0
5,1,0,1,38,4,71,0,0
0,0,0,0,33,437,293,0,0
0,1,1,0,40,900,84,0,0
7,0,1,0,35,5613,699,0,0
3,1,1,1,32,395,339,0,0
3,0,1,1,33,686,30,12,0
9,0,2,0,35,113,923,0,0
1,1,0,0,33,81,287,0,0
3,0,-1,0,52,742,629,0,0
3,1,1,0,31,53,446,0,0
3,0,1,1,51,0,124,0,0
1,2,1,0,34,49,142,0,0
4,0,-1,0,64,2923,120,0,0
4,0,1,0,61,11,232,3,0
5,0,1,1,53,673,137,0,0
3,0,2,1,41,143,659,0,0
3,1,1,0,40,1066,171,0,0
5,0,1,0,35,-112,394,0,0
3,1,1,0,34,550,90,1,0
6,0,1,0,40,3164,329,0,0
3,0,-1,0,37,0,90,0,0
3,0,1,0,35,728,410,0,0
0,0,0,0,33,436,48,0,0
1,2,1,0,49,790,324,0,0
3,1,1,0,26,0,55,0,0
6,2,2,0,30,459,494,0,0
3,0,2,0,44,1766,100,0,0
6,1,1,0,40,-306,253,0,1
1,0,1,0,42,525,172,0,0
0,1,0,0,26,2725,267,0,0
1,1,1,0,31,816,100,0,0
3,2,1,0,37,-175,182,0,0
5,0,1,0,46,-522,243,13,0
7,0,0,0,59,34247,66,0,0
6,1,1,0,45,1378,25,2,0
4,2,2,0,73,2308,163,0,0
0,0,0,0,44,149,507,2,0
9,0,1,0,43,-177,172,0,0
6,0,0,1,55,64,151,0,0
3,0,1,0,32,14,171,0,0
9,0,1,0,52,234,208,0,0
3,2,2,0,41,320,511,0,0
1,1,1,0,32,2421,14,0,0
6,0,1,0,48,11516,399,0,0
9,0,2,0,59,1071,140,0,0
2,0,2,0,53,694,157,0,0
3,2,1,0,35,0,477,0,0
1,2,1,0,53,392,70,1,0
0,0,0,0,32,1270,232,0,0
5,0,1,0,35,-312,188,0,0
2,0,1,1,51,-799,1001,0,0
9,0,2,0,59,57,212,0,0
1,0,1,0,33,272,166,0,0
1,0,1,1,30,1168,361,0,0
0,0,1,1,40,1576,253,0,0
0,0,0,0,37,8564,211,1,0
4,0,2,0,75,5491,258,0,0
9,0,2,0,53,1869,102,0,0
5,1,1,0,28,2831,211,0,0
0,0,-1,0,52,1708,193,3,0
7,0,1,0,52,1066,65,0,0
1,0,1,0,51,220,421,0,0
2,0,-1,0,57,618,10,0,0
0,0,0,0,37,0,268,3,0
0,1,1,0,31,0,129,0,1
5,1,1,0,40,664,188,2,0
3,0,1,0,34,187,379,0,0
7,0,0,0,41,6000,217,1,0
3,0,2,1,51,176,80,0,0
7,1,0,0,36,583,859,1,0
3,0,1,0,47,812,68,0,0
0,1,0,0,39,416,427,0,0
5,0,1,0,55,0,88,0,0
2,0,0,1,58,0,304,2,0
3,0,1,0,34,622,145,0,0
3,0,1,0,41,1219,628,0,0
1,2,1,1,50,-403,130,2,0
6,0,1,0,29,191,87,0,0
0,0,0,1,38,500,81,0,0
1,1,1,0,24,3843,561,0,0
5,0,1,0,42,445,202,0,0
3,0,2,0,38,2569,172,0,0
10,1,0,0,29,795,258,0,0
0,1,0,0,34,1049,101,1,0
3,0,1,0,41,1954,65,2,0
5,0,0,0,38,605,147,0,0
6,0,1,0,49,280,162,0,0
1,0,1,0,42,6250,107,0,0
8,0,1,0,39,270,116,0,0
3,0,2,1,45,0,74,0,0
0,0,0,0,35,2717,394,0,0
0,1,0,1,32,611,353,0,0
0,1,0,0,32,2,100,0,0
6,1,1,0,29,0,58,0,0
9,2,2,0,55,976,345,3,0
1,0,1,0,51,-396,179,0,0
1,2,1,0,31,646,294,0,0
0,1,0,0,33,54,262,0,0
1,0,1,0,52,0,211,1,0
0,0,0,0,43,0,127,0,0
1,0,0,0,35,1006,69,0,0
3,2,1,0,36,638,1395,0,0
3,0,2,0,41,389,127,0,0
0,2,0,0,46,134,134,0,0
1,0,1,0,39,0,327,0,0
6,1,1,0,34,0,112,3,0
1,0,1,0,49,3410,130,0,0
7,0,1,1,37,487,155,0,0
3,0,1,1,50,37,28,0,0
1,0,1,0,45,1441,93,2,0
1,1,1,1,23,150,66,0,1
0,0,-1,0,56,4623,348,0,0
6,1,1,0,43,0,88,0,0
1,1,0,1,30,91,179,0,0
8,0,2,0,37,941,280,0,0
1,0,1,1,52,3554,89,0,0
10,1,2,0,19,103,177,4,0
9,0,2,1,51,618,277,1,0
8,2,1,0,43,0,229,0,0
1,1,0,1,54,1433,18,0,0
1,1,1,0,47,736,212,0,0
5,2,2,0,36,227,185,0,0
3,2,1,0,45,9,277,0,0
9,2,2,0,83,5944,200,0,0
3,2,1,0,38,226,167,0,0
10,1,1,0,21,99,49,0,0
2,0,-1,0,43,100,702,0,0
1,1,1,0,32,0,92,0,0
8,1,1,0,32,747,130,0,0
1,0,1,0,48,220,73,0,0
9,1,2,0,37,0,399,0,0
1,0,1,0,58,0,1823,1,0
1,0,1,0,34,6324,190,0,0
-1,0,-1,0,64,2799,378,0,0
6,1,1,0,32,6983,255,0,0
3,1,1,0,38,0,8,0,0
9,0,0,0,59,0,494,0,0
3,0,2,0,51,5206,168,0,0
3,0,2,1,41,-571,207,0,0
3,2,1,0,38,2998,91,0,0
0,0,0,0,51,0,58,0,0
9,0,2,0,50,3056,95,0,0
1,0,0,0,39,1889,108,0,0
4,0,1,0,55,31,72,0,0
1,1,1,0,27,639,119,5,0
9,1,1,0,33,1363,42,0,0
3,2,2,0,33,1022,154,0,0
0,0,0,0,39,5060,157,0,0
3,0,-1,0,34,245,13,0,0
0,0,0,1,31,1343,85,0,0
3,0,2,0,39,882,25,0,0
5,0,2,0,40,129,464,0,0
6,2,1,1,44,-389,52,0,0
3,1,-1,0,40,29,118,0,0
2,0,2,0,58,1249,187,0,0
2,0,0,0,59,712,109,0,0
3,0,2,0,50,1052,149,0,0
5,2,1,0,36,50,222,0,0
1,2,-1,1,35,-11,24,0,0
0,1,0,0,43,11891,821,1,0
3,0,2,1,47,292,210,0,0
1,2,1,0,53,4856,151,0,0
5,0,1,0,48,-582,325,0,0
3,0,2,0,29,10191,282,0,0
4,2,0,0,54,294,89,0,0
1,0,1,0,39,-709,311,0,0
6,2,1,0,53,0,80,0,0
1,0,1,1,35,451,247,0,0
4,0,-1,0,61,209,1011,4,0
5,1,1,0,28,1842,92,0,0
3,0,-1,0,48,439,212,2,0
1,1,0,0,35,0,176,0,0
3,0,2,0,33,1309,262,0,0
7,1,0,0,31,96,577,0,0
3,0,1,0,49,2015,449,0,0
3,0,1,0,52,-519,442,0,0
0,0,0,0,33,415,75,1,0
1,2,1,1,47,47,224,0,0
0,2,0,0,56,177,1040,0,0
0,1,0,0,34,268,587,0,0
1,0,1,0,28,169,245,0,0
3,0,1,0,55,1268,223,0,0
3,0,1,0,58,2592,249,0,0
7,0,2,0,48,3062,237,0,0
3,0,1,1,34,7,171,2,0
9,0,1,0,60,1361,161,0,0
3,1,2,0,43,0,1242,0,0
5,1,1,0,31,92,401,0,0
1,2,1,1,50,2910,364,0,0
5,1,1,0,29,1751,150,0,0
0,0,0,0,58,2143,261,0,0
0,1,0,0,37,815,77,0,0
5,1,1,0,33,549,44,0,0
0,0,2,0,53,2096,104,0,0
6,0,1,0,25,0,458,0,0
3,0,2,0,35,113,318,0,0
1,0,1,0,34,47,132,0,0
9,1,1,1,36,28,149,0,0
6,0,0,0,39,35,211,0,0
0,1,0,0,33,275,348,0,0
6,1,1,0,28,168,387,1,0
4,0,1,0,58,1230,420,1,0
3,0,2,0,42,0,190,0,0
0,0,0,0,36,1582,26,1,0
1,1,1,0,32,1107,113,0,0
2,1,1,0,49,5802,175,2,0
1,0,1,0,37,430,154,0,0
0,0,0,0,30,102,470,3,0
1,0,0,0,39,1293,140,0,0
4,0,2,0,65,1004,371,0,0
3,1,1,0,33,123,273,4,0
1,0,1,0,36,2779,324,4,0
7,2,2,0,54,4382,193,0,0
0,0,0,0,37,0,187,0,0
1,0,0,0,48,150,168,7,0
1,1,1,0,24,3926,320,0,0
4,0,2,0,60,97,210,0,0
6,0,1,1,49,271,541,2,0
5,0,1,0,35,-130,224,0,0
4,0,1,0,53,1278,174,0,0
5,0,1,0,34,764,89,0,0
6,2,1,0,50,761,169,0,0
2,0,0,0,48,0,74,0,0
3,0,2,0,52,134,81,3,0
1,0,1,0,35,1092,132,1,0
5,1,1,0,32,641,148,0,0
0,0,0,0,30,4022,214,0,0
0,0,0,0,45,623,405,0,0
6,1,1,0,28,198,128,0,0
1,1,0,1,42,2157,260,0,0
3,2,2,0,28,319,120,0,0
1,0,1,0,48,71,524,0,0
1,0,2,1,36,1653,336,0,0
4,0,1,1,58,919,329,2,0
1,1,1,1,26,68,141,0,0
0,0,0,0,31,140,9,4,0
7,2,1,0,37,-38,165,2,0
5,0,1,1,27,-247,344,0,0
0,2,0,0,33,2240,264,1,0
0,0,2,1,35,-326,518,0,0
9,1,0,0,46,3232,94,0,0
4,0,0,0,39,855,786,0,0
5,0,1,0,35,4463,90,0,0
0,0,0,0,42,2772,244,0,0
0,2,0,1,31,-547,101,0,0
0,2,0,0,35,153,593,0,0
0,0,0,0,43,2383,379,0,0
5,2,1,1,39,399,133,0,0
0,2,0,1,46,675,190,0,0
0,0,0,1,49,1167,213,8,0
0,0,0,0,46,11385,269,0,0
3,0,1,0,38,4771,217,0,0
6,2,1,1,36,-290,128,0,0
7,0,1,0,49,0,51,0,0
6,0,1,1,51,53,192,0,0
3,1,2,0,24,1033,283,0,0
3,0,1,0,46,243,310,0,0
9,1,1,0,46,198,93,1,0
1,0,1,0,47,1059,58,1,0
1,0,0,0,31,165,218,0,0
0,0,0,0,38,-1884,82,1,0
1,0,1,0,56,1093,89,0,0
6,0,1,0,51,753,541,0,0
3,0,1,0,45,90,744,0,0
1,1,1,0,33,315,179,2,0
10,1,0,0,27,1013,965,0,0
1,0,1,1,44,339,244,0,0
0,0,1,0,55,964,66,0,0
1,1,1,0,34,52,90,0,0
6,1,1,0,29,153,734,0,0
1,0,1,0,46,190,370,0,0
1,1,1,0,33,2660,121,0,0
6,1,1,1,27,0,261,0,0
10,0,0,0,34,387,52,0,0
5,0,1,0,47,6695,129,0,0
1,1,1,1,26,223,1002,0,0
5,2,0,0,37,4303,168,0,0
1,0,1,0,50,-584,75,0,0
6,0,1,0,29,690,553,1,0
1,0,1,0,45,497,72,2,0
10,1,1,0,28,970,137,1,0
3,0,2,0,55,2102,64,1,0
3,1,1,0,42,625,651,0,0
1,0,1,0,36,5521,61,0,0
3,0,2,0,37,4997,172,0,0
3,0,-1,0,38,5,221,0,0
9,0,2,0,59,0,76,0,0
3,0,1,0,30,1717,197,0,0
5,0,1,0,39,9618,94,1,0
2,1,0,0,31,137,445,0,0
3,0,2,1,26,133,57,0,0
5,0,1,0,50,715,131,0,0
6,0,0,0,41,881,257,0,0
6,0,1,0,29,31,71,0,0
1,1,1,0,31,223,49,0,0
0,0,0,0,37,425,226,0,0
7,0,0,0,35,506,144,0,0
8,0,2,0,35,4564,508,0,0
1,2,1,0,38,902,108,4,0
6,1,1,0,27,0,35,0,0
0,0,1,0,37,38,94,0,0
0,0,0,0,38,3724,23,0,0
3,0,2,0,37,61,156,0,0
5,1,0,0,38,45789,21,0,0
0,1,0,0,36,219,22,6,0
0,0,0,0,45,160,182,1,0
3,0,1,1,40,395,281,0,0
0,0,0,0,33,1323,109,1,0
3,0,2,0,53,3316,331,0,0
0,2,1,0,60,0,603,0,0
0,1,0,0,31,307,361,2,0
8,0,1,0,32,-160,27,0,0
4,0,1,1,57,3382,165,0,0
0,1,0,0,32,156,81,0,0
1,1,1,0,34,0,195,0,0
0,0,0,0,33,52,311,0,0
1,0,1,0,47,2149,241,2,0
9,1,1,0,31,540,227,0,0
0,0,0,0,34,46,39,0,0
5,1,1,0,48,1150,357,0,0
3,0,2,0,60,6271,210,5,0
5,2,1,0,44,-179,333,0,0
6,0,1,0,36,394,324,0,0
6,1,1,1,25,111,316,0,0
8,1,1,0,30,40,133,0,0
3,1,1,1,27,81,123,2,1
-1,0,0,0,71,353,208,2,0
7,0,0,0,30,2666,781,1,0
10,1,1,0,41,1934,162,0,0
0,1,0,0,31,2227,95,0,0
1,1,-1,0,43,572,80,0,0
6,0,0,0,49,411,9,0,0
0,0,0,0,35,618,116,0,0
5,0,1,0,48,2707,212,0,0
1,1,1,0,33,6106,345,0,0
1,0,1,0,32,696,815,0,0
1,1,1,0,38,382,180,0,0
5,2,1,1,52,361,147,0,0
1,2,1,1,45,12389,711,0,0
1,0,0,0,37,4596,218,4,0
4,0,0,0,55,127,80,0,0
0,0,0,0,62,1859,245,0,0
5,1,1,0,32,8626,200,2,0
0,0,0,0,41,0,294,11,0
0,0,0,0,32,410,252,0,0
3,0,1,1,48,2345,306,0,0
6,0,2,0,50,1260,172,0,0
6,1,1,1,25,2311,1105,0,0
1,1,1,0,38,4723,187,0,0
1,0,1,1,32,765,850,0,0
3,1,2,0,43,548,98,0,0
9,0,2,0,60,211,480,1,0
3,0,2,0,29,5,321,0,0
3,0,-1,0,37,557,47,0,0
0,1,0,0,30,623,159,0,0
5,1,1,0,53,393,69,0,0
9,2,2,0,57,7451,43,0,0
5,1,1,1,27,180,114,0,0
0,2,0,0,51,323,356,0,0
0,1,0,0,43,0,155,0,0
1,0,1,0,53,4541,190,0,0
9,0,2,0,43,1283,448,0,0
1,1,0,0,33,443,240,0,0
0,0,0,0,35,244,138,0,0
5,0,1,0,32,1661,76,2,0
5,1,1,0,31,547,272,0,0
1,0,1,1,34,1012,540,0,0
0,1,0,0,36,10773,89,0,0
0,0,0,0,41,725,460,0,0
8,2,1,0,40,991,316,0,0
1,0,-1,0,37,47,374,0,0
0,2,0,0,37,42,564,0,0
5,0,1,0,25,789,202,0,0
3,0,1,0,55,2059,149,4,0
0,1,0,0,30,2317,260,0,0
6,1,1,0,30,-838,142,0,0
6,0,1,1,55,3546,268,0,0
5,0,1,1,31,0,144,0,0
3,0,1,0,35,73,134,0,0
0,2,0,0,56,1654,335,0,0
5,0,1,1,41,683,77,0,0
4,0,1,0,59,524,166,0,0
5,0,1,1,49,512,455,0,0
6,1,0,0,33,1268,451,1,0
1,1,1,0,39,556,322,0,0
4,0,2,0,58,565,153,1,0
0,0,1,0,44,438,37,1,0
3,0,1,0,49,739,182,0,0
7,1,0,0,27,970,55,0,0
5,2,1,0,35,437,908,0,0
1,0,2,0,58,-247,179,0,1
0,2,0,0,33,5550,124,4,0
6,0,1,1,49,702,194,0,0
0,0,0,1,37,1265,101,0,0
3,2,2,0,36,17,329,0,0
7,2,0,0,53,10,75,0,1
0,1,0,0,33,201,171,1,0
6,0,1,1,56,1150,107,3,0
1,1,0,0,30,0,58,0,0
1,0,1,1,33,804,212,0,0
0,1,0,0,30,19796,41,0,0
0,0,0,0,55,10065,197,3,0
1,0,-1,0,30,-315,201,0,1
5,1,1,1,42,-247,104,2,0
6,0,1,1,56,4719,82,0,0
0,1,0,0,32,-3,500,0,1
0,0,1,1,47,0,124,0,0
3,0,2,0,52,109,177,2,0
3,0,2,1,31,498,445,0,0
8,0,1,0,34,2126,215,0,0
0,1,0,0,32,3,568,0,0
9,0,0,0,45,40,81,1,0
1,1,0,0,30,10,276,0,0
1,0,1,0,71,3020,304,3,0
3,0,1,0,31,0,133,0,0
6,0,1,0,34,0,75,0,0
1,0,1,0,54,273,55,0,0
1,0,0,0,61,1263,176,0,0
5,0,1,0,54,1239,200,0,0
6,1,1,0,25,368,168,0,0
1,1,1,0,29,382,409,0,0
0,0,0,0,41,36,388,0,0
5,0,1,0,30,779,156,3,0
8,0,1,0,47,955,47,0,0
1,1,0,0,26,1972,221,0,0
6,1,1,0,31,1629,344,0,0
5,0,1,0,48,368,363,7,0
9,2,2,0,41,9059,113,0,0
3,0,1,0,38,194,576,7,0
3,2,1,0,54,1613,128,0,0
3,0,1,0,38,789,120,1,0
9,1,2,0,56,801,931,0,0
3,2,2,0,32,142,257,0,0
3,0,1,0,34,199,627,0,0
0,1,0,1,25,0,342,0,0
3,0,1,0,35,360,24,3,0
3,0,1,1,38,171,172,0,0
5,0,1,0,35,2374,5,7,0
0,2,0,0,56,2959,325,0,0
0,0,0,1,49,1167,249,14,0
3,0,1,0,35,407,12,0,0
6,0,1,1,32,-538,233,1,0
0,0,0,0,59,2319,132,0,0
5,0,1,0,50,-195,119,0,0
5,0,1,0,35,2374,765,5,0
8,0,2,0,38,338,219,0,0
7,1,1,0,38,677,114,0,0
4,2,2,1,58,11,161,0,0
0,0,0,0,57,-24,14,0,1
8,1,0,0,29,497,642,6,0
3,1,2,0,39,1530,140,0,0
4,0,1,0,57,168,342,0,0
2,0,1,0,34,1368,252,0,0
0,1,0,0,33,1308,194,0,0
6,1,1,0,36,461,434,0,0
3,0,2,1,43,-404,205,1,0
3,0,2,0,45,147,109,0,0
0,0,0,0,41,881,75,0,0
1,1,1,0,36,0,42,0,0
3,0,1,0,39,472,612,0,0
0,1,0,0,31,1,107,0,0
3,0,1,0,31,379,299,0,0
1,1,0,0,34,2838,620,0,0
7,0,1,0,45,264,113,2,0
3,0,2,0,43,-41,8,0,0
0,0,0,0,37,478,95,0,0
10,1,-1,0,18,108,169,0,0
0,0,0,0,39,661,220,0,0
5,1,1,1,45,276,346,0,0
6,0,1,1,48,300,52,0,0
1,0,1,0,40,0,74,1,0
0,0,0,0,32,3651,142,0,0
5,0,-1,1,55,98,214,0,0
3,0,-1,0,44,879,28,0,0
3,0,2,1,51,3726,119,0,0
1,1,0,1,30,60,306,0,0
0,0,0,0,44,756,65,2,0
4,0,0,0,83,6236,766,3,0
1,0,2,0,49,2343,129,0,0
1,1,1,0,33,716,234,0,0
3,0,1,0,33,1541,423,0,0
6,2,1,0,43,7816,16,0,0
8,0,1,0,54,377,1134,0,0
5,0,1,0,28,49,17,0,0
1,2,0,0,36,1381,149,0,0
0,0,-1,0,46,802,417,0,0
3,0,2,0,44,1147,23,0,0
0,1,0,1,37,1517,60,0,0
5,0,0,0,37,828,206,1,0
3,0,1,0,40,5,86,0,0
5,0,1,1,44,61,1261,0,0
6,0,1,0,59,33,138,0,0
5,1,1,0,42,734,332,3,0
1,0,1,0,47,-75,57,1,0
3,0,0,0,52,297,55,0,0
0,1,0,0,32,12686,176,1,0
3,1,1,0,40,436,231,0,0
0,2,0,0,42,1243,1000,0,0
3,0,2,0,39,774,29,0,0
10,1,1,0,25,348,245,0,0
6,1,1,0,52,1810,117,0,0
10,1,1,0,24,689,630,0,0
5,2,1,0,48,362,529,0,0
6,0,2,0,38,-93,263,0,0
0,1,0,0,30,4896,132,0,0
5,1,1,0,33,3160,719,0,0
4,0,1,0,58,11,270,0,0
1,2,1,1,41,1545,183,0,0
10,1,-1,0,32,2313,99,0,0
5,1,1,0,34,846,758,0,0
3,0,1,0,40,339,234,0,0
5,0,1,0,36,998,1044,0,0
9,0,1,0,48,3570,58,0,0
0,0,0,0,47,618,50,3,0
6,0,1,1,45,-1621,8,5,0
1,0,1,0,50,1130,119,0,0
1,2,1,0,30,3100,154,0,0
7,2,0,0,46,926,168,1,0
1,1,1,0,36,23,69,2,0
1,1,1,0,37,442,51,1,0
3,0,2,0,42,555,249,0,0
6,2,1,0,39,1062,10,0,0
1,1,1,0,31,846,405,2,0
1,0,0,0,25,839,700,0,0
3,1,1,0,27,185,212,0,0
6,1,1,0,25,229,214,0,0
1,0,1,0,40,7313,241,1,0
0,0,0,0,39,1069,422,0,0
0,1,0,0,32,229,345,0,0
5,1,1,0,31,1016,9,0,0
6,0,1,0,37,0,330,0,0
1,0,0,0,53,395,136,1,0
5,0,1,0,26,1595,155,1,0
9,1,2,0,40,109,308,3,0
1,0,0,0,49,1235,354,0,0
5,2,1,0,42,1076,213,0,0
3,0,1,1,24,-254,290,0,0
0,0,0,0,61,267,190,0,0
0,1,0,0,33,3821,201,0,0
2,0,2,0,53,55,217,0,0
3,0,2,0,41,2007,419,0,0
5,2,1,0,44,0,1594,1,0
4,0,1,0,51,0,131,0,0
0,0,0,0,57,1287,180,0,0
6,0,1,0,50,1572,185,0,0
6,0,-1,0,48,1155,557,0,0
5,1,1,1,30,294,527,0,0
5,0,1,0,49,1530,173,0,0
3,0,2,0,56,288,548,0,0
7,0,2,1,45,-584,306,0,0
0,1,0,0,38,0,92,0,0
5,0,2,0,52,321,141,0,0
1,0,1,0,35,6,204,2,0
1,0,1,0,40,1832,179,0,0
8,0,1,0,32,262,203,0,0
0,0,1,0,49,367,85,0,0
4,0,0,0,60,3461,128,0,0
5,2,1,0,42,2129,633,2,0
9,0,-1,1,31,-6,94,0,1
0,1,-1,0,35,137,667,0,0
6,0,1,1,40,961,589,4,0
2,0,0,0,47,1855,129,0,0
3,0,2,1,52,649,7,0,0
3,1,1,0,43,421,298,0,0
0,0,1,0,42,3018,288,2,0
0,0,0,0,37,0,426,1,0
0,0,0,0,49,-24,132,0,1
3,2,1,0,51,44,137,0,0
1,0,1,0,45,1477,75,1,0
1,1,0,0,31,969,95,0,0
6,0,2,0,52,306,650,0,0
6,0,2,0,42,473,54,0,0
1,0,1,0,43,-932,567,0,0
7,2,1,0,43,347,1468,0,0
0,1,0,0,32,36,108,0,0
1,0,1,0,40,84,119,0,0
5,1,2,1,27,528,267,2,0
5,2,1,0,47,-407,46,0,0
0,1,0,0,31,-173,396,0,0
3,0,2,1,43,1147,112,0,0
6,1,1,0,25,32,124,0,0
3,0,2,1,47,2,164,0,0
5,2,1,0,38,4630,133,0,0
0,0,0,1,41,-98,244,0,0
0,2,0,0,54,1295,179,0,0
7,0,2,1,57,-34,108,2,0
1,1,1,0,28,34,136,0,0
3,0,1,0,50,2641,97,0,0
6,1,1,1,36,2409,338,0,0
1,0,1,1,32,95,308,0,0
1,1,1,0,33,121,210,0,0
1,1,0,0,31,-167,41,0,0
1,1,0,1,32,514,164,0,0
3,0,1,0,34,261,88,3,0
1,1,1,0,25,35,96,0,0
0,2,2,0,50,-6,92,0,0
5,0,1,0,29,265,329,0,0
0,1,0,0,27,2821,186,0,0
4,0,1,0,71,29941,80,3,0
6,1,1,0,30,297,255,0,0
0,1,0,0,29,1739,114,0,0
1,1,0,0,34,82,292,0,0
3,0,1,1,36,195,1297,0,0
6,0,1,0,33,684,474,0,0
3,0,-1,0,47,584,79,0,0
2,0,2,0,49,5380,98,0,0
0,2,0,0,58,315,121,2,0
8,1,1,0,31,-186,172,0,0
1,0,0,0,69,482,101,0,0
0,0,0,0,36,659,90,0,0
0,0,0,1,57,101,99,0,0
5,1,1,0,35,303,173,10,0
5,2,1,0,44,611,6,0,0
4,0,1,0,76,242,994,0,0
5,1,0,0,31,2004,117,0,0
9,0,2,0,53,1903,827,0,0
5,1,1,0,48,1234,188,0,0
3,0,1,1,45,159,251,0,0
5,2,1,0,49,6512,93,0,0
0,0,0,0,31,-235,546,0,0
1,0,1,0,35,-131,467,0,0
6,0,-1,0,36,618,360,2,0
3,0,1,1,22,391,72,0,0
7,0,1,0,42,2,51,0,0
5,0,1,0,32,31,101,0,0
6,0,1,0,33,-124,150,1,0
1,0,0,1,45,-525,980,0,0
5,0,1,1,50,106,59,0,0
1,1,0,0,26,252,187,0,0
6,1,1,0,39,1048,108,1,0
3,0,2,0,44,1066,25,0,0
1,0,1,0,27,31,136,0,0
3,0,1,1,52,955,301,4,0
0,1,0,0,28,3285,98,0,0
0,0,0,0,58,714,850,0,0
1,2,1,0,57,470,480,0,0
9,0,1,0,34,265,329,0,0
1,1,1,0,31,2460,477,0,0
3,0,2,0,48,89,34,0,0
0,1,0,1,36,678,85,0,0
3,0,2,0,35,4366,173,0,0
3,0,2,0,42,260,175,0,0
4,0,0,0,57,29,532,0,0
3,0,1,0,75,6053,416,0,0
0,0,0,0,57,1172,164,0,0
0,0,0,0,37,292,133,0,0
0,1,0,0,48,5689,527,1,0
5,0,1,0,37,0,200,0,0
1,0,1,0,39,2983,472,0,0
4,0,-1,0,49,247,213,0,0
1,1,1,0,28,216,66,0,0
2,0,0,1,35,1194,34,0,0
3,0,1,0,55,471,58,0,0
3,1,1,1,25,224,17,0,0
5,1,1,1,38,-61,102,0,1
0,1,0,0,37,2173,158,1,0
1,0,1,0,45,2269,233,0,0
6,0,1,0,46,998,126,0,0
0,0,0,0,55,10065,50,0,0
3,0,1,0,43,130,156,3,0
1,1,1,0,42,2036,259,0,0
0,0,0,0,44,254,224,0,0
9,0,2,0,56,445,13,0,0
0,0,0,0,34,1770,26,11,0
0,0,0,0,39,119,265,4,0
6,0,1,0,30,-849,138,0,1
3,0,2,1,44,612,131,0,0
0,1,0,0,55,0,156,0,0
0,1,0,0,42,196,325,0,0
8,0,1,0,44,304,129,0,0
3,0,1,0,47,438,46,0,0
8,1,1,0,34,371,52,0,0
7,1,0,0,32,12269,141,0,0
0,0,1,0,52,3369,196,0,0
5,0,-1,0,45,1783,11,0,0
3,0,1,0,44,88,275,0,0
3,0,2,0,32,0,295,1,0
0,0,2,0,57,785,169,0,0
0,0,0,0,47,24312,187,0,0
6,0,1,0,39,1179,284,0,0
1,1,0,0,41,5365,412,0,0
1,0,0,0,49,523,152,0,0
6,0,-1,0,33,89,341,0,0
1,0,1,0,37,511,232,0,0
5,0,1,0,49,635,400,0,0
7,0,1,0,42,487,58,0,0
2,1,0,0,34,714,166,0,0
4,0,1,0,62,2917,147,1,0
1,0,1,0,38,6975,186,0,0
0,1,0,0,35,805,613,0,0
9,0,2,0,39,0,92,0,0
7,0,0,0,51,2007,1021,0,0
3,1,1,1,35,12223,177,0,0
0,2,2,0,44,641,79,3,0
3,2,2,0,35,0,55,0,0
5,0,0,0,40,10035,29,0,0
1,0,1,0,55,2055,1023,0,0
5,1,1,0,25,4590,199,0,0
6,0,1,0,39,0,333,0,0
7,0,2,1,51,183,292,0,0
1,0,1,0,34,96,113,0,0
1,0,0,0,34,1539,441,1,0
3,1,1,0,28,1735,89,0,0
1,1,0,0,31,426,82,0,0
0,1,0,0,31,1724,152,1,0
3,0,2,0,37,152,252,0,0
5,0,1,0,38,0,151,0,0
1,0,1,1,57,839,225,0,0
9,0,2,0,40,4904,248,1,0
1,1,1,0,35,-816,54,0,0
1,0,1,1,40,529,596,0,0
5,1,1,1,34,-478,111,0,0
0,2,0,0,59,1002,201,0,0
1,0,1,0,46,0,63,0,0
1,2,1,1,45,30,88,0,0
6,1,1,0,28,3331,229,0,0
1,1,0,0,39,25,315,2,0
8,2,1,0,41,271,196,0,0
8,0,2,0,52,20,172,0,0
3,0,1,0,40,1554,385,1,0
-1,0,1,0,59,402,69,0,0
5,0,1,0,41,4320,164,2,0
1,1,0,0,46,3133,411,0,0
0,1,0,0,47,4402,805,1,0
6,1,-1,0,31,347,254,1,0
1,1,0,0,38,1727,141,6,0
9,0,-1,0,51,819,316,0,0
1,1,1,0,37,466,231,0,0
2,0,1,0,47,0,1446,0,0
0,0,0,0,32,3809,50,0,0
3,0,2,0,38,2322,207,0,0
5,1,0,0,32,1531,58,5,0
1,1,1,1,38,294,172,0,0
7,0,0,0,45,1265,79,0,0
6,2,1,0,56,140,173,0,0
3,0,1,1,33,139,732,5,0
3,2,2,0,39,-294,181,0,1
0,2,0,0,52,-803,131,0,0
3,0,1,0,41,641,161,0,0
1,0,0,0,39,1161,236,1,0
0,1,1,0,40,192,71,0,0
3,0,1,0,51,3370,59,0,0
1,0,1,0,46,6993,326,1,0
1,1,1,0,30,677,241,0,0
0,0,0,1,43,1336,82,1,0
1,0,1,1,37,1016,24,0,0
0,1,0,0,34,1058,864,0,0
3,0,1,0,45,27,299,0,0
1,0,1,0,54,0,744,0,0
5,0,1,0,34,-312,232,0,0
3,1,1,0,39,277,20,0,0
3,0,2,0,50,2212,116,0,0
3,0,1,0,29,2312,109,0,0
0,0,0,0,39,756,268,0,0
6,0,0,0,38,563,251,0,0
3,0,1,0,42,2256,315,0,0
7,0,2,0,50,0,125,0,0
0,1,1,0,40,906,67,0,0
6,1,1,0,28,458,112,3,0
0,2,0,0,30,-1105,686,0,1
3,0,2,0,50,2190,269,0,0
6,0,1,0,34,5,59,0,0
7,1,1,1,22,2138,164,2,0
5,1,1,0,34,607,449,3,0
4,2,0,1,58,264,523,0,0
9,0,2,0,46,201,91,0,0
1,0,0,0,40,2946,78,0,0
9,1,2,0,47,2785,570,0,0
6,0,2,0,53,46,274,0,0
3,0,1,0,41,901,80,0,0
0,0,0,0,30,1251,11,0,0
3,0,1,1,27,-59,154,0,0
4,0,1,0,61,173,182,0,0
3,0,1,0,39,-99,260,0,0
3,1,1,0,26,309,210,0,0
5,1,1,0,36,733,176,2,0
2,2,1,1,47,2,104,0,0
3,1,1,0,26,154,1010,2,0
1,1,1,0,34,1313,427,4,0
3,0,1,0,40,1954,1107,0,0
0,1,0,1,40,867,145,0,0
6,0,1,1,52,393,446,8,0
0,0,0,1,44,0,129,0,0
0,0,1,0,35,97,135,0,0
1,1,0,0,33,0,56,0,0
3,2,1,0,40,0,266,0,0
3,0,2,1,34,1255,188,0,0
6,1,1,1,26,512,75,0,0
3,0,2,1,46,174,108,0,0
0,0,-1,0,43,595,518,0,0
0,0,0,1,51,248,139,3,0
2,0,0,0,39,2,180,0,0
1,0,2,0,39,644,110,0,0
3,1,1,0,37,336,152,0,0
1,1,1,0,30,486,335,0,0
1,2,1,0,49,3394,14,0,0
4,2,0,1,58,499,181,0,0
6,0,1,0,42,798,80,1,0
4,0,2,0,40,-407,905,0,0
8,0,1,1,47,351,174,1,0
0,0,0,0,34,351,193,0,0
1,0,1,1,41,-366,29,0,0
3,2,2,0,52,29,223,1,0
3,0,1,0,36,325,119,2,0
4,0,0,0,76,0,170,0,0
7,0,0,1,35,182,379,0,0
1,0,-1,0,53,619,198,0,0
1,0,1,0,32,2556,269,0,0
0,1,0,0,36,4543,252,0,0
5,0,1,0,41,5110,231,0,0
2,0,0,1,44,1080,566,0,0
3,1,1,0,28,2909,205,0,0
3,0,1,1,33,379,263,0,0
8,0,2,0,43,731,360,0,0
1,0,1,0,32,444,63,0,0
5,1,1,0,51,726,409,8,0
0,1,0,0,30,502,463,6,0
5,1,-1,0,41,419,442,3,0
5,0,1,0,58,1455,119,0,0
3,0,1,0,49,119,78,0,0
3,1,1,1,56,663,819,0,0
0,0,0,0,55,154,70,3,0
7,0,1,0,31,131,294,1,0
1,0,0,1,42,239,191,0,0
5,1,1,0,39,0,22,0,0
6,1,1,0,24,0,280,0,0
0,0,0,0,34,630,54,0,0
1,1,1,0,33,161,66,0,0
0,1,0,0,46,593,190,0,0
0,2,1,0,54,-415,290,0,0
5,1,0,0,36,3819,398,0,0
10,1,1,0,26,108,235,3,0
5,0,1,0,35,3187,171,1,0
0,0,0,0,49,224,68,0,0
0,0,0,1,52,25,170,0,0
9,0,0,0,34,677,37,0,0
0,0,0,0,39,1373,386,0,0
5,1,1,0,33,2717,185,0,0
3,0,2,0,50,42,170,0,0
3,0,1,1,38,-367,354,0,0
5,0,2,0,59,1040,733,0,0
0,1,1,0,35,83,90,0,0
0,2,0,0,55,1633,128,0,0
1,1,0,0,38,103,490,0,0
1,1,1,0,48,540,106,0,0
5,0,1,0,26,1595,54,0,0
3,2,2,1,56,285,73,0,0
6,0,1,0,36,1981,48,0,0
5,1,1,0,26,82,228,0,0
2,1,0,0,35,1295,952,1,0
6,1,1,1,28,0,133,0,0
0,1,0,0,31,3340,213,3,0
-1,0,1,0,36,179,14,0,0
3,1,1,0,30,-42,86,0,0
9,0,1,0,47,2524,105,0,0
2,0,0,0,45,0,50,0,0
8,0,2,0,48,484,399,0,0
3,0,1,0,28,1072,630,4,0
0,0,0,0,30,0,178,0,0
1,0,0,0,37,-86,91,0,0
3,1,1,0,29,7531,50,0,0
0,1,0,0,32,0,148,0,0
3,0,1,0,26,647,357,1,0
6,1,1,1,30,1487,207,0,0
3,0,2,0,53,0,114,0,0
1,0,0,1,50,0,337,6,0
1,0,1,1,31,504,52,0,0
1,0,1,0,41,4711,401,0,0
7,0,1,0,52,-332,70,0,0
3,0,1,0,31,175,179,0,0
3,0,1,0,35,4635,148,0,0
1,0,1,0,47,912,1036,0,0
3,0,1,0,37,489,24,0,0
5,1,1,0,31,1801,306,0,0
3,0,1,1,28,214,332,0,0
2,0,1,0,38,8,339,0,0
3,0,1,0,36,708,43,0,0
3,0,2,0,51,3185,187,0,0
9,1,1,0,48,1385,270,0,0
6,0,1,0,50,206,154,0,0
0,1,0,0,33,8514,131,0,0
0,0,0,0,48,269,109,0,0
-1,0,1,0,54,1157,98,0,0
6,1,1,0,25,3217,24,0,0
8,0,1,1,43,0,183,13,0
1,0,1,1,41,225,63,0,0
6,0,1,0,44,29312,226,0,0
3,0,1,0,52,782,93,0,0
8,0,2,0,48,5462,29,0,0
1,1,1,0,26,3070,409,0,0
3,0,1,0,40,876,208,0,0
0,1,0,0,31,2137,132,0,0
3,0,1,0,53,-71,91,0,0
7,0,1,1,31,0,327,0,1
1,1,1,0,45,-55,124,0,0
0,0,0,1,32,3107,165,1,0
1,1,1,0,23,356,224,2,0
4,0,0,0,60,10500,56,0,0
6,1,1,1,43,620,155,0,0
6,0,1,0,44,-146,256,0,1
0,0,0,1,35,1725,180,7,0
3,0,2,0,49,186,241,0,0
5,0,1,0,32,347,155,0,0
0,1,0,0,28,810,137,0,0
3,0,2,1,42,0,209,0,0
3,0,2,0,57,52,38,0,0
5,0,-1,0,56,2038,405,1,0
0,0,0,0,60,3301,2621,0,0
9,0,0,0,23,1226,350,0,0
1,1,1,0,31,1170,120,0,0
5,2,1,0,54,1872,439,0,0
6,0,1,0,34,0,248,0,0
0,0,0,0,37,860,818,15,0
7,0,1,1,42,2130,146,0,0
3,0,2,0,58,0,535,0,0
3,0,1,1,51,16,145,0,0
3,0,1,0,40,59,420,0,0
5,1,1,0,28,659,70,0,0
4,2,2,0,76,86,192,0,0
0,1,0,0,30,2344,316,3,0
0,1,0,0,26,943,166,1,0
3,0,2,0,42,-97,216,5,0
6,2,1,0,45,864,183,0,0
2,0,0,1,37,1649,140,0,0
1,1,1,0,26,24299,704,0,0
5,2,1,1,49,-212,469,1,0
10,1,-1,0,30,4468,204,0,0
5,0,1,0,42,105,1159,0,0
0,0,0,0,50,37,869,0,1
5,1,1,0,33,32,43,0,0
5,1,1,1,24,926,191,0,0
6,0,0,0,39,16,32,0,0
7,0,1,0,37,111,179,0,0
3,1,2,0,37,315,352,0,0
0,2,0,0,38,162,323,0,0
8,2,1,0,56,763,181,0,0
3,0,2,0,56,0,1222,0,0
6,1,1,0,27,1347,824,11,0
10,1,1,0,21,557,197,0,0
1,2,1,0,42,19,875,0,0
0,1,1,0,31,36,105,0,0
3,0,1,0,34,-1725,452,0,0
1,0,1,0,32,-213,310,0,0
0,0,0,0,47,0,508,0,0
1,1,1,0,29,544,360,0,0
3,0,2,0,47,613,49,2,0
6,1,1,0,36,-267,99,1,0
4,0,2,0,59,3648,1321,0,0
3,1,1,0,35,278,60,0,0
3,0,1,0,38,1370,472,0,0
7,0,0,0,37,208,350,0,0
0,0,2,1,44,5418,58,0,0
7,0,0,1,40,3059,41,1,0
3,0,1,0,34,360,46,2,0
2,0,1,0,41,30,460,0,0
9,0,2,0,32,727,68,0,0
5,1,1,0,38,393,184,0,0
5,0,1,0,56,105,80,0,0
7,0,1,0,39,266,102,0,0
9,0,0,0,42,0,112,0,0
3,0,1,1,37,-59,56,0,0
3,1,1,1,32,313,67,0,0
0,0,0,0,35,0,436,0,0
0,0,0,1,49,176,102,0,0
1,0,2,1,55,202,60,0,0
5,1,0,0,33,102,83,0,0
3,0,2,1,45,0,36,5,0
5,0,1,0,40,0,13,7,0
1,0,0,0,38,1161,665,0,0
5,0,1,0,56,20,130,0,0
6,1,1,0,57,2236,51,2,0
1,0,0,1,47,1694,560,0,0
1,0,1,0,55,312,13,3,0
0,1,0,0,36,538,339,5,0
6,1,1,0,25,-439,293,0,0
6,1,1,1,30,0,95,0,1
1,1,1,0,27,2731,30,0,0
6,0,1,0,53,1364,77,0,0
3,0,1,0,50,378,155,0,0
1,1,1,1,34,4943,117,0,0
3,0,1,0,33,2502,285,1,0
0,0,0,0,34,362,38,0,0
3,1,1,0,31,239,666,1,0
3,0,1,0,57,1404,119,0,0
1,0,0,0,36,167,57,0,0
10,1,1,0,21,6844,126,7,0
0,0,0,0,70,13297,579,0,0
0,0,0,1,42,1686,522,0,0
0,1,0,0,27,1623,161,1,0
3,0,1,1,29,2,171,0,0
8,0,1,0,57,7357,604,0,0
1,2,1,1,37,-230,224,0,0
5,2,0,0,36,4708,104,0,0
5,1,1,0,27,1408,242,0,0
10,1,-1,0,33,5969,110,7,0
1,0,0,0,54,446,67,0,0
0,0,0,1,41,251,85,0,0
3,0,2,0,34,500,324,0,0
8,0,2,0,56,3391,243,0,0
0,0,0,1,36,1125,339,0,0
3,0,1,0,42,3168,764,0,0
5,0,1,0,48,178,228,0,0
3,2,2,1,52,55,186,0,0
1,0,1,1,51,536,53,0,0
8,0,2,0,56,5496,330,0,0
1,1,0,0,32,4071,319,0,0
0,0,0,0,41,653,60,0,0
5,1,0,0,34,4254,714,0,0
0,0,0,0,44,1646,292,1,0
0,0,1,1,48,-440,399,0,0
4,0,2,0,60,-2,75,0,0
8,0,1,0,51,107,79,0,0
7,0,1,1,49,358,176,0,0
3,0,1,0,26,-82,23,0,1
5,0,2,0,27,395,122,0,0
6,0,1,0,44,1326,96,0,0
0,0,0,1,35,1473,176,0,0
0,1,0,0,34,163,44,0,0
0,1,0,0,32,999,50,0,0
5,0,1,0,55,865,105,2,0
3,1,1,0,25,303,265,0,0
1,1,2,0,56,145,124,2,0
0,1,0,1,34,125,18,0,0
1,1,0,0,31,13711,1532,0,0
0,0,0,0,46,37,239,0,0
4,0,1,0,56,296,128,0,0
3,1,1,1,29,13654,528,0,0
5,0,1,0,43,477,476,0,0
3,2,2,0,44,75,614,1,0
0,1,0,0,40,0,228,6,0
2,2,-1,0,59,0,956,0,0
4,0,2,0,57,9367,700,7,0
3,0,1,0,38,99,191,0,0
6,0,1,0,55,4263,93,0,0
3,1,2,0,34,246,81,0,0
0,0,0,0,43,1429,1015,2,0
6,0,1,0,39,1099,134,0,0
4,0,1,1,65,2326,276,0,0
0,0,0,0,30,3,67,0,0
0,0,-1,0,57,0,585,0,0
8,1,1,0,24,119,51,0,0
8,0,1,0,44,-407,119,0,0
3,1,2,0,39,656,190,0,0
2,2,0,0,46,148,61,5,0
1,0,1,0,36,300,287,0,0
6,1,1,0,31,297,229,0,0
6,1,1,0,31,-45,246,0,0
0,1,0,0,49,354,166,0,0
5,1,1,0,26,255,209,2,0
10,1,1,0,25,469,524,2,0
1,0,1,0,54,2500,62,0,0
10,1,0,0,28,385,203,0,0
4,0,0,0,76,2991,195,2,0
3,0,1,0,34,123,218,0,0
9,2,1,0,60,387,235,0,0
0,1,0,0,31,24870,634,0,0
0,1,0,0,36,-78,1068,0,0
0,2,0,0,33,2885,1051,0,0
0,0,0,0,37,1428,333,0,0
4,0,2,0,89,0,157,0,0
0,1,0,0,35,0,276,0,0
5,0,1,0,53,578,59,0,0
0,1,0,0,33,1271,636,1,0
0,0,0,0,52,575,315,0,0
5,0,1,1,32,344,255,0,0
2,0,0,1,37,1514,568,0,0
3,0,2,0,55,571,323,0,0
6,0,1,0,46,6913,781,0,0
3,0,2,0,48,490,622,0,0
0,0,0,0,34,1778,99,3,0
1,0,1,0,41,112,55,0,0
1,1,1,0,33,-363,214,0,0
6,0,1,0,32,1082,770,0,0
6,0,2,1,52,171,223,0,0
4,0,1,0,79,8304,456,9,0
1,0,1,0,38,565,93,0,0
3,1,1,0,32,1670,183,0,0
8,0,1,0,35,533,802,0,0
0,0,0,0,50,511,36,0,0
6,1,0,0,42,94,151,6,0
3,0,1,0,35,975,102,0,0
1,1,0,0,33,2412,91,2,0
4,0,1,0,72,4269,122,0,0
0,0,1,1,30,877,92,0,0
7,0,1,0,43,14144,504,0,0
3,0,2,0,41,574,449,0,0
0,0,0,0,32,5910,75,0,0
3,0,1,0,49,1568,206,0,0
8,0,2,0,43,-178,191,0,0
3,1,1,0,33,228,110,4,0
6,0,1,0,33,386,253,4,0
0,1,0,0,26,390,325,0,0
3,1,2,1,27,1659,447,0,0
5,2,1,1,33,818,301,0,0
9,0,0,0,51,990,189,0,0
7,0,2,0,51,106,366,2,0
3,0,2,0,33,198,121,0,0
7,0,1,0,41,0,197,0,0
1,1,1,0,28,1363,431,1,0
1,0,1,0,38,0,71,0,0
3,0,2,0,42,574,357,2,0
1,2,1,1,47,32,137,0,0
3,0,2,0,59,11066,86,0,0
0,0,0,0,46,1103,185,3,0
0,2,0,0,43,0,134,0,0
3,1,1,0,28,402,632,0,0
1,2,1,0,39,1222,451,0,0
8,1,2,0,25,129,176,0,0
1,2,1,1,39,688,233,1,0
3,0,1,0,33,-63,126,1,0
0,0,0,0,51,10635,336,0,0
0,0,0,0,40,0,1410,0,0
4,2,2,1,59,-110,195,0,0
4,0,1,0,59,5744,632,0,0
1,1,1,0,30,5,120,0,0
3,0,2,0,51,3844,195,1,0
3,0,1,0,31,203,426,0,0
3,1,1,0,44,276,13,6,0
1,1,1,0,26,3,610,0,0
8,0,1,0,41,5608,64,0,0
8,1,0,0,40,7968,263,2,0
0,1,0,0,33,1724,252,0,0
8,0,0,0,58,1333,278,0,0
7,0,1,0,59,1986,139,0,0
3,0,1,0,60,751,115,0,0
4,2,1,0,58,19,271,0,0
6,1,1,0,32,3993,148,0,0
1,2,1,0,39,566,46,0,0
3,0,1,0,29,912,785,0,0
4,0,1,0,66,4785,72,0,0
6,0,1,0,38,250,72,0,0
0,0,0,1,29,1,49,0,0
1,0,1,1,51,371,287,0,0
10,1,1,0,23,480,162,0,0
1,1,0,0,27,3083,244,0,0
-1,0,-1,0,42,222,80,0,0
0,0,0,0,33,0,290,0,0
0,0,0,0,54,95,104,0,0
1,0,2,0,36,0,584,0,0
1,2,1,0,31,0,256,0,0
3,0,2,0,35,108,200,0,0
4,0,2,0,80,997,746,1,0
3,0,1,0,29,177,146,0,0
4,0,2,0,62,1515,131,2,0
1,1,0,1,28,75,233,0,0
3,0,1,0,53,20,106,0,0
0,0,0,1,37,597,96,0,0
0,1,0,1,35,474,372,0,0
5,1,1,1,38,-211,166,0,0
3,1,1,0,29,369,174,3,0
7,1,1,0,60,27,40,0,0
1,0,1,0,52,2206,20,0,0
1,0,1,0,31,1868,213,0,0
5,2,1,0,49,-203,364,0,0
1,0,1,0,49,997,118,0,0
0,2,0,0,43,36,118,2,0
1,2,1,1,26,379,501,0,0
3,0,1,1,40,1386,396,4,0
0,0,0,0,42,251,413,0,0
1,0,1,0,60,1139,67,2,0
3,0,1,0,28,631,151,0,0
1,0,1,0,38,0,82,0,0
3,1,0,0,39,172,248,1,0
0,0,0,0,30,1390,552,0,0
0,0,0,0,37,984,180,0,0
3,1,0,0,34,97,67,0,0
3,2,2,1,42,145,27,0,0
1,1,0,0,33,1636,165,0,0
0,0,1,0,33,0,407,0,0
6,0,1,0,40,471,430,0,0
5,1,1,0,41,0,286,0,0
1,1,1,1,40,57,102,0,0
0,1,0,0,31,0,155,0,0
0,0,0,0,32,3387,1111,0,0
5,1,1,0,31,410,182,1,0
3,0,2,0,38,195,165,0,0
3,1,2,0,29,80,678,0,0
0,2,0,0,50,0,57,0,0
5,0,-1,0,43,1998,48,0,0
0,2,0,0,48,757,90,0,0
3,0,1,1,52,-397,151,0,0
0,2,0,0,38,4425,162,0,0
3,0,2,0,58,1406,252,0,0
9,0,0,0,35,1265,326,4,0
10,1,1,0,24,0,74,0,0
0,0,0,0,58,2076,49,0,0
5,0,1,0,37,0,185,0,0
2,2,1,0,60,80,397,0,0
0,0,0,0,42,254,288,4,0
6,0,1,0,31,393,328,0,0
0,2,0,1,37,42,125,0,0
5,0,1,0,30,4,172,0,0
0,2,0,0,48,313,208,0,0
0,0,0,0,35,1870,134,1,0
3,0,1,0,35,1088,362,0,0
5,2,1,0,37,-113,5,0,0
0,0,0,1,51,248,78,0,0
3,1,-1,0,35,217,107,0,0
3,0,1,0,32,222,298,0,0
0,1,0,0,34,2835,107,0,0
8,0,2,0,42,259,155,0,0
3,0,1,0,53,-135,193,0,0
0,1,0,0,34,4687,10,0,0
5,0,1,0,34,642,351,0,0
0,2,-1,0,57,0,95,0,0
0,1,0,0,32,336,64,0,0
5,0,0,0,29,332,179,0,0
3,0,1,0,42,352,79,0,0
10,1,1,0,25,1116,119,5,0
0,1,0,0,38,1602,215,0,0
3,1,1,0,28,643,308,0,0
0,2,0,0,41,5037,252,5,0
1,0,1,0,34,5553,798,5,0
5,2,1,1,44,449,195,0,0
0,0,0,0,39,-1212,26,0,0
2,0,0,0,35,512,659,0,0
6,2,1,0,44,-2,152,0,0
4,2,2,0,77,2693,83,12,0
-1,0,-1,0,46,2505,135,0,0
1,0,1,0,60,21,172,0,0
6,2,1,0,50,622,93,0,0
3,1,1,1,46,374,23,2,0
3,1,1,0,26,1,36,0,0
4,0,2,0,58,10628,189,0,0
3,2,1,0,33,0,374,0,0
2,0,0,0,45,3689,517,3,0
6,0,1,1,44,191,490,0,0
1,1,1,0,38,1130,96,1,0
7,1,1,0,26,551,531,0,0
0,0,0,0,58,0,120,0,0
2,0,1,0,35,1309,73,0,0
6,1,1,0,31,0,400,0,0
5,0,1,0,43,132,574,3,0
0,2,0,1,33,-634,163,1,0
1,2,0,0,50,1044,400,0,0
3,1,1,0,32,1047,89,0,0
5,1,1,0,28,520,113,1,0
1,0,1,0,58,786,165,0,0
0,0,0,0,50,3327,74,0,0
1,2,0,1,32,0,80,0,0
0,1,0,0,45,871,230,0,0
1,0,1,0,33,711,78,0,0
9,0,1,0,44,829,47,0,0
3,0,2,0,39,476,212,4,0
5,0,1,0,26,284,11,0,0
2,0,1,0,36,313,167,1,0
3,0,1,0,51,1440,309,0,0
7,0,0,0,33,631,51,0,0
3,0,1,0,49,26,276,0,0
0,1,0,0,26,2506,210,1,0
3,0,1,1,46,120,121,3,0
0,2,1,0,41,71,60,0,0
3,0,1,0,53,3815,75,3,0
10,1,1,0,26,85,278,0,0
3,1,2,0,31,-495,334,0,0
3,2,2,0,43,3550,1154,0,0
1,0,2,0,49,230,96,0,0
9,0,1,0,60,283,138,0,0
0,0,0,0,61,477,377,1,0
7,2,0,0,61,52587,394,1,0
5,0,1,0,36,402,482,0,0
6,0,1,0,50,1321,271,0,0
0,0,0,0,47,3158,282,0,0
5,0,1,0,51,0,78,0,0
6,1,1,0,27,230,5,0,0
0,0,0,0,35,1613,95,0,0
3,0,-1,0,45,1263,283,0,0
3,0,2,0,54,532,73,0,0
0,0,0,1,45,4693,148,0,0
3,1,2,0,27,268,32,0,0
9,0,2,0,55,2603,559,0,0
4,0,2,0,74,1765,290,0,0
5,1,0,0,28,373,126,0,0
7,1,2,0,45,112,298,0,0
1,0,1,1,57,3071,63,0,0
3,0,1,0,31,191,40,0,0
3,1,-1,0,44,2167,1273,0,0
4,0,0,1,48,4,70,0,0
7,0,2,0,43,9304,362,0,0
0,1,0,0,42,10907,74,0,0
-1,1,-1,0,47,1819,180,0,0
0,0,0,0,50,1477,283,0,0
5,0,0,0,37,0,115,0,0
1,0,1,0,37,1633,229,0,0
0,0,0,0,33,516,245,0,0
3,0,1,0,52,1493,94,0,0
10,1,0,0,39,2103,588,0,0
0,0,2,1,33,91,113,0,0
3,1,2,0,30,17,125,0,0
6,1,0,0,47,0,96,0,0
9,2,0,0,54,1241,17,0,0
0,1,0,0,32,11797,95,0,0
3,1,2,0,55,1187,113,2,0
0,0,0,0,55,6770,167,0,0
0,0,0,1,41,0,211,0,0
6,0,1,0,30,517,141,0,0
-1,0,1,0,57,2,112,0,0
5,0,2,0,52,2255,178,0,0
4,0,2,0,33,171,304,0,0
0,0,0,1,32,1683,72,0,0
0,1,0,0,54,2419,139,0,0
9,0,2,1,42,-209,90,0,0
3,0,1,1,31,326,124,0,0
0,0,0,0,29,0,91,0,0
0,0,0,1,31,527,98,1,0
1,0,1,1,47,80,74,1,0
5,1,1,0,34,0,197,0,0
3,0,-1,0,48,2201,364,0,0
1,1,0,0,30,3,45,2,0
0,0,0,1,50,1622,58,0,0
3,0,2,0,50,162,924,0,0
5,0,1,0,31,35,315,1,0
1,1,1,0,32,29,156,0,0
1,0,0,0,33,-370,108,0,0
2,1,0,0,42,231,241,0,0
0,0,0,0,52,-1112,94,0,0
1,0,1,1,44,16486,275,0,1
3,0,1,0,44,797,246,0,0
6,0,1,0,60,4428,125,6,0
2,0,1,0,40,285,261,1,0
2,2,0,1,59,-869,113,0,0
9,1,1,1,35,-122,97,0,0
3,0,1,0,32,10287,281,1,0
1,2,1,0,52,643,270,0,0
5,0,1,0,41,1309,568,0,0
3,0,-1,0,58,2516,303,0,0
1,0,1,0,43,253,111,0,0
0,0,1,0,35,53,378,0,0
4,0,1,0,53,4968,109,2,0
0,0,0,0,36,0,60,1,0
5,1,1,1,42,1143,106,0,0
1,1,0,0,39,1190,136,0,0
4,0,1,0,56,3948,484,3,0
3,2,2,0,49,15,550,0,0
3,2,1,0,58,916,244,0,0
3,0,1,0,29,3310,344,2,0
0,0,0,1,60,3895,28,0,0
1,1,1,0,40,572,67,2,0
6,2,2,0,46,3854,541,4,0
3,0,2,0,43,0,30,0,0
5,1,1,0,42,664,113,0,0
0,2,0,0,34,4231,382,0,0
3,0,1,0,28,134,262,0,0
3,0,2,1,60,93,125,0,0
6,0,1,1,47,-835,231,0,0
3,1,1,0,33,1794,360,1,0
7,2,0,0,50,387,221,0,0
3,0,1,1,34,1710,187,0,0
3,0,2,0,39,95,230,0,0
1,0,1,0,41,768,214,0,0
0,0,0,0,34,4859,113,1,0
1,0,1,0,31,30,133,0,0
0,1,1,0,33,0,99,0,0
1,1,0,0,28,387,455,0,0
1,1,0,0,38,1101,800,0,0
0,2,1,0,41,0,438,0,0
6,1,1,0,28,1636,97,2,0
4,2,2,0,83,4565,175,0,0
1,0,1,0,47,677,131,0,0
6,2,-1,0,46,3390,152,0,0
0,1,0,0,34,29,248,0,0
5,0,1,1,54,3729,597,1,0
6,1,0,0,28,2474,262,0,0
1,0,1,0,32,348,926,0,0
4,2,1,0,47,47,489,0,0
8,1,0,0,23,993,409,4,0
4,0,1,0,63,708,168,0,0
6,0,1,0,44,634,226,0,0
0,0,0,0,34,986,105,0,0
0,0,0,0,42,-409,290,0,0
4,0,2,0,65,308,400,0,0
3,0,1,0,51,22,336,0,0
3,1,2,1,23,-627,115,0,1
1,0,0,0,32,1868,186,0,0
3,0,1,0,42,-921,115,0,0
0,0,0,0,39,3518,440,0,0
8,0,1,0,31,20,304,1,0
0,0,0,0,35,8,55,0,0
1,0,1,0,40,56,77,0,0
1,1,0,0,38,1727,182,0,0
0,0,0,0,43,228,55,1,0
4,0,2,0,60,0,68,1,0
3,0,1,0,41,-217,313,3,0
5,0,1,0,31,1661,100,0,0
5,0,1,0,42,818,255,0,0
0,1,1,0,33,219,19,0,0
5,1,0,0,49,228,407,1,0
1,0,1,0,32,449,106,0,0
1,1,1,0,26,252,706,0,0
1,1,0,0,37,-487,358,5,0
5,1,1,1,30,330,115,0,0
6,1,1,0,21,361,329,1,0
3,0,2,0,51,0,166,0,0
3,2,2,1,44,-97,197,4,0
0,1,0,0,32,499,182,2,0
6,0,-1,0,53,2009,250,0,0
3,0,2,1,29,459,202,1,0
3,1,1,0,39,1961,216,0,0
6,1,1,0,46,389,46,0,0
3,0,2,0,44,185,249,0,0
4,0,1,0,57,2774,299,0,0
4,0,1,0,86,1503,165,1,0
4,2,1,1,58,-397,386,0,1
3,1,2,0,33,433,54,0,0
0,0,0,0,50,830,60,0,0
6,0,1,0,37,741,88,0,0
1,0,1,1,46,4,78,0,1
1,1,1,0,28,100,70,0,0
5,0,1,1,31,88,189,0,0
1,0,-1,0,53,8605,635,0,0
0,0,1,0,36,80,251,0,0
6,2,1,0,27,10,527,0,0
0,2,1,1,51,-175,270,0,0
9,1,0,0,29,19,274,1,0
5,1,1,0,40,2002,113,0,0
2,0,2,0,41,0,630,0,0
6,1,1,0,32,38,66,0,0
5,0,1,1,34,353,126,0,0
6,1,1,1,26,512,206,3,0
6,0,2,0,27,921,141,0,0
1,0,1,0,42,613,432,0,0
0,0,0,0,33,808,12,0,0
5,1,0,0,35,0,327,0,0
0,0,-1,0,53,12001,207,0,0
3,1,1,0,35,11671,190,0,0
0,1,0,0,37,1449,291,0,0
3,0,1,0,47,1968,394,0,0
3,0,2,0,45,2388,317,0,0
6,1,1,0,23,870,316,0,0
1,0,1,1,36,366,136,0,0
5,1,0,0,31,355,609,0,0
1,1,1,0,32,471,379,0,0
9,0,2,0,51,2499,309,0,0
3,0,2,0,33,0,173,0,0
0,2,2,0,42,0,73,0,0
1,0,1,0,42,769,187,1,0
10,1,1,1,32,61,178,7,0
5,0,-1,0,37,892,269,0,0
1,0,1,0,51,-192,57,0,0
3,1,2,1,30,3195,134,0,0
8,0,0,0,39,11787,104,0,0
1,1,1,0,35,1183,21,2,0
2,1,-1,0,42,323,617,0,0
0,0,0,0,56,616,293,2,0
1,0,1,0,35,222,233,6,0
3,0,2,0,49,953,278,0,0
2,0,2,0,43,629,70,4,0
0,2,0,0,58,26254,49,0,0
0,0,0,0,34,2611,235,0,0
5,0,1,1,51,37,206,0,0
0,1,1,0,30,0,405,0,0
5,1,1,0,33,91,400,0,0
6,0,2,0,56,444,432,0,0
3,0,1,0,52,372,478,0,0
4,0,0,0,68,2812,279,1,0
5,0,1,0,42,383,146,0,0
3,0,1,0,39,293,160,0,0
3,0,2,0,37,708,51,0,0
1,0,1,1,41,64,210,0,0
4,0,2,1,55,2325,87,0,0
2,0,0,0,32,11591,43,0,0
1,2,1,0,33,558,258,3,0
3,0,1,0,53,65,25,0,0
6,0,1,1,37,3429,81,0,0
1,2,1,1,33,-305,109,0,1
1,0,0,0,36,341,282,0,0
9,0,0,0,50,6181,1162,0,0
1,0,1,1,59,2342,226,0,0
3,0,2,0,34,3868,134,1,0
0,1,0,0,25,493,301,0,0
5,0,1,0,34,396,101,0,0
5,0,1,0,57,999,68,0,0
1,0,0,1,47,-813,85,25,1
4,0,2,1,59,174,145,0,0
8,0,1,0,42,4544,77,0,0
3,2,2,0,43,92,237,0,0
0,1,0,0,37,254,120,0,0
5,2,0,0,31,146,297,0,0
7,0,1,0,50,0,352,11,0
0,0,0,0,42,386,168,0,0
6,0,1,1,34,27,249,0,0
3,0,1,0,36,406,826,0,0
1,2,1,0,44,26,190,0,0
9,2,1,0,40,1194,517,2,0
10,1,1,0,24,387,340,0,0
1,2,1,0,39,411,17,0,0
1,1,1,0,38,0,10,0,0
6,0,1,0,37,483,188,0,0
9,1,1,0,34,1408,245,0,0
8,0,1,0,30,476,99,0,0
0,0,0,0,52,1209,97,0,0
4,0,1,0,64,504,157,3,0
3,0,1,0,35,260,155,0,0
3,0,2,1,31,-199,149,10,0
0,0,0,0,35,506,193,0,0
0,0,0,0,46,-319,80,1,0
3,0,1,0,45,7895,872,0,0
1,0,1,0,33,95,26,0,0
0,0,0,1,41,0,55,0,0
0,1,0,0,53,1074,523,0,0
6,1,1,0,39,26,166,0,0
8,0,1,0,36,1453,386,0,0
3,0,1,0,36,0,332,0,0
6,0,1,1,48,109,113,0,0
0,0,0,1,45,1447,461,0,0
0,0,2,0,56,13,240,0,0
6,0,1,0,40,37,356,0,0
10,1,1,1,25,548,281,0,0
1,0,1,1,55,517,47,4,0
4,0,1,0,57,-222,248,0,0
0,0,0,0,33,530,94,0,0
3,0,2,0,27,713,152,0,0
0,1,0,0,26,6791,164,0,0
0,0,0,0,39,0,811,0,0
6,0,1,0,36,136,244,0,0
0,1,0,0,29,0,16,0,0
1,0,1,0,40,1716,226,0,0
3,0,2,0,42,271,84,0,0
3,0,2,0,39,7304,216,0,0
0,0,0,0,35,8,93,0,0
0,2,0,0,33,166,278,0,0
0,0,0,0,36,203,139,0,0
5,1,0,0,33,622,243,0,0
5,2,1,0,45,984,298,0,0
2,0,1,1,52,3332,182,0,0
3,1,-1,0,39,3912,223,0,0
0,0,0,0,47,2351,80,0,0
2,0,0,0,50,-52,166,0,0
0,0,0,0,32,937,90,2,0
1,1,1,1,26,-525,417,0,0
0,2,0,0,56,1263,155,0,0
3,0,-1,0,40,874,75,0,0
3,0,1,0,39,679,341,0,0
3,0,1,1,52,1039,146,0,0
6,1,1,0,28,340,821,0,0
0,0,1,1,60,164,171,0,0
4,0,2,0,65,493,348,2,0
2,0,2,0,39,13930,337,0,0
4,0,2,0,57,65,588,0,0
3,0,1,0,37,790,262,0,0
0,0,2,1,51,57,61,0,1
0,1,0,0,29,172,34,0,0
0,0,0,0,39,564,136,0,0
0,0,0,0,52,193,381,1,0
8,0,1,1,29,39,184,0,0
0,0,0,1,51,79,209,0,0
5,1,1,0,51,726,89,0,0
3,0,1,0,37,965,119,0,0
9,2,2,0,82,1381,86,1,0
0,0,0,0,33,876,1287,0,0
1,1,1,0,39,4646,486,0,0
3,0,1,1,40,1028,319,0,0
3,0,0,0,46,3745,82,0,0
9,0,2,0,60,0,138,0,0
6,0,2,0,51,-553,149,0,0
0,1,0,0,41,1278,344,0,0
0,1,0,0,25,1628,91,0,0
1,2,1,0,47,1013,170,3,0
3,0,1,1,40,0,245,0,0
5,0,1,1,30,-366,102,0,0
5,0,1,0,60,1914,65,3,0
6,0,0,0,46,2520,144,0,0
0,0,0,0,32,81,120,0,0
5,2,1,1,29,1320,489,0,0
0,0,0,0,37,-22,128,0,1
1,2,1,0,36,1451,192,17,0
0,0,0,0,47,437,133,0,0
0,1,0,0,30,697,179,2,0
3,0,1,0,32,25,28,3,0
3,1,1,0,28,1364,75,0,0
5,1,0,0,25,40,64,0,0
3,0,2,0,38,7944,116,0,0
3,0,1,0,46,624,201,0,0
1,0,1,0,34,351,467,0,0
0,1,0,0,35,51,90,0,0
4,2,0,0,57,66,798,0,0
3,0,1,0,40,2073,166,0,0
9,0,0,0,48,468,220,0,0
1,0,1,0,37,157,238,0,0
0,1,0,0,37,146,135,3,0
3,0,1,0,31,1660,342,0,0
4,2,0,0,72,438,279,0,0
-1,0,1,0,62,367,139,0,0
0,0,0,1,38,5432,408,1,0
5,1,1,0,34,1103,89,0,0
0,0,0,0,56,3172,139,0,0
4,0,0,0,58,44,12,0,0
3,1,1,0,26,5,54,0,0
1,1,0,1,29,172,271,16,0
6,0,2,0,41,450,122,2,0
3,1,1,0,33,381,1957,0,0
3,0,1,0,35,-172,14,0,0
9,2,1,0,42,3253,18,0,0
0,1,1,0,41,5548,128,0,0
6,1,1,0,27,-1,60,0,1
5,0,1,0,39,598,444,0,0
6,0,1,0,49,1314,834,0,0
3,1,1,0,30,214,364,0,0
3,0,1,0,31,1664,603,2,0
1,0,0,0,37,5239,67,0,0
0,2,0,0,43,3578,376,0,0
0,0,0,0,31,0,298,0,0
7,0,0,0,31,1134,174,0,0
4,0,1,0,58,983,139,0,0
6,0,1,0,36,0,54,0,0
0,0,0,0,34,1784,43,0,0
0,1,0,0,46,2987,318,0,0
1,2,1,0,41,611,157,0,0
5,1,-1,0,32,2692,99,0,0
0,0,0,1,54,148,42,0,0
1,2,1,0,41,4047,14,1,0
1,2,1,0,55,4,1048,0,1
0,0,0,0,31,2344,221,0,0
1,0,1,1,52,-1,166,0,0
3,0,1,0,40,668,156,1,0
0,0,1,0,29,-420,77,0,0
3,1,1,0,31,4415,329,0,0
1,0,1,0,35,254,153,0,0
1,1,-1,0,41,454,267,0,0
5,2,2,1,47,357,134,0,0
5,0,1,0,35,159,259,1,0
4,0,1,0,75,291,350,2,0
3,0,-1,0,35,1084,1019,0,0
0,0,0,0,43,40,147,0,0
8,0,1,0,41,510,61,0,0
1,0,0,0,30,81,51,0,0
4,0,2,0,49,2665,67,0,0
0,0,0,0,37,751,186,0,0
6,0,1,0,34,-102,185,0,0
1,1,0,0,30,290,485,0,0
3,0,1,0,36,1704,179,0,0
0,2,1,0,50,-35,207,0,0
1,0,2,0,53,0,96,0,0
6,0,1,0,33,931,263,0,0
1,0,1,0,40,1232,175,0,0
0,0,0,0,53,811,405,0,0
1,0,1,1,45,-237,71,0,0
3,1,1,0,52,288,159,0,0
6,0,2,0,39,324,340,4,0
3,1,2,0,29,722,78,1,0
10,1,1,0,24,822,106,0,0
1,0,1,0,33,221,669,4,0
2,0,0,0,48,313,195,0,0
0,0,0,0,29,451,152,2,0
0,2,0,0,57,160,303,0,0
0,1,0,0,49,5689,470,3,0
10,1,0,0,29,163,249,0,0
2,0,0,0,34,1076,1121,10,0
0,0,0,0,52,2428,294,3,0
5,0,1,0,52,692,129,0,0
0,2,0,0,44,0,146,0,0
1,1,0,0,31,1166,119,1,0
3,0,1,0,46,524,15,0,0
7,1,-1,0,53,289,502,0,0
1,1,1,0,37,0,80,0,0
8,0,1,0,34,978,262,1,0
5,0,1,0,47,368,403,6,0
3,0,1,1,40,252,140,0,0
0,0,0,0,37,3737,224,0,0
3,0,2,1,47,254,492,0,0
1,0,1,1,43,-754,727,0,0
2,2,0,0,55,1730,156,0,0
4,0,1,0,78,220,220,0,0
3,1,1,1,28,517,91,1,0
8,0,2,0,37,236,101,0,0
2,0,2,1,44,276,219,0,0
6,1,1,0,50,1716,272,0,0
1,2,0,0,35,692,129,0,0
1,0,1,0,40,66,29,0,0
5,0,1,0,26,1641,118,0,0
3,0,1,0,31,1326,689,0,0
3,0,2,0,55,663,230,0,0
0,0,0,0,54,884,91,0,0
3,0,1,1,36,13,150,0,1
9,0,2,0,41,3291,125,0,0
0,1,-1,0,58,127,244,0,0
0,0,0,0,37,539,540,3,0
2,0,2,0,41,236,151,0,0
3,0,2,0,45,2433,133,0,0
0,1,0,0,26,170,160,1,0
2,0,0,0,50,230,1089,0,0
0,2,0,1,41,846,206,0,0
3,1,1,0,25,543,302,0,0
3,0,2,0,24,456,337,0,0
2,0,2,0,46,171,52,0,0
1,0,1,0,46,1740,333,0,0
6,1,1,0,49,308,96,0,0
1,0,1,1,44,296,169,0,0
10,1,1,0,24,1234,314,2,0
3,2,1,0,42,898,136,1,0
8,1,1,0,27,0,153,0,0
0,0,0,0,53,115,336,0,0
6,0,1,0,33,4963,148,0,0
4,2,2,0,79,336,386,1,0
-1,0,1,0,43,1926,89,0,0
6,0,1,0,31,3181,128,0,0
3,0,2,0,34,0,149,0,0
3,1,1,0,33,1254,584,0,0
5,1,1,0,30,186,390,0,0
6,0,1,0,37,0,126,0,0
1,2,1,0,42,37,28,0,0
3,0,2,0,31,11,399,0,0
0,0,0,0,37,727,176,0,0
0,0,0,0,52,1147,43,0,0
5,0,1,0,34,0,78,0,0
3,0,2,0,57,1502,269,0,0
0,0,0,0,40,270,362,0,0
0,1,0,0,29,3846,313,0,0
5,0,2,0,46,40,591,0,0
3,0,1,0,42,130,285,0,0
4,0,1,0,63,2747,113,1,0
3,0,-1,0,36,17983,100,0,0
0,0,0,0,39,5142,157,0,0
3,0,2,0,34,-167,201,0,0
3,1,1,0,32,2696,564,1,0
0,1,0,0,30,77,267,0,0
3,0,2,0,57,630,52,0,0
6,0,1,1,41,33,82,0,0
4,0,1,0,58,571,54,0,0
7,0,0,0,43,10072,145,4,0
0,2,0,1,57,-676,100,1,0
3,1,1,0,33,0,511,0,0
3,0,2,0,38,433,116,0,0
10,1,1,0,22,4132,34,0,0
0,2,0,0,32,530,170,0,0
0,0,0,0,33,956,115,0,0
0,2,0,0,59,3368,260,0,0
2,0,1,0,44,2878,125,0,0
1,1,1,0,22,283,254,0,0
0,0,0,0,30,549,59,0,0
1,0,1,1,34,210,211,1,0
0,0,-1,0,31,0,763,0,0
0,0,1,0,35,291,327,0,0
6,0,1,0,34,1182,124,0,0
1,0,1,0,39,0,84,0,0
0,1,0,0,36,1246,63,0,0
3,0,1,0,41,-256,147,0,0
1,1,0,0,32,388,58,2,0
3,1,2,0,26,37,121,0,0
3,0,2,0,39,157,290,0,0
3,0,1,0,49,1854,173,0,0
10,2,0,0,35,100,50,0,0
5,1,1,0,55,645,123,0,0
7,0,0,0,42,2821,203,0,0
6,0,2,0,43,2557,165,3,0
0,0,1,1,58,60,291,0,0
7,0,1,0,37,1633,629,0,0
5,0,1,0,52,118,105,0,0
10,1,1,0,28,459,83,0,0
0,1,0,0,36,156,122,0,0
2,0,0,1,55,323,200,0,0
6,2,1,0,38,904,361,1,0
1,2,-1,0,56,56,439,0,0
3,1,2,0,32,36,290,0,0
5,1,1,1,31,431,1045,0,0
2,0,1,1,48,0,431,0,0
0,1,0,0,41,1373,81,0,0
0,0,0,0,58,4265,96,0,0
3,0,-1,0,26,407,346,0,0
0,0,0,0,32,2414,439,0,0
1,0,0,1,51,1347,160,1,0
6,0,-1,0,30,4471,424,0,0
1,0,1,0,34,-255,179,0,0
6,1,1,0,31,334,54,0,0
3,0,2,0,48,3304,409,0,0
10,1,1,0,23,0,297,6,0
1,0,1,0,52,195,110,3,0
10,1,0,0,25,1189,165,0,0
2,0,1,0,56,5838,116,2,0
3,0,1,1,42,388,437,0,0
6,0,1,1,33,0,487,0,0
4,0,1,0,64,1612,362,4,0
0,0,-1,0,46,638,68,0,0
3,0,1,0,32,-238,427,0,1
3,0,1,0,42,681,203,0,0
1,2,1,0,54,258,294,0,0
0,0,0,1,34,396,166,0,0
1,0,0,0,34,0,129,0,0
0,1,0,1,45,997,152,0,0
4,0,1,1,55,-185,463,0,0
5,1,1,1,52,1964,332,0,0
1,2,1,0,32,3345,1200,0,0
3,0,2,0,32,183,308,3,0
1,1,1,0,30,158,144,0,0
3,0,2,1,29,410,297,0,0
8,1,0,0,39,7,931,0,0
5,1,1,0,23,252,56,0,0
1,0,1,0,46,-337,112,0,0
4,2,2,0,61,876,40,0,0
6,0,1,0,33,70,333,0,0
5,0,2,0,67,1093,64,0,0
5,2,1,0,46,7378,466,0,0
2,0,1,0,42,0,331,4,0
1,0,1,0,44,945,190,0,0
7,0,1,0,27,-220,138,0,0
1,2,1,0,35,787,683,0,0
7,0,0,0,48,929,223,0,0
3,1,1,0,27,20,175,3,0
1,0,0,0,30,1307,248,0,0
0,1,0,0,36,223,281,0,0
6,2,1,0,38,446,373,0,0
2,1,0,0,28,219,257,0,0
3,0,2,0,40,60,325,0,0
4,0,2,0,42,0,186,0,0
9,0,0,0,39,94,181,0,0
0,0,0,0,41,6563,136,0,0
5,0,1,0,41,3126,222,7,0
0,0,0,0,45,1309,367,0,0
0,0,0,1,33,349,62,0,0
3,1,1,0,38,745,281,0,0
1,0,1,0,37,5953,1113,0,0
3,1,1,0,32,3036,52,0,0
3,0,2,0,44,2135,61,0,0
3,0,-1,0,45,586,168,0,0
1,0,1,0,44,2316,81,0,0
5,1,1,0,50,330,24,0,0
8,0,1,0,33,1211,456,0,0
1,2,1,0,43,1326,93,0,0
5,0,1,0,52,941,89,0,0
3,0,2,0,31,295,235,0,0
0,1,0,0,32,776,361,0,0
7,1,0,0,27,147,111,0,0
0,1,0,0,27,3347,311,0,0
2,1,0,0,31,566,333,0,0
9,0,0,0,33,4958,434,0,0
3,1,1,0,34,-72,273,0,0
3,1,1,0,51,936,253,0,0
2,1,-1,0,44,323,332,2,0
0,1,0,1,26,122,160,0,0
3,0,1,0,32,-63,198,0,0
3,1,1,0,32,322,233,0,0
1,0,1,0,38,275,277,1,0
1,0,1,1,44,370,64,0,0
1,0,1,0,47,17206,125,0,0
3,0,1,0,28,1020,251,0,0
7,0,0,1,48,16,214,0,0
3,0,2,0,42,-303,40,0,0
0,0,0,0,31,5889,237,0,0
-1,0,-1,0,57,2266,42,0,0
7,0,0,0,50,202,107,4,0
1,0,1,0,26,876,713,0,0
3,0,2,0,31,63,256,0,0
0,0,0,0,38,1,342,0,0
-1,0,-1,0,53,549,74,0,0
1,0,2,0,55,818,185,3,0
5,0,1,0,37,373,98,0,0
0,1,1,0,28,171,324,1,0
6,1,1,0,31,0,223,0,0
6,0,1,0,43,2478,157,0,0
1,1,1,0,54,224,134,0,0
8,1,0,0,28,0,125,0,0
3,0,1,1,34,-304,178,0,0
5,2,1,0,41,270,143,1,0
1,0,0,0,41,3700,136,0,0
5,1,1,0,30,1018,58,0,0
6,0,1,0,56,4309,465,0,0
2,0,0,0,42,0,236,0,0
3,0,2,1,48,456,289,0,0
4,0,1,1,55,4230,163,0,0
7,1,0,0,27,139,144,0,0
0,0,0,0,56,334,127,0,0
1,0,0,0,34,352,288,1,0
6,0,1,1,55,-31,81,0,0
0,0,0,0,32,1501,70,0,0
3,2,2,0,51,602,347,2,0
3,0,2,1,41,-204,42,0,0
0,1,0,0,35,6781,19,0,0
0,1,1,0,48,61,198,0,0
3,0,2,0,60,1138,116,0,0
4,0,2,0,70,8897,692,0,0
3,1,2,0,39,323,138,0,0
9,0,2,0,51,492,142,0,0
4,0,0,0,73,2575,152,0,0
3,1,1,0,29,336,197,0,0
4,0,2,0,45,0,290,0,0
1,2,0,0,43,123,279,0,0
6,0,1,0,46,4780,105,0,0
3,0,2,1,57,133,173,0,0
0,0,0,0,39,710,211,0,0
1,0,1,1,32,473,292,0,0
1,0,1,0,32,-360,131,2,0
2,0,2,1,37,8,46,0,0
6,0,1,0,33,387,327,2,0
6,0,1,0,57,530,10,7,0
0,1,0,0,28,21,219,0,0
3,0,1,1,52,955,153,3,0
1,1,0,0,32,543,385,0,0
3,0,2,0,47,333,118,4,0
3,0,1,0,30,203,18,0,0
3,0,1,0,48,0,105,0,0
1,0,2,0,57,0,58,0,0
2,0,0,1,36,99,393,0,0
3,0,-1,0,36,1023,184,0,0
10,1,1,0,26,655,190,0,0
0,0,0,0,64,3951,134,1,0
0,1,1,0,45,451,142,0,0
3,0,2,0,35,21,121,0,0
1,1,1,0,33,2466,132,0,0
4,2,0,1,60,439,464,1,0
4,0,1,0,70,1024,278,0,0
0,0,0,0,63,0,130,6,0
6,1,1,0,23,870,296,4,0
1,0,0,0,57,624,224,0,0
1,1,-1,0,32,491,251,7,0
3,2,2,0,46,216,173,0,0
0,0,0,0,35,0,543,0,0
0,0,0,0,42,9261,120,0,0
1,0,1,0,43,434,117,0,0
5,2,1,0,39,160,156,0,0
1,0,1,1,41,2125,285,4,0
0,2,0,0,46,558,319,0,0
3,0,1,0,39,263,365,0,0
8,0,1,0,29,-25,143,0,0
0,2,0,1,44,476,127,0,0
0,1,0,0,25,89,274,0,0
1,0,1,0,52,-1076,58,0,0
0,1,1,1,30,269,1165,0,0
4,0,0,0,66,3,550,0,0
3,0,2,0,38,3242,198,1,0
3,0,2,0,45,328,174,0,0
0,2,0,0,58,5701,92,2,0
1,1,-1,0,40,3652,1028,0,0
10,1,1,0,27,1177,133,0,0
0,0,0,0,39,12855,108,1,0
1,0,1,0,26,523,221,1,0
6,1,1,0,34,0,307,0,0
3,1,2,0,35,85,213,1,0
6,1,2,0,50,148,198,0,0
3,0,1,0,40,1451,314,0,0
9,0,2,1,27,3,64,0,0
0,1,0,1,40,1820,173,0,0
1,1,1,0,33,-244,63,0,0
5,0,1,1,30,1265,414,0,0
7,0,0,1,57,-3313,153,0,1
3,1,1,0,24,3,311,0,0
3,2,2,0,43,515,199,1,0
3,1,1,0,23,525,180,0,0
6,0,1,0,52,992,342,2,0
3,0,1,0,36,0,338,0,0
0,0,1,0,32,1477,111,0,0
1,0,0,0,41,139,781,0,0
3,1,1,0,24,171,151,0,0
7,0,1,0,35,-3,438,0,0
0,1,0,0,31,874,190,0,0
0,0,0,1,54,-248,112,0,1
7,0,1,0,33,173,26,0,0
8,2,1,1,36,1366,131,0,0
6,0,1,1,52,1579,158,0,0
1,1,1,0,29,113,328,4,0
6,0,1,0,38,43,213,0,0
1,1,0,0,34,759,265,0,0
1,2,2,1,60,-85,58,0,0
3,1,1,1,26,6,360,0,0
1,0,1,0,33,-805,208,0,0
3,0,1,1,46,398,128,0,0
4,0,1,1,56,20,153,0,0
6,0,1,0,55,617,529,0,0
0,1,0,0,25,3902,856,0,0
5,0,1,0,42,176,201,0,0
5,0,2,0,57,1694,378,0,0
1,2,1,0,43,-414,590,0,0
0,2,0,0,57,2549,456,2,0
7,0,0,0,39,3246,491,0,0
1,1,0,0,34,586,489,0,0
1,0,0,0,35,7050,278,1,0
0,0,0,0,49,579,201,0,0
8,0,1,0,48,0,35,0,0
1,2,1,0,49,265,274,0,0
5,0,1,0,53,1252,128,0,0
0,1,0,0,32,0,196,0,0
3,1,2,0,42,50,294,0,0
1,0,1,0,43,576,229,0,0
0,0,0,1,37,108,262,0,0
2,0,1,0,29,926,169,0,0
0,0,0,0,40,315,321,0,0
3,0,2,0,54,0,101,0,0
0,2,0,0,51,1028,178,0,0
2,1,0,0,52,3469,583,1,0
10,1,1,0,25,1608,664,0,0
5,2,1,1,33,-331,186,3,0
9,0,2,0,41,46,268,0,0
1,2,1,0,60,-50,433,0,0
3,0,2,0,42,1156,37,0,0
3,0,-1,0,36,6,41,0,0
1,1,1,0,37,6714,90,0,0
3,0,2,0,40,48,100,0,0
4,0,2,0,59,-119,289,0,0
4,0,2,0,57,1335,902,0,0
3,0,1,0,60,1801,167,0,0
8,1,0,0,35,2340,420,0,0
6,0,1,0,46,2202,83,0,0
0,2,0,0,38,155,25,0,0
4,0,2,0,61,56,288,0,0
6,0,1,0,38,5,115,0,0
3,1,1,0,24,1421,209,0,0
6,0,1,0,33,1631,366,0,0
5,0,1,0,43,-879,199,0,0
1,1,1,0,32,719,79,0,0
9,0,2,0,59,370,425,0,0
1,1,0,0,30,4060,179,1,0
0,0,1,0,40,4396,432,0,0
5,1,0,0,24,-61,95,0,0
3,0,2,0,30,3,147,0,0
4,0,1,0,63,243,114,0,0
6,0,1,0,47,459,599,0,0
3,0,1,0,33,61,129,0,0
5,0,1,1,52,2347,603,0,0
3,0,1,0,55,840,310,0,0
5,0,1,0,49,197,223,2,0
5,1,1,0,29,306,774,0,0
5,0,1,0,38,253,515,0,0
1,0,1,0,35,1387,114,0,0
7,0,1,0,42,634,61,0,0
1,0,2,0,40,164,398,0,0
1,0,1,1,55,6958,178,0,0
1,0,0,0,32,231,177,0,0
5,2,1,0,50,175,112,0,0
3,0,1,0,56,317,112,0,0
3,0,1,0,36,0,636,0,0
0,1,1,0,46,1605,126,0,0
7,2,1,0,26,165,162,0,0
6,0,1,0,45,-158,340,0,0
0,1,0,1,54,1464,425,0,0
0,2,0,0,56,-563,79,0,0
5,1,-1,0,29,2083,94,0,0
0,0,0,0,30,6432,206,3,0
6,0,1,0,35,-197,103,0,0
2,0,0,1,38,1514,160,3,0
6,1,1,0,32,48,8,0,0
9,0,2,0,49,249,450,0,0
6,0,0,1,36,2167,120,0,0
0,2,1,0,54,155,75,0,0
0,0,0,1,30,126,75,0,0
6,0,1,1,38,0,184,0,0
7,0,1,0,60,3105,178,0,0
7,1,0,0,32,444,101,0,0
5,0,1,0,34,79,83,0,0
6,0,1,0,29,68,119,0,0
0,2,0,0,42,580,216,0,0
0,1,1,0,32,0,139,0,0
3,1,2,0,44,36,551,2,0
3,0,1,0,31,604,99,2,0
6,1,1,0,40,326,242,2,0
7,0,0,0,54,368,7,0,0
0,0,0,0,43,1429,1030,3,0
0,0,0,0,34,123,301,0,0
3,1,1,1,35,505,109,0,0
5,1,1,0,45,206,193,0,0
0,0,0,0,38,536,248,0,0
4,0,2,0,61,421,112,0,0
3,0,1,1,34,1650,351,0,0
0,0,0,0,30,1119,199,0,0
0,1,0,0,35,1531,127,0,0
1,1,0,0,29,2489,1002,2,0
1,1,1,0,32,12,173,0,0
0,1,1,0,35,356,20,7,0
6,2,1,0,31,1016,20,1,0
7,0,0,1,31,5,635,2,0
3,0,1,0,53,813,23,0,0
3,0,2,0,45,-485,122,0,0
8,1,1,0,38,804,1087,0,0
1,1,1,1,38,884,113,3,0
0,1,1,0,31,20,141,0,1
10,1,0,0,33,882,311,0,0
1,2,1,0,37,-24,33,0,0
6,1,1,1,23,495,302,0,0
6,0,1,0,39,64,100,0,0
5,2,1,0,33,-403,217,0,0
5,0,1,0,34,1655,49,0,0
3,0,2,0,49,1536,400,0,0
5,1,1,0,36,135,308,0,0
6,0,1,0,40,1116,350,2,0
1,0,1,1,51,564,187,0,0
0,0,2,0,25,168,801,0,0
4,0,2,0,81,122,201,0,0
3,0,1,1,47,-337,366,0,0
6,0,1,0,39,186,433,0,0
8,0,2,0,35,3,90,0,0
5,1,-1,0,46,0,378,0,1
3,0,1,0,56,471,104,2,0
3,0,2,1,32,-145,273,0,0
0,0,0,0,53,2124,123,0,0
8,0,1,0,28,293,230,3,0
5,0,1,0,57,2137,132,0,0
3,0,2,1,49,3652,568,2,0
3,0,1,0,38,67,74,2,0
5,1,1,0,41,386,125,0,0
0,0,0,0,34,557,513,0,0
3,0,1,0,43,4309,43,0,0
4,0,0,0,63,133,104,0,0
0,0,0,0,31,325,1139,0,0
0,1,0,1,30,502,572,0,0
3,0,1,0,45,-96,517,0,0
0,1,0,0,35,2928,54,0,0
5,1,0,0,32,2004,141,1,0
0,0,0,0,44,4333,68,0,0
4,0,2,0,71,4657,93,0,0
3,0,-1,0,47,-345,18,0,0
3,0,1,1,41,2044,234,0,0
3,0,1,0,43,-179,335,0,0
1,1,0,0,26,8839,932,0,0
0,0,0,0,32,322,101,0,0
5,0,0,0,47,97,340,0,0
0,1,0,0,50,709,207,0,0
1,0,0,0,51,4455,85,0,0
0,2,0,0,53,253,202,0,0
3,0,2,0,36,95,255,0,0
9,0,0,0,57,2326,378,0,0
4,0,0,0,67,2841,62,0,0
5,1,1,0,30,648,54,0,0
3,0,2,0,42,188,53,0,0
7,1,0,0,28,25,618,0,0
0,1,0,0,34,3244,131,0,0
3,0,2,1,34,218,260,0,0
0,1,0,0,29,0,155,1,0
5,0,1,0,40,1010,283,0,0
6,2,1,1,39,-96,38,0,1
9,0,2,0,79,0,90,0,0
1,0,1,0,45,2403,147,1,0
4,0,2,0,59,363,400,0,0
3,0,1,0,33,245,437,8,0
1,0,1,1,37,163,9,0,0
5,2,1,0,46,207,485,0,0
0,0,0,0,40,-29,406,0,0
0,0,0,0,36,85,249,0,0
6,0,1,0,57,68,65,0,0
7,0,2,0,44,614,85,0,0
1,0,1,0,46,0,77,0,0
1,1,1,0,43,463,266,0,0
3,0,1,0,28,17,8,0,0
10,1,1,0,19,96,106,0,0
3,0,1,0,33,983,9,0,0
1,1,1,0,28,1,364,0,0
4,1,0,0,60,305,137,3,0
1,1,0,0,35,2650,133,0,0
3,1,1,0,33,33,557,0,0
1,1,1,0,27,1601,390,0,0
3,0,1,0,46,265,541,0,0
0,1,0,0,26,0,176,0,0
0,1,1,0,33,1558,97,0,0
6,0,2,0,48,483,119,0,0
1,0,1,0,50,8001,52,0,0
0,0,2,0,59,3694,21,0,0
3,0,1,0,34,322,10,0,0
0,0,0,0,37,393,62,2,0
2,0,1,0,47,404,125,0,0
1,2,1,0,35,213,46,0,0
3,0,2,0,44,228,273,1,0
0,0,0,0,29,727,87,0,0
1,1,0,0,36,670,122,1,0
3,0,1,0,36,0,87,4,0
5,0,1,0,42,641,111,1,0
0,1,0,0,27,7944,99,1,0
3,0,2,0,46,5393,997,0,0
5,1,0,0,39,2600,77,0,0
5,1,1,1,38,245,71,2,0
6,0,0,0,37,0,11,1,0
0,0,1,1,57,2155,82,0,0
0,0,0,0,36,495,187,9,0
3,0,2,0,61,1115,197,0,0
0,0,0,0,40,24450,73,0,0
4,0,1,0,56,0,413,0,0
3,0,1,0,45,-54,372,0,0
5,2,1,0,40,399,246,0,0
1,0,1,0,34,806,253,1,0
3,0,-1,0,43,117,170,1,0
3,0,1,0,35,1098,19,0,0
9,2,2,0,57,395,125,0,0
3,0,2,0,44,318,287,0,0
0,0,0,0,31,2,234,0,0
3,0,2,0,42,479,391,0,0
5,0,1,1,50,512,77,3,0
0,0,0,0,33,685,72,0,0
3,0,1,1,38,526,553,0,0
3,0,2,0,39,1135,35,0,0
3,0,1,0,48,154,70,0,0
1,1,0,0,30,405,128,1,0
1,1,-1,0,29,1729,479,0,0
0,0,0,0,52,0,197,0,0
3,0,-1,0,40,0,699,0,0
5,1,1,0,46,849,508,0,0
4,0,1,0,64,588,366,2,0
6,0,1,0,31,1670,185,0,0
5,0,1,0,33,1467,85,0,0
0,1,0,0,36,1089,126,0,0
3,0,1,1,44,274,409,0,0
3,0,1,0,33,328,216,0,0
1,0,0,0,33,8023,107,3,0
3,1,1,0,28,2528,190,0,0
8,0,1,1,43,511,191,5,0
1,0,1,0,35,2189,256,0,0
1,0,0,1,51,1347,116,2,0
7,1,0,0,32,519,72,0,0
1,0,1,0,37,1580,92,0,0
6,1,1,0,28,0,452,0,0
1,0,1,1,47,-149,504,0,0
4,0,2,0,86,1255,247,3,0
6,1,1,0,33,192,255,0,0
5,2,1,0,50,-500,148,0,1
3,0,1,1,48,-19,270,0,0
5,2,1,0,47,162,203,0,0
1,0,1,0,52,851,87,0,0
6,1,1,0,28,117,133,0,0
3,0,2,0,40,-335,260,0,0
1,0,2,0,57,0,98,0,0
6,0,1,1,36,0,201,0,0
3,1,1,0,34,215,329,3,0
3,0,2,0,44,10,196,0,0
0,0,0,0,60,0,401,0,0
7,1,0,0,37,676,133,0,0
3,0,2,0,51,0,234,0,0
0,0,0,0,35,100,120,0,0
0,2,1,1,57,0,144,0,0
3,2,1,0,38,887,722,0,0
3,1,1,0,28,1705,412,0,0
7,0,2,0,33,0,139,0,0
1,0,1,0,34,508,795,0,0
4,0,1,0,77,638,453,0,0
5,0,2,0,49,169,82,0,0
5,2,1,0,28,451,302,1,0
5,0,1,1,35,160,304,0,0
0,0,0,0,31,8279,533,0,0
6,1,1,0,29,1008,426,0,0
8,0,1,0,35,315,70,0,0
4,0,1,0,72,1129,208,1,0
0,1,0,0,29,1035,862,0,0
4,0,1,0,44,902,206,0,0
1,2,0,0,42,2517,569,0,0
3,0,1,0,35,5639,945,0,0
1,1,1,0,39,0,194,0,0
9,1,2,0,28,332,385,0,0
0,1,0,0,28,187,295,0,0
3,0,1,0,51,19,292,0,0
0,0,0,0,37,3654,262,2,0
3,0,1,0,36,0,332,0,0
3,1,2,0,34,79,336,0,0
1,2,1,0,44,1262,788,0,0
1,1,1,0,55,11,14,0,0
0,2,0,0,38,4335,640,0,0
6,0,1,0,30,357,215,4,0
7,1,0,0,41,3950,96,0,0
7,1,0,0,40,10346,491,1,0
5,1,1,0,35,57,173,0,0
0,0,0,0,40,0,138,0,0
9,0,2,1,49,57,151,0,0
3,0,2,0,49,3103,26,0,0
0,0,0,0,32,2976,174,0,0
5,1,1,1,31,437,173,0,0
3,0,1,0,34,0,562,0,0
5,0,1,1,43,-150,62,3,0
1,1,1,0,30,958,112,0,0
1,0,1,0,34,-56,197,0,0
0,0,0,0,35,1942,249,0,0
9,1,0,0,47,456,139,0,0
0,0,0,1,56,505,171,2,0
1,0,0,0,46,405,138,0,0
5,1,0,0,31,1583,207,0,0
3,0,1,1,48,684,139,0,0
9,0,2,0,33,1,135,0,0
3,1,1,0,36,5396,490,0,0
0,1,0,1,48,31,154,0,0
5,0,1,1,27,133,338,0,0
1,0,-1,0,39,195,74,0,0
6,1,1,0,33,2881,289,1,0
3,0,1,1,28,144,7,0,0
3,0,1,0,49,-417,13,0,0
6,1,1,0,37,174,134,2,0
6,1,1,0,31,91,111,0,0
0,0,0,0,33,540,79,0,0
0,1,0,0,41,11008,1540,0,0
4,2,1,0,59,1,335,0,0
1,1,0,0,27,1075,529,1,0
3,0,1,0,54,844,8,18,0
5,2,0,0,53,122,98,0,0
6,0,1,0,35,302,137,1,0
3,0,1,0,38,622,611,0,0
7,0,0,1,30,543,1449,0,0
1,2,1,1,47,1194,113,0,0
1,0,1,0,57,0,44,0,0
5,0,1,0,35,100,171,0,0
0,1,0,0,32,2223,10,0,0
1,1,0,0,27,1526,342,0,0
0,1,1,0,28,1633,233,1,0
6,1,1,0,26,5533,582,4,0
5,1,1,0,27,4590,131,3,0
0,0,0,1,42,2,336,0,0
1,2,1,0,36,5957,138,0,0
0,1,0,0,31,350,359,0,0
9,0,0,0,38,1437,100,0,0
0,0,0,0,59,1857,128,0,0
0,0,0,0,35,76,283,9,0
4,0,1,1,60,879,62,0,1
0,2,0,0,45,2813,43,0,0
3,0,1,0,49,203,167,0,0
3,1,-1,0,35,88,272,0,0
0,0,0,0,42,0,98,0,0
6,0,1,0,38,797,62,0,0
5,1,1,1,40,419,100,0,0
9,0,2,0,83,2140,109,8,0
5,1,1,0,26,125,92,6,0
4,0,-1,0,78,38,156,3,0
6,1,1,1,30,114,110,0,0
0,1,0,0,31,596,184,2,0
2,0,2,1,51,726,87,0,0
5,1,1,0,45,0,38,0,0
6,0,-1,0,56,628,96,0,0
0,0,0,0,38,1198,63,0,0
3,1,1,0,31,259,287,0,0
1,0,1,0,32,169,85,1,0
5,1,1,0,24,290,80,4,0
7,2,1,0,44,8,423,0,0
0,0,0,0,43,1712,254,0,0
3,0,1,0,33,640,439,0,0
3,0,2,0,56,136,270,0,0
0,2,0,0,41,1064,81,0,0
6,0,1,0,29,57,342,0,0
0,1,0,1,46,46,107,0,0
8,2,1,0,48,583,68,0,0
5,2,1,1,40,399,166,2,0
2,2,0,0,50,315,249,1,0
7,2,1,1,44,80,387,0,0
1,0,0,0,32,415,76,0,0
5,2,1,1,53,0,586,0,0
4,0,2,1,58,193,788,0,0
0,0,0,0,37,8821,167,0,0
6,1,1,0,39,91,213,1,0
5,0,1,0,30,873,119,3,0
1,1,0,0,37,197,531,2,0
8,0,1,0,41,356,80,0,0
6,0,1,1,45,27,43,0,0
6,0,1,1,40,1291,138,0,0
5,0,1,0,47,0,56,0,0
0,0,0,0,59,1831,245,2,0
9,0,2,0,57,53,215,0,0
3,1,1,0,42,583,567,0,0
0,1,0,1,38,83,32,0,0
1,2,1,0,54,-11,168,0,0
5,1,1,0,31,299,492,0,0
6,2,1,1,52,289,102,0,0
1,1,1,1,37,-272,104,6,0
0,1,0,0,54,1439,809,0,0
0,2,0,0,44,96,119,0,0
3,0,1,1,30,5143,236,0,0
4,0,2,1,52,383,299,0,0
3,0,2,0,52,990,96,0,0
-1,1,-1,0,42,1316,285,0,0
1,0,0,0,38,11766,280,0,0
5,1,1,0,35,1537,84,0,0
1,0,0,1,30,101,187,0,0
8,2,2,0,37,849,166,0,0
3,0,2,0,46,57,797,0,0
0,0,1,0,52,189,90,0,0
5,0,1,0,50,159,216,0,0
3,0,2,0,55,842,144,0,0
3,2,2,0,50,1545,25,0,0
5,0,-1,0,34,3,120,0,0
3,0,1,0,44,294,246,2,0
5,0,1,0,44,497,321,2,0
6,0,1,0,52,2993,96,0,0
4,0,1,0,51,0,70,0,0
6,1,1,0,29,32,563,0,0
3,2,0,0,35,3547,289,0,0
5,2,1,0,52,1426,115,0,0
1,0,1,0,49,4785,160,0,0
3,0,2,0,50,746,136,0,0
0,1,0,0,31,10112,90,0,0
3,0,1,0,39,280,147,0,0
0,0,0,0,63,5112,2184,3,0
1,2,0,0,32,3255,167,0,0
-1,0,2,0,35,4144,310,0,0
0,0,0,1,32,500,107,0,0
5,1,0,0,35,2622,374,0,0
3,0,1,0,39,3832,14,0,0
5,1,1,1,28,350,5,0,0
3,0,2,0,39,108,265,0,0
3,0,1,0,36,274,686,0,0
1,0,1,0,41,-312,90,1,0
3,0,-1,1,43,-633,277,0,0
5,1,1,1,25,184,437,0,0
0,0,0,0,37,1352,93,1,0
1,1,1,1,29,142,312,0,0
4,0,1,1,59,377,468,0,0
9,0,2,0,52,256,137,0,0
0,1,0,0,58,2,168,0,0
1,1,1,0,31,-2,131,0,0
6,2,2,0,57,362,91,1,0
4,1,1,0,51,5885,134,0,0
7,0,0,0,56,411,145,0,0
1,0,1,0,27,594,433,0,0
6,0,1,0,26,0,180,0,0
7,2,0,0,58,1382,700,0,0
0,1,0,0,34,647,392,0,0
1,0,0,0,45,970,216,0,0
4,2,1,0,59,1026,669,0,0
7,0,1,0,47,1121,454,0,0
3,2,1,1,49,1869,257,0,0
10,1,1,0,25,703,1100,0,0
1,0,0,0,38,0,112,0,0
9,0,0,0,44,460,491,0,0
4,0,1,0,59,3414,117,0,0
3,0,1,0,37,520,54,2,0
5,0,1,0,34,869,1677,0,0
6,2,1,0,32,1156,488,0,0
1,1,1,0,27,769,317,0,0
5,0,1,0,31,314,279,0,0
2,0,0,0,42,34,272,0,0
3,1,1,0,31,297,279,0,0
3,0,1,1,48,7408,101,0,0
0,0,0,0,49,391,128,0,0
5,1,1,0,34,4436,292,6,0
0,0,0,0,39,1090,11,0,0
9,2,2,0,59,195,366,0,0
9,0,2,0,39,15352,99,0,0
0,0,1,0,42,1607,108,0,0
6,2,1,0,49,470,659,0,0
1,0,0,0,33,300,70,0,0
3,0,2,0,39,800,53,6,0
3,0,1,0,52,1860,496,0,0
6,2,1,0,38,792,430,0,0
0,1,0,0,30,1571,996,0,0
1,1,1,1,26,2,461,0,0
4,0,2,0,85,98,416,0,0
8,0,1,0,32,869,177,0,0
3,2,2,0,51,83,24,0,0
0,0,0,0,34,724,92,0,0
1,0,1,1,32,344,54,0,0
9,0,1,0,57,5631,68,5,0
5,0,0,0,33,957,361,0,0
3,2,2,0,61,1428,82,0,0
5,2,0,0,37,4708,238,2,0
6,0,1,0,53,4994,62,0,0
1,0,1,0,36,15485,461,0,0
1,1,1,0,30,57,465,0,0
5,0,-1,0,45,1557,158,0,0
7,0,1,0,34,-56,248,0,0
1,0,0,0,36,521,347,0,0
3,0,1,1,36,3935,220,0,0
3,1,1,1,31,334,425,0,0
-1,0,-1,0,52,5361,607,0,0
0,0,0,0,43,5523,78,0,0
0,0,2,1,55,621,114,1,0
6,0,1,0,48,2850,107,0,0
8,2,1,0,42,2699,92,0,0
3,2,1,0,44,370,128,1,0
4,0,2,0,66,388,152,0,0
0,1,0,0,29,630,94,0,0
4,0,1,0,47,-71,293,0,0
1,0,1,0,42,55,291,0,1
3,0,1,0,51,7225,301,0,0
3,1,1,0,46,521,502,0,0
5,0,1,0,47,6703,252,0,0
1,0,0,0,52,1785,133,1,0
3,0,1,0,45,2152,92,0,0
9,0,2,0,59,495,150,0,0
1,1,1,1,27,2,554,1,0
8,1,1,0,37,381,985,0,0
0,0,0,0,34,2640,181,0,0
1,0,0,0,35,2518,400,0,0
5,2,1,0,42,-249,149,0,0
1,2,1,1,39,688,214,0,0
0,0,0,0,50,5108,406,2,0
5,1,0,1,31,383,119,1,0
6,2,1,0,49,3250,32,0,0
6,0,1,0,43,3689,165,1,0
3,0,1,0,45,266,277,0,0
0,0,0,0,37,2987,135,1,0
1,2,0,0,53,6503,143,0,0
5,0,1,0,40,438,823,0,0
6,0,1,0,33,1076,88,4,0
5,0,1,0,44,1305,72,0,0
0,0,0,0,41,144,123,0,0
3,1,1,0,30,5,196,0,0
-1,0,1,0,55,1785,339,0,0
0,0,0,0,58,2183,209,0,0
3,2,1,1,50,881,162,0,0
1,2,1,0,47,22,17,0,0
7,0,2,0,43,385,359,0,1
3,0,1,1,37,660,449,0,0
3,0,1,0,53,-711,198,0,0
3,1,1,0,33,687,174,0,0
7,1,2,1,43,1337,632,0,0
3,0,1,1,46,922,151,0,0
6,0,1,0,42,128,148,0,0
6,0,1,0,33,90,263,0,0
0,1,0,0,53,0,595,0,0
1,1,1,0,34,4676,248,0,0
6,0,1,1,31,1062,230,0,0
6,0,1,0,32,3756,85,0,0
6,0,2,1,43,-88,94,0,0
4,0,1,0,56,344,221,0,0
10,1,0,0,28,3026,124,0,0
4,0,2,0,35,285,136,0,0
3,0,2,0,55,2171,138,0,0
1,1,1,0,38,1019,249,0,0
5,0,1,0,42,208,75,0,0
1,2,0,1,46,-243,251,0,0
5,1,1,0,42,-847,137,0,0
1,0,1,0,38,-421,187,5,0
3,0,2,1,29,59,665,0,0
9,0,1,0,41,876,78,0,0
9,0,0,0,51,390,102,0,0
0,2,1,0,47,1208,339,0,0
9,0,2,1,44,-972,114,0,1
1,0,1,0,38,0,1545,0,0
10,1,1,0,28,67,329,2,0
0,1,0,1,38,175,139,0,0
0,1,1,0,44,1012,440,0,0
1,1,0,0,32,632,82,0,0
6,1,1,0,29,-205,194,0,0
7,0,1,0,40,1893,78,0,0
1,2,1,0,49,0,283,0,0
5,1,1,1,33,-300,184,0,0
5,1,1,0,25,53,213,0,0
1,0,1,0,35,1140,69,0,0
4,0,1,1,60,2537,230,0,0
3,0,2,0,60,864,67,0,0
8,2,1,0,37,74,150,0,0
6,1,1,0,32,481,150,4,0
0,1,0,0,48,5904,127,0,0
3,0,1,0,42,193,171,0,0
3,0,1,1,31,557,185,0,0
3,0,2,0,36,214,423,0,0
1,0,2,0,34,1301,56,0,0
5,0,1,0,55,420,41,0,0
0,0,0,0,41,666,106,3,0
4,1,1,0,45,86,64,0,1
0,0,2,0,53,-421,543,0,0
10,1,-1,0,21,210,53,0,0
6,2,1,0,31,1301,140,0,0
0,1,0,0,36,467,305,0,0
1,1,1,0,32,-22,215,0,0
1,0,1,1,51,-491,805,0,0
0,0,0,1,44,254,145,3,0
6,1,0,0,37,223,25,0,0
5,1,1,0,31,-422,64,15,0
3,1,0,0,33,700,169,2,0
0,2,0,1,54,5253,17,0,0
5,1,1,0,29,1,372,0,0
1,0,1,0,34,1254,77,0,0
5,1,1,0,53,2892,527,0,0
1,1,1,0,35,365,256,0,0
6,0,1,0,32,198,320,0,0
6,1,1,0,36,0,398,0,0
3,0,1,0,37,77,381,0,0
0,2,0,0,36,608,125,0,0
2,0,0,0,45,98,761,0,0
3,0,2,0,45,970,208,0,0
1,0,1,0,37,5115,45,0,0
0,0,0,0,34,-30,449,0,1
1,2,1,0,34,-324,166,0,0
1,0,1,0,35,1368,159,3,0
5,1,1,0,24,1295,355,1,0
0,2,0,0,33,893,279,0,0
4,2,0,0,59,4,517,0,0
3,0,1,0,32,824,272,0,0
0,0,0,1,56,318,246,0,0
6,0,1,0,48,0,146,1,0
3,0,1,0,55,388,187,0,0
6,1,0,0,27,9965,662,0,0
1,0,1,0,32,1830,293,0,0
0,0,0,0,56,1390,543,0,0
3,0,2,0,42,0,24,0,0
1,1,0,0,35,817,12,0,0
3,2,2,0,54,215,34,5,0
6,1,1,0,29,-287,196,0,0
3,0,1,0,33,202,377,0,0
1,0,1,0,44,533,153,3,0
5,0,1,1,53,-1601,82,0,0
0,0,0,0,37,3770,106,4,0
3,1,1,0,36,-175,180,0,0
2,1,0,0,44,1240,88,0,0
7,0,2,0,40,42,264,0,0
0,1,0,0,34,1049,55,0,0
4,0,1,0,62,298,709,0,0
1,0,1,0,37,1109,62,5,0
0,0,0,0,36,1477,71,0,0
6,0,1,0,29,3748,322,0,0
6,1,1,0,31,252,222,0,0
3,0,1,0,35,603,474,0,0
1,0,0,0,60,6573,75,1,0
6,2,1,0,34,991,89,1,0
0,0,0,0,55,5709,442,0,0
3,0,1,0,37,0,129,0,0
9,0,2,0,33,212,260,0,0
5,0,1,0,38,424,279,0,0
7,1,1,0,38,4056,69,0,0
2,0,2,0,36,600,538,0,0
6,0,1,0,33,1697,489,1,0
1,0,1,0,40,697,111,0,0
0,0,0,0,43,4004,190,0,0
2,0,0,0,57,958,250,0,0
3,0,2,0,35,300,81,0,0
0,1,0,0,45,5694,214,0,0
1,0,1,0,35,-259,381,2,0
0,2,2,0,52,11,365,1,0
3,0,1,1,57,773,97,0,0
6,0,1,0,32,172,84,0,0
-1,0,1,0,33,335,891,7,0
6,1,1,0,33,133,305,1,0
3,0,2,0,41,201,69,1,0
2,1,0,0,35,1416,100,12,0
1,1,1,0,31,1282,144,2,0
8,1,2,0,36,4148,193,0,0
0,0,0,0,31,8312,43,0,0
3,0,1,1,34,-185,276,0,0
0,1,0,0,32,2629,77,0,0
0,1,0,0,38,470,87,0,0
3,0,1,0,25,59,246,0,0
5,1,2,0,26,-122,670,0,0
3,0,2,0,44,-312,22,0,0
5,1,1,0,28,189,68,0,0
10,1,0,0,22,691,338,0,0
0,0,0,0,54,154,155,0,0
3,1,1,0,26,1006,667,0,0
1,1,1,0,39,2910,157,0,0
0,1,0,0,35,2486,265,0,0
4,2,2,0,59,121,144,0,0
7,1,1,0,26,1018,101,0,0
3,0,1,0,48,1267,195,0,0
0,0,1,1,36,1898,233,0,0
5,0,1,0,33,920,130,2,0
5,2,1,0,48,955,108,3,0
3,0,2,0,55,2144,129,0,0
0,1,0,0,42,433,375,0,0
1,2,1,1,39,807,209,0,0
6,0,1,0,33,4434,265,0,0
7,0,2,0,40,422,187,0,0
1,1,0,0,30,635,851,0,0
1,1,0,1,28,-123,690,0,0
0,2,0,1,51,93,221,0,0
2,0,0,0,33,196,58,0,0
3,0,1,0,34,-7,143,0,1
3,2,1,0,37,-59,169,1,0
1,1,1,0,30,156,157,5,0
10,1,1,0,29,314,465,0,0
5,2,1,0,53,26,56,1,0
-1,0,-1,0,48,3,104,0,0
3,0,2,0,38,298,147,0,0
5,0,1,0,30,-1049,160,0,0
5,0,1,0,48,155,222,0,0
2,0,0,1,51,6659,203,0,0
5,1,1,0,30,1374,207,0,0
3,0,1,1,41,108,203,0,0
1,0,1,0,31,4800,165,0,0
6,0,1,0,48,300,350,0,0
1,1,1,0,30,0,79,0,0
8,2,0,0,34,182,170,0,0
10,1,-1,0,20,179,317,6,0
3,0,2,0,45,675,890,0,0
0,1,0,0,29,2637,179,0,0
3,0,1,1,33,-406,332,0,1
5,2,1,0,38,1314,156,0,0
6,1,0,0,42,94,45,0,0
0,2,0,0,54,5475,1032,4,0
5,0,0,0,51,1463,185,0,0
10,1,0,0,28,270,172,0,0
1,1,0,0,33,516,76,0,0
2,0,1,0,32,135,143,0,0
0,0,0,0,37,21,52,0,0
5,1,1,1,31,0,183,0,0
0,0,0,1,48,1344,69,0,0
10,1,-1,0,36,449,166,0,0
8,0,0,0,54,1180,394,0,0
3,1,1,0,37,1184,149,0,0
1,0,1,1,47,349,112,1,0
6,0,1,1,32,59,202,0,0
1,1,0,0,31,1214,39,0,0
0,0,0,0,32,11281,155,0,0
1,1,1,0,56,751,43,5,0
3,1,1,1,31,-9,115,0,1
3,0,1,0,32,889,185,5,0
0,2,-1,1,44,1784,279,0,0
1,0,1,1,52,-35,165,0,0
6,2,0,0,56,2272,263,0,0
6,0,1,0,58,0,50,0,0
0,0,0,0,52,7,366,0,0
5,0,1,0,38,-295,356,0,0
6,0,1,0,44,3536,106,0,0
0,0,0,0,55,23189,77,0,0
0,1,0,0,39,763,192,0,0
7,0,1,1,28,123,313,0,0
5,1,1,1,41,0,166,0,0
6,0,1,1,48,4300,99,0,0
1,1,1,0,30,500,176,3,0
4,2,2,0,43,5805,111,0,0
6,2,1,0,41,0,126,0,0
5,1,1,0,32,5,593,0,0
3,2,1,0,33,126,248,0,0
1,2,2,0,34,3744,489,0,0
1,0,1,0,46,1975,41,0,0
9,0,2,0,63,3173,154,0,0
1,0,0,0,60,804,36,0,0
1,0,1,0,38,6728,252,0,0
1,1,0,0,34,370,155,0,0
10,1,0,0,29,3054,204,7,0
0,0,1,1,45,1134,102,0,0
8,0,1,0,56,733,21,0,0
9,1,0,0,32,93,495,0,0
3,1,1,0,35,275,243,0,0
2,0,1,0,43,0,6,0,0
7,0,0,0,48,0,100,0,0
7,1,1,1,30,311,198,0,0
3,0,1,0,51,26,79,0,0
-1,0,0,0,58,4150,363,0,0
3,0,2,1,59,14,319,1,0
5,0,1,0,28,317,673,0,0
0,0,0,0,50,596,106,0,0
5,0,1,1,42,-1386,56,0,0
1,2,1,0,52,144,362,0,0
7,1,0,0,40,819,100,0,0
8,1,1,0,33,233,221,0,0
1,1,0,0,28,0,269,2,0
7,0,1,0,53,-488,207,1,0
-1,0,-1,0,77,397,300,0,0
2,1,0,1,30,676,214,0,0
1,0,1,1,29,-547,225,0,0
0,0,1,0,45,315,154,0,0
0,0,0,0,57,2440,391,0,0
0,0,0,1,37,4039,106,0,0
9,0,2,0,76,1483,90,0,0
4,0,1,0,57,1408,202,0,0
6,1,1,0,34,183,259,0,0
5,0,0,0,43,189,1062,0,0
0,0,0,0,31,6290,303,0,0
3,0,2,0,51,-26,47,0,0
3,1,1,0,32,1291,223,1,0
9,0,2,0,60,11904,116,0,0
3,0,1,0,35,628,455,0,0
0,1,0,0,37,457,510,0,0
3,2,1,1,47,25,81,0,0
3,0,2,0,38,447,699,0,0
6,0,2,1,53,171,343,6,0
6,0,1,0,39,124,81,0,0
0,1,1,0,39,4278,43,2,0
0,0,1,0,40,8486,260,0,0
2,1,1,0,31,0,56,1,0
0,0,0,0,38,1276,272,3,0
0,0,0,0,56,982,113,0,0
4,0,1,0,60,78,113,0,0
1,1,1,1,32,-28,400,0,0
0,0,0,0,51,22557,71,0,0
3,0,2,0,44,-315,90,0,0
0,1,0,0,33,9317,267,3,0
5,1,1,0,47,-874,528,0,0
5,0,1,1,47,829,339,0,0
6,0,1,0,52,416,198,0,0
5,0,1,0,39,168,96,0,0
3,0,2,0,49,23,247,0,0
3,0,1,0,59,104,92,0,0
3,0,2,0,32,1261,104,1,0
0,0,0,0,39,63,203,0,0
3,0,1,0,36,3266,94,0,0
5,1,1,0,25,122,286,0,0
3,0,2,0,30,1023,168,0,0
3,0,1,0,45,66,3366,0,0
7,0,0,0,36,254,202,0,0
3,0,1,0,58,279,327,0,0
3,1,1,0,29,874,68,0,0
0,0,0,0,59,474,252,0,0
5,0,1,0,31,389,89,0,0
3,0,2,0,28,46,205,0,0
0,0,1,0,55,0,309,0,0
1,2,1,1,46,0,306,1,0
5,1,-1,0,27,5,225,0,0
1,0,1,0,40,826,174,2,0
1,2,1,0,57,0,360,0,0
3,0,1,0,30,119,281,0,0
6,0,2,0,43,2567,109,2,0
8,0,2,0,41,819,244,0,0
2,0,1,0,45,68,254,0,0
5,0,1,1,26,710,1276,0,0
3,0,2,0,43,4998,93,0,0
0,0,0,0,43,0,124,0,0
-1,0,2,0,55,2074,19,0,0
3,0,2,0,33,3512,697,0,0
8,1,1,0,27,11,257,0,0
1,0,1,0,33,23,53,0,0
7,0,1,0,48,884,118,0,0
3,1,-1,0,37,3044,152,0,0
0,0,1,0,31,55,124,0,0
5,0,1,0,47,3070,663,0,0
0,0,0,0,32,6449,385,0,0
0,1,0,0,31,98,69,0,0
0,0,0,0,57,224,180,0,0
1,1,0,0,28,415,86,0,0
3,2,1,0,39,94,430,0,0
3,2,1,0,36,52,152,1,0
6,1,1,1,43,2444,130,0,0
8,0,2,0,35,859,330,0,0
1,1,1,0,30,281,105,0,0
3,0,1,0,47,39,160,0,0
0,0,0,0,34,1782,17,7,0
6,1,1,0,42,0,67,1,0
6,2,0,0,47,1639,349,0,0
4,0,2,0,61,1060,118,0,0
9,2,1,0,49,0,136,0,0
3,0,1,0,46,1272,164,0,0
4,0,2,1,53,2010,182,0,0
3,0,1,1,36,29,345,0,0
1,0,1,1,51,61,27,0,1
1,0,0,0,41,354,95,0,0
3,0,2,0,41,-692,125,0,0
0,0,0,0,36,51,464,0,0
5,1,0,0,24,805,169,0,0
1,0,0,0,52,104,244,0,0
8,1,1,0,35,3854,132,0,0
0,0,0,0,34,0,60,0,0
3,1,1,0,30,144,259,3,0
5,2,1,0,46,1939,119,0,0
3,1,1,0,27,181,147,0,0
0,1,0,0,29,2063,44,0,0
5,0,1,0,30,482,86,0,0
5,2,1,1,45,-176,574,0,0
3,1,2,0,33,557,91,2,0
5,0,1,0,27,132,123,0,0
7,0,2,0,46,5442,115,0,0
6,0,1,1,26,-236,459,0,0
0,2,0,0,36,210,182,0,0
6,0,1,1,37,22,160,0,0
1,0,1,0,58,760,85,0,0
5,1,0,0,29,261,66,19,0
6,0,1,0,45,1550,143,6,0
3,0,2,1,37,178,72,0,0
5,1,1,0,30,2568,563,4,0
0,1,0,0,30,2,19,0,0
3,1,1,0,27,-208,127,0,0
6,0,1,0,38,7208,66,0,0
1,1,1,0,43,34,29,0,0
1,1,0,0,28,426,11,1,0
2,0,1,0,26,-142,126,0,0
3,0,1,0,34,2436,8,0,0
6,0,1,0,42,1263,114,0,0
2,0,1,1,31,15,190,0,0
3,0,2,0,47,2466,142,0,0
0,0,0,0,56,5282,113,0,0
1,2,1,0,45,976,183,2,0
3,2,1,0,58,-11,112,0,0
4,0,2,0,69,2346,354,0,0
6,0,-1,0,51,5801,147,0,0
2,1,0,0,37,-961,294,0,0
10,1,1,0,35,188,75,5,0
3,1,1,1,27,137,359,0,0
6,0,1,0,41,2399,607,0,0
9,0,0,0,47,333,141,0,0
3,0,2,1,34,251,15,0,0
0,0,0,1,40,16,47,0,0
7,0,1,1,35,734,128,0,0
1,0,1,0,32,175,142,0,0
4,1,1,0,60,-14,121,0,0
3,0,-1,0,36,79,201,0,0
3,0,1,0,60,1433,124,0,0
1,0,1,1,38,821,224,1,0
3,0,2,0,31,229,186,0,0
5,0,1,0,43,584,27,0,0
6,2,1,1,40,5745,37,0,0
3,0,1,0,31,213,74,0,0
3,1,1,0,29,223,1259,0,0
3,0,1,0,27,0,346,0,0
3,0,1,1,36,270,884,0,0
0,0,0,0,51,-516,120,2,0
1,0,1,0,47,2480,763,0,0
3,0,-1,0,40,247,77,0,0
3,0,1,1,46,-221,219,1,0
7,0,0,0,34,0,95,0,0
5,2,1,0,38,382,397,0,0
10,1,1,0,26,611,455,0,0
5,1,1,0,31,78,572,0,0
1,0,1,0,32,687,161,0,0
4,0,2,0,44,779,233,0,0
3,0,1,0,32,1912,42,0,0
4,2,2,0,74,29080,301,4,0
1,1,1,0,44,2403,158,0,0
6,1,1,0,29,2,190,0,0
1,0,1,0,35,2,653,0,0
3,0,1,0,42,363,101,0,0
4,0,2,0,62,383,276,0,0
5,2,1,0,56,3869,79,0,0
7,1,0,0,31,17924,745,3,0
0,1,0,0,33,1590,57,0,0
5,1,1,0,37,192,105,0,0
0,0,0,0,38,276,322,0,0
1,0,0,0,41,532,414,1,0
7,0,0,1,53,290,303,0,0
0,0,0,0,60,2222,1120,0,0
1,1,1,0,31,2305,139,0,0
1,1,1,0,31,11,16,0,0
10,1,1,0,41,595,22,2,0
3,0,1,0,32,2263,113,0,0
6,1,1,0,26,49,397,0,0
10,1,1,0,27,16173,489,0,0
3,0,1,0,34,-61,128,0,0
3,0,2,0,42,2003,177,0,0
3,0,2,1,40,11,83,0,1
2,0,1,0,55,204,455,0,0
3,1,1,0,28,371,159,0,0
3,0,2,0,49,327,138,0,0
8,1,1,0,34,1928,140,0,0
3,0,1,0,33,596,77,3,0
7,0,0,0,52,6657,917,0,0
4,2,2,0,64,315,154,0,0
1,0,1,0,55,10185,248,4,0
1,2,-1,0,54,1725,216,0,0
0,1,0,0,31,12857,158,1,0
0,1,1,0,30,340,136,1,0
5,0,1,0,57,1218,214,0,0
0,1,0,0,33,-149,111,3,0
0,2,0,0,54,2152,226,7,0
5,1,1,1,33,-371,221,4,0
0,2,0,0,56,408,274,0,0
3,2,1,0,37,638,326,2,0
9,0,2,1,57,625,867,0,0
10,1,1,0,29,314,485,1,0
10,1,0,0,30,3115,217,0,0
6,1,1,0,29,0,227,0,0
1,2,0,0,51,363,7,0,0
10,1,-1,0,20,801,244,0,0
1,0,0,0,40,1207,105,0,0
1,0,0,1,46,-369,339,0,0
0,1,0,0,27,587,101,0,0
0,0,0,0,35,1012,105,0,0
1,1,0,0,50,2,2389,0,0
0,1,0,1,34,-444,129,4,0
4,0,2,1,57,592,87,0,0
7,2,1,0,30,92,78,0,0
7,1,0,0,27,362,76,0,0
5,0,0,1,30,42,75,0,0
3,0,1,0,39,2467,207,3,0
1,0,1,0,33,-204,297,0,0
10,1,0,0,23,0,213,0,0
3,0,2,0,40,309,221,0,0
5,1,1,0,27,349,165,0,0
10,1,0,0,28,111,70,0,0
3,0,1,0,31,92,23,0,0
9,0,1,0,41,304,132,0,0
0,2,0,1,35,771,110,5,0
3,0,2,0,44,4581,520,2,0
3,1,2,0,31,660,207,2,0
0,1,0,0,40,89,96,0,0
1,0,1,0,48,7,354,0,0
6,0,1,1,28,7,226,0,0
4,2,0,0,54,726,246,0,0
3,0,1,1,58,-27,77,0,0
1,0,1,0,46,1353,528,0,0
1,0,1,1,41,349,48,0,0
4,2,0,0,60,979,346,4,0
3,0,-1,0,53,2509,231,0,0
6,0,2,0,39,1951,208,0,0
3,0,1,0,46,101,40,0,0
6,2,2,0,52,146,93,0,0
3,0,1,1,34,751,1303,0,0
5,0,1,0,60,290,583,0,0
6,1,0,1,30,136,208,0,0
1,0,1,0,30,1211,176,0,0
0,0,0,0,44,217,203,0,0
6,1,1,0,59,739,408,0,0
3,0,1,0,56,277,9,0,0
3,0,2,0,53,2135,152,0,0
4,0,1,0,53,1004,155,0,0
5,1,1,0,29,3794,249,0,0
2,0,0,0,37,227,283,0,0
0,1,1,0,30,186,235,0,0
1,1,1,0,34,4367,121,0,0
8,2,1,0,46,0,638,0,0
7,0,0,0,47,1917,39,0,0
5,0,2,1,48,3644,1039,0,0
6,0,1,0,46,89,479,0,0
6,1,1,0,36,92,36,0,0
3,1,2,0,34,85,136,0,0
0,0,2,0,42,470,221,0,0
3,0,2,0,26,256,169,0,0
1,0,1,0,40,0,420,0,0
3,0,2,0,43,249,33,2,0
8,0,1,0,59,1047,83,0,0
0,1,0,0,31,0,117,0,0
5,1,1,0,33,1430,74,2,0
0,0,0,0,46,245,42,0,0
0,0,0,0,58,889,121,0,0
3,1,1,0,43,615,97,0,0
3,0,2,1,34,46,165,0,0
5,0,0,0,29,111,208,0,0
1,1,1,0,34,2660,158,1,0
7,0,0,0,36,16430,197,0,0
5,0,2,1,49,305,232,0,0
4,0,1,0,57,486,180,0,0
0,0,0,1,32,9214,71,0,0
5,0,1,0,35,-488,97,0,0
1,1,1,0,26,626,412,0,0
0,0,-1,0,60,264,265,0,0
1,0,1,0,37,729,115,0,0
3,0,-1,0,43,3373,156,0,0
1,1,1,0,26,181,158,0,0
6,0,1,0,47,665,251,0,0
0,0,0,0,29,1,695,0,0
3,1,1,0,30,1598,634,0,0
4,0,1,1,72,951,229,1,0
6,0,1,0,60,2858,155,0,0
5,1,1,0,42,-76,787,0,0
10,1,0,0,20,79,168,0,0
1,1,1,0,31,388,144,0,0
3,0,2,0,38,630,201,0,0
3,0,-1,0,42,0,270,0,0
3,0,1,1,49,8545,199,1,0
3,0,1,1,29,1175,141,0,0
7,0,0,0,33,980,170,0,0
6,2,1,1,48,852,202,0,0
3,2,2,0,51,-380,181,0,0
3,1,1,0,27,1,320,0,0
0,0,0,0,51,2582,197,0,0
3,0,1,0,41,580,874,1,0
5,0,1,0,41,1597,461,1,0
1,0,1,1,33,162,122,0,0
3,0,1,0,47,2944,57,5,0
10,1,1,0,22,216,178,2,0
3,0,2,0,40,919,327,0,0
0,1,0,0,51,102127,90,0,0
0,1,0,0,35,1750,333,0,0
1,0,1,1,30,2371,237,0,0
0,0,1,0,38,96,151,0,0
5,0,1,0,56,353,106,0,0
0,0,0,1,48,1093,1226,0,0
9,0,0,0,39,75,332,0,0
6,2,1,0,29,84,1101,0,0
0,0,2,0,39,197,193,0,0
0,0,2,0,47,1122,222,0,0
1,0,1,0,37,1458,344,1,0
6,0,1,0,49,-8,1119,0,0
0,1,0,1,22,104,330,0,0
0,2,0,0,32,5550,89,0,0
1,0,1,0,60,1740,814,2,0
6,1,1,1,32,48,132,0,0
3,0,2,0,40,2805,173,23,0
5,0,1,0,57,7,65,0,0
3,2,2,0,35,300,945,0,0
0,1,0,0,39,5047,218,0,0
6,2,1,0,32,-34,147,0,0
0,2,0,0,42,624,75,0,0
0,0,2,0,64,0,65,0,0
1,0,1,0,51,223,132,0,0
3,1,1,1,29,8079,171,0,0
4,0,2,0,45,1152,234,0,0
6,1,1,0,33,0,134,0,0
8,0,1,0,36,356,361,0,0
0,2,0,0,37,2519,58,0,0
8,1,1,0,41,315,28,0,0
1,0,1,0,43,8541,259,0,0
6,2,-1,0,54,2177,134,0,0
0,0,0,0,46,1139,466,0,0
8,0,1,0,48,855,241,0,0
9,2,-1,0,55,603,91,0,0
3,1,1,0,35,1017,53,0,0
1,0,1,0,30,27,163,0,0
5,1,0,0,30,0,56,0,0
5,0,0,0,41,5426,149,0,0
0,1,0,0,24,2845,779,0,0
5,2,2,0,49,112,79,0,0
0,0,1,1,60,49,76,0,0
1,1,0,0,45,88,163,0,0
5,0,1,0,49,2,246,0,0
7,0,0,1,45,0,372,0,0
1,0,0,0,33,2364,154,0,0
6,1,1,0,30,595,172,0,0
1,0,1,0,50,805,148,0,0
1,0,1,0,60,594,190,0,0
3,0,2,1,49,1798,209,0,0
0,0,0,0,57,1636,123,0,0
3,0,1,0,36,129,183,0,0
6,1,1,1,36,948,92,0,0
6,0,1,0,59,-22,748,0,0
1,0,1,0,32,0,254,0,0
1,2,1,0,32,-262,85,0,0
0,0,0,0,50,4,223,2,0
2,0,1,0,46,145,236,0,0
5,0,1,0,36,0,236,1,0
0,1,0,0,31,2480,107,0,0
6,0,1,0,31,4687,192,0,0
3,0,2,0,48,281,100,0,0
0,1,0,1,26,1222,108,0,0
8,0,1,0,59,2740,130,0,0
6,0,1,0,53,-363,201,0,0
3,0,2,0,50,419,116,0,0
5,0,1,0,31,717,130,0,0
4,0,1,0,56,728,107,0,0
3,1,1,1,39,383,292,0,0
0,0,1,0,54,4080,140,0,0
4,2,1,0,54,2761,771,0,0
3,0,1,0,33,217,561,0,0
8,0,2,1,52,-110,141,0,0
1,0,1,1,37,146,82,2,0
3,2,2,0,30,53,116,0,0
6,0,2,0,30,1015,24,8,0
0,1,1,0,33,0,190,0,0
6,0,1,0,37,1543,451,2,0
3,0,2,0,28,286,237,0,0
1,0,1,0,39,508,598,5,0
1,0,0,0,36,4596,234,2,0
0,1,0,1,46,46,80,1,0
3,0,2,0,43,1579,176,4,0
3,0,-1,0,42,1123,105,0,0
6,0,1,1,57,668,12,0,0
6,1,1,1,37,253,280,0,0
7,2,0,0,54,1323,47,0,0
1,1,0,1,33,989,232,0,0
2,0,0,1,39,2310,104,0,0
0,0,0,0,37,658,838,0,0
3,1,1,1,26,-8019,299,0,1
1,2,1,0,38,8,181,0,0
4,0,1,0,54,918,189,0,0
1,0,1,0,39,501,289,0,0
0,0,0,0,33,1297,117,0,0
1,0,1,0,70,3020,358,1,0
2,2,1,0,47,186,112,0,0
1,0,1,0,33,7621,68,0,0
7,0,2,0,51,0,215,0,0
5,0,2,0,59,879,126,7,0
2,0,2,1,33,2339,220,0,0
3,1,1,0,30,297,218,0,0
0,1,0,0,45,0,55,0,0
0,1,0,0,24,172,67,0,0
5,0,1,1,48,44,98,0,0
0,0,0,0,54,364,301,0,0
0,0,0,0,35,646,84,0,0
3,0,2,0,41,1135,265,0,0
5,0,1,0,38,545,436,0,0
6,0,1,0,38,4582,193,4,0
5,0,1,1,36,231,136,0,0
5,2,1,0,37,34,144,0,0
5,2,1,0,53,-394,599,0,0
3,0,2,0,46,3969,46,0,0
8,0,1,0,44,6178,213,0,0
8,1,0,0,43,983,97,0,0
3,0,1,1,50,3436,182,0,0
0,1,0,0,25,1650,5,0,0
5,0,1,0,43,-169,219,0,0
0,1,1,0,42,50,48,0,0
8,0,0,0,58,183,167,0,0
1,0,0,0,47,1115,18,0,0
1,0,1,0,40,2266,175,7,0
0,0,1,0,34,15,184,0,0
6,1,1,0,29,3331,13,2,0
3,2,1,0,32,0,746,0,0
0,2,0,1,41,4567,106,0,0
3,0,2,0,47,521,262,0,0
3,0,1,0,44,1397,326,0,0
2,0,0,0,45,2476,239,0,0
1,1,1,0,38,571,275,0,0
-1,1,0,0,30,6836,30,0,0
3,0,2,0,41,512,233,0,0
5,0,1,0,43,132,220,0,0
3,1,1,1,26,37,301,0,0
1,0,0,1,57,31,395,0,0
5,0,1,0,52,299,310,0,0
0,0,0,0,59,518,230,0,0
8,0,0,0,31,330,260,2,0
1,1,0,0,29,218,169,0,0
0,1,1,1,28,-513,95,0,0
9,0,2,0,57,1303,83,0,0
5,0,1,0,31,457,283,5,0
1,0,1,1,37,410,317,0,0
3,0,2,0,41,2585,159,0,0
1,0,0,1,46,529,208,0,0
5,1,1,0,32,457,109,2,0
1,2,1,0,50,1591,209,0,0
0,0,0,1,58,138,107,0,0
6,0,1,1,34,-99,258,0,0
3,2,2,0,38,0,531,0,0
3,0,1,1,26,127,165,0,0
0,0,0,0,51,994,268,3,0
8,1,0,0,35,415,649,1,0
0,1,0,1,34,0,197,1,0
0,2,0,0,45,24598,313,0,0
6,0,1,0,44,646,183,0,0
3,1,1,0,32,228,176,3,0
6,2,1,0,47,164,212,0,0
1,0,0,0,35,108,65,0,0
2,0,0,1,41,-81,83,0,0
1,0,-1,0,48,2005,152,0,0
0,0,2,0,46,-268,99,0,0
6,0,1,0,55,0,106,0,0
2,1,0,0,25,347,267,0,0
1,1,1,0,36,-206,419,4,0
0,1,0,0,27,948,121,1,0
0,0,0,0,34,4859,262,2,0
0,0,0,0,38,49,108,0,0
5,0,0,0,37,2693,261,0,0
3,0,1,1,56,605,157,0,0
0,1,0,0,30,6392,335,0,0
8,1,2,0,31,3652,285,0,0
1,1,1,1,45,52,79,0,0
2,0,1,0,28,8,1297,0,0
0,0,-1,0,48,598,152,0,0
1,0,1,0,42,473,216,0,0
1,0,1,0,57,0,45,0,0
5,1,1,0,39,2345,491,2,0
0,1,0,0,28,0,224,0,0
0,1,0,0,59,705,537,0,0
6,0,1,1,52,-178,124,1,0
3,0,-1,0,51,125,102,0,0
7,0,0,0,47,917,518,5,0
0,1,0,0,36,1869,122,0,0
0,0,1,0,41,0,154,1,0
0,1,0,0,41,4594,393,0,0
3,0,1,0,40,440,327,0,0
3,0,1,0,54,10,195,0,0
1,0,1,0,57,461,69,0,0
3,0,1,0,40,1145,175,0,0
7,1,0,1,27,108,141,0,0
3,1,1,0,37,292,9,0,0
0,0,-1,0,55,1185,677,0,0
3,1,2,0,27,1518,700,0,0
8,0,1,0,50,3357,239,0,0
7,1,0,0,26,50,160,0,0
5,0,1,0,40,1,84,0,0
1,0,1,0,44,682,85,0,0
9,0,2,0,51,0,191,0,0
0,2,2,0,39,516,207,0,0
6,1,1,0,30,326,197,0,0
3,0,1,0,40,-450,181,0,0
0,2,0,0,49,5223,86,0,0
1,0,0,0,34,8029,593,0,0
0,0,0,1,35,106,588,0,0
3,1,1,1,29,80,281,0,0
1,1,1,1,29,0,77,0,0
1,0,0,0,33,1699,178,1,0
5,2,1,0,50,769,72,4,0
8,1,0,0,29,991,563,0,0
3,0,2,0,45,2958,580,2,0
0,2,-1,0,48,343,191,0,0
3,0,1,1,59,786,44,0,0
1,0,0,0,50,3117,174,0,0
1,0,1,0,53,8417,435,0,0
1,0,1,0,27,130,265,0,0
1,0,1,0,29,1697,87,0,0
1,1,1,0,31,7567,287,2,0
3,0,2,0,59,320,695,0,0
0,0,0,0,35,260,358,0,0
4,0,1,0,58,624,393,0,0
5,2,1,0,60,4519,136,1,0
4,0,2,1,55,-90,634,0,0
10,1,0,0,30,-679,372,0,0
5,1,1,0,34,1,483,0,0
10,1,1,0,25,41,101,0,0
6,1,1,0,27,195,416,0,0
3,0,2,0,59,0,128,0,0
5,2,1,0,36,48,147,0,0
5,2,0,0,44,558,262,0,0
0,1,0,0,36,953,72,1,0
8,0,1,0,42,-523,327,0,0
6,2,2,0,36,418,156,0,0
3,0,2,0,49,11317,208,0,0
6,1,1,0,39,158,183,2,0
1,0,1,0,51,1327,21,0,0
1,0,1,0,46,487,432,0,0
3,0,1,0,33,91,283,0,0
3,0,1,0,34,243,291,0,0
0,0,0,1,35,1557,225,1,0
7,0,0,0,26,219,104,0,0
5,1,1,0,36,185,61,5,0
8,1,0,0,27,77,305,1,0
6,1,1,0,25,0,282,0,0
0,1,0,1,28,1252,319,0,0
6,2,1,0,31,81,139,0,0
0,1,0,0,33,289,388,0,0
0,1,0,0,32,813,114,0,0
0,0,0,0,51,2934,727,0,0
3,0,2,0,34,109,685,0,0
4,0,1,0,59,1173,77,0,0
8,2,1,0,52,230,422,0,0
7,0,0,0,42,1932,192,0,0
1,0,1,0,34,260,142,0,0
4,0,2,0,67,2391,737,10,0
5,1,1,0,35,203,301,0,0
0,0,0,0,32,1232,97,0,0
3,0,1,1,30,913,433,0,0
6,1,2,0,36,58,134,0,0
1,0,0,0,30,2283,74,0,0
5,2,1,0,33,294,763,0,0
0,1,0,0,31,816,302,1,0
6,0,1,0,50,-682,479,0,0
9,0,2,0,33,209,76,0,0
5,2,1,0,43,587,282,0,0
7,1,1,0,32,123,278,0,0
3,0,-1,0,34,201,78,0,0
1,1,0,0,28,1050,293,0,0
1,0,0,0,31,6562,118,0,0
1,2,0,0,57,126,166,0,0
3,0,1,0,32,2089,132,0,0
6,0,1,0,47,-150,52,0,0
3,0,2,0,34,15841,423,0,0
5,0,1,0,37,121,22,0,0
0,0,0,0,40,1700,359,0,0
3,0,2,0,61,625,158,0,0
8,1,1,0,50,2668,1606,0,0
3,0,1,0,46,229,191,0,0
7,1,0,0,40,265,121,0,0
6,0,1,1,31,371,654,0,0
6,1,1,0,28,1347,317,14,0
0,1,0,0,30,440,129,0,0
1,1,1,0,38,2442,161,3,0
6,0,1,0,32,-124,116,0,0
0,0,0,0,48,1808,245,0,0
1,1,1,1,30,77,82,0,0
4,1,0,0,51,730,287,0,0
0,1,-1,0,41,1604,287,0,0
6,1,1,0,28,805,148,7,0
1,0,1,0,37,407,141,0,0
10,1,1,0,26,477,58,0,0
3,0,2,0,32,323,530,0,0
4,0,2,0,59,474,139,0,0
3,0,2,1,47,1092,41,0,0
5,1,0,0,27,73,242,0,0
6,0,1,0,30,179,64,0,0
0,0,0,0,33,679,1109,0,0
0,0,0,0,49,1430,231,0,0
0,0,0,0,29,198,453,1,0
1,0,1,1,30,66,239,0,0
5,0,1,1,46,1934,240,0,0
3,0,1,0,50,19,209,0,0
0,1,0,0,34,0,311,0,0
1,2,1,0,43,159,160,0,0
5,1,1,0,37,1066,83,0,0
1,0,1,1,31,-292,186,0,0
7,1,1,1,30,-617,925,0,0
5,2,1,0,37,141,233,0,0
1,1,0,0,29,354,255,0,0
1,0,1,0,31,5467,251,0,0
1,0,1,0,42,799,234,6,0
5,0,1,0,48,2533,714,1,0
3,2,2,0,52,29,245,0,0
5,0,1,0,39,0,256,0,0
4,1,1,0,30,48,142,1,0
4,0,1,0,56,878,123,0,0
3,1,1,1,25,2354,98,0,0
4,2,2,0,76,802,475,0,0
3,0,1,1,48,1794,97,2,0
3,0,1,0,40,280,435,3,0
5,0,-1,0,56,1933,44,0,0
1,1,1,1,36,818,96,0,0
5,0,1,0,34,1049,25,0,0
7,0,1,0,40,1216,52,0,0
3,0,2,0,32,0,130,0,0
3,1,1,0,33,2202,372,0,0
9,0,1,0,58,519,251,0,0
3,1,1,1,30,163,123,0,0
4,0,1,0,57,1841,127,1,0
3,0,2,0,49,3659,160,0,0
2,0,1,0,48,183,203,0,0
7,0,1,0,41,3123,291,0,0
9,0,0,0,39,93,595,0,0
6,1,1,0,40,1547,88,1,0
0,1,0,0,32,0,86,0,0
7,0,1,0,55,181,68,0,0
3,1,1,0,36,40,259,4,0
8,2,0,0,31,256,264,2,0
1,0,1,1,50,2,171,0,0
5,2,1,0,54,1693,1277,2,0
1,2,1,0,42,314,234,0,0
5,0,1,0,44,1074,911,0,0
0,0,0,1,33,110,125,0,0
2,0,2,0,39,3373,419,0,0
9,0,2,0,34,2929,518,0,0
6,0,0,0,38,-49,211,0,0
5,0,1,1,45,400,103,0,0
1,0,-1,0,55,0,153,0,0
5,0,1,1,41,488,178,0,0
6,0,1,1,29,123,151,0,0
6,1,1,0,37,2571,40,0,0
5,1,1,0,60,3916,18,0,0
3,2,1,0,57,75,159,2,0
4,0,1,0,59,1080,645,0,0
3,1,1,0,32,567,275,4,0
3,0,1,0,32,4471,197,2,0
6,1,1,0,34,528,121,5,0
3,0,1,1,25,-288,311,0,0
3,0,1,1,40,2671,423,0,0
5,0,0,0,33,281,257,1,0
10,1,1,0,31,1776,220,1,0
2,0,1,0,32,-242,1202,0,0
2,0,-1,0,41,89,333,0,0
6,1,1,0,30,209,30,0,0
5,0,2,0,56,3562,229,0,0
0,0,0,0,33,2308,232,0,0
6,2,1,1,46,5,305,0,0
5,2,1,0,50,3043,113,0,0
9,0,1,1,34,-97,119,0,0
5,1,0,0,31,493,158,0,0
4,1,2,0,41,0,239,2,0
-1,0,1,0,47,74,88,0,0
3,0,1,1,31,79,235,0,0
1,1,0,0,31,375,207,0,0
6,1,1,0,44,106,109,0,0
0,1,0,0,31,34,121,0,0
5,0,1,0,55,6205,233,0,0
1,1,1,0,36,351,88,0,0
0,1,0,0,30,3625,469,0,0
6,0,1,1,40,87,247,0,0
0,0,1,1,39,363,67,1,0
3,0,2,0,35,445,237,2,0
0,2,0,0,32,1,399,0,0
3,0,1,0,27,1024,280,0,0
6,0,1,0,39,-311,55,2,0
3,1,2,0,52,2024,314,0,0
3,1,-1,0,28,448,307,0,0
0,0,1,0,40,6695,297,1,0
3,0,2,0,41,258,252,0,0
6,0,1,0,41,0,203,0,0
3,0,1,0,33,308,147,0,0
5,0,1,1,59,-198,206,0,0
6,1,1,0,45,1771,50,0,0
3,0,1,0,43,-111,132,0,0
4,1,0,1,57,2528,724,0,0
0,0,1,0,28,152,412,0,0
8,1,1,0,37,1354,207,0,0
1,0,1,0,48,638,217,0,0
5,0,1,0,46,35,84,0,0
0,1,0,1,56,1092,176,4,0
4,2,2,0,71,275,293,1,0
3,0,1,0,34,233,98,0,0
1,0,1,0,38,4030,75,5,0
3,0,1,1,41,427,177,0,0
-1,0,-1,0,59,2443,8,0,0
6,1,0,0,32,620,110,5,0
0,0,0,0,40,409,111,0,0
0,0,0,0,38,7255,410,0,0
0,0,0,1,35,972,23,0,0
0,0,0,0,33,1163,210,0,0
1,1,1,0,27,648,198,0,0
1,0,0,0,37,1092,292,0,0
2,1,1,0,36,296,122,0,0
6,2,1,0,41,97,244,0,0
3,1,1,0,25,352,156,0,0
3,1,1,0,32,1415,645,1,0
7,1,0,0,29,270,110,4,0
6,0,1,0,33,0,578,0,0
0,1,0,0,47,153,192,0,0
8,1,1,0,29,486,95,0,0
3,0,2,0,45,419,113,0,0
0,1,0,0,26,47,63,0,0
6,0,1,1,26,682,166,0,0
0,1,0,0,33,5943,81,0,0
6,2,1,1,33,44,529,0,0
3,0,1,0,39,-219,101,0,0
5,1,1,0,27,557,466,0,0
1,0,0,0,36,1354,281,2,0
1,0,1,1,49,1432,1014,0,0
8,0,0,1,47,1725,183,0,0
4,0,0,1,59,941,231,1,0
1,1,1,1,29,-33,171,0,1
7,0,1,0,41,2812,447,0,0
5,1,1,0,31,680,152,0,0
10,1,1,0,29,949,109,1,0
1,0,0,0,34,11752,149,0,0
0,0,0,0,31,2984,343,0,0
2,0,0,0,43,2589,38,0,0
0,0,0,0,51,7631,896,0,0
1,2,1,0,45,29,385,0,0
3,0,1,0,55,0,614,0,0
0,1,0,0,33,9449,428,0,0
1,2,0,0,51,0,84,0,0
0,0,0,0,44,-61,1015,0,0
1,0,1,1,54,3323,59,0,0
1,0,0,0,50,247,173,0,0
3,0,1,0,23,-295,411,2,0
0,2,0,0,54,-449,691,0,0
4,0,2,0,61,1742,90,0,0
1,0,1,0,40,1952,310,0,0
1,1,0,0,32,390,85,0,0
3,1,2,1,29,365,72,2,0
1,1,1,0,25,1036,337,0,0
0,2,0,1,43,-132,532,0,0
1,1,1,0,29,247,134,0,0
3,2,2,0,56,0,313,0,0
0,1,0,0,31,0,101,0,0
6,1,1,0,25,505,284,0,0
4,0,1,1,59,242,17,0,0
0,0,0,0,37,630,315,1,0
4,0,2,0,56,3149,142,0,0
0,0,0,0,41,27696,147,1,0
7,2,0,0,41,4418,855,0,0
0,0,0,0,51,1421,152,0,0
9,0,0,0,37,8,64,0,0
6,1,1,0,25,1119,1063,0,0
4,0,1,0,61,89,477,3,0
5,1,-1,0,36,-69,90,0,0
6,0,2,0,60,0,114,0,0
10,0,-1,0,42,2374,158,0,0
1,1,0,0,32,1855,126,1,0
4,0,0,0,64,2139,632,0,0
3,0,2,0,41,3803,611,0,0
3,0,2,0,51,0,384,0,0
5,0,1,0,46,0,149,1,0
5,0,0,0,30,285,693,0,0
3,0,0,0,27,335,519,0,0
8,2,1,0,60,4,882,0,0
5,2,1,1,37,450,15,0,0
4,0,1,0,57,415,408,2,0
5,1,1,0,25,845,217,1,0
3,0,2,0,42,803,171,0,0
6,2,1,0,53,-905,213,0,0
1,1,0,1,26,291,393,0,0
0,1,0,0,58,2297,96,0,0
1,1,1,0,31,49,234,0,0
10,1,-1,0,34,86,244,1,0
5,1,1,0,31,554,94,0,0
6,0,1,0,35,52,378,0,0
5,0,1,0,36,470,101,0,0
3,0,1,0,38,5092,145,0,0
0,1,0,0,28,1,241,0,0
5,0,1,0,51,0,27,0,0
5,1,1,0,57,1615,99,0,0
6,0,1,1,33,107,21,0,0
0,0,1,0,47,1077,367,0,0
3,0,1,0,26,352,213,4,0
3,1,1,0,26,277,514,0,0
3,1,1,0,25,150,492,0,0
2,0,1,1,26,321,638,0,0
4,0,2,1,47,1374,479,3,0
5,0,1,0,46,120,20,0,0
5,2,1,0,38,308,197,1,0
2,0,0,0,46,2262,44,0,0
1,0,1,1,38,0,193,5,0
5,1,1,0,35,943,24,0,0
6,2,2,0,56,23,108,0,0
1,1,0,0,37,3315,820,0,0
2,0,0,0,36,99,165,0,0
9,1,0,0,37,206,115,0,0
3,0,1,0,57,166,58,0,0
0,1,0,0,33,1240,505,1,0
3,0,2,0,39,568,173,0,0
3,0,-1,0,43,705,80,0,0
1,1,1,0,28,113,108,0,0
1,0,1,0,57,1469,364,0,0
1,1,1,1,28,-9,175,0,0
7,0,0,0,42,0,35,0,0
1,1,1,0,30,62,678,1,0
0,0,0,0,42,176,123,0,0
10,1,-1,0,26,826,177,0,0
10,1,1,0,19,1803,59,0,0
6,0,1,0,33,-329,113,0,0
4,0,1,0,58,4725,241,0,0
5,0,1,1,46,526,251,0,0
5,0,1,0,55,859,148,1,0
8,1,0,1,40,97,73,1,0
2,0,0,0,49,9824,69,0,0
1,0,0,0,26,-385,163,0,0
1,0,1,0,34,0,116,0,0
7,0,0,0,33,-355,911,0,0
2,0,1,0,47,0,563,0,0
8,0,1,0,50,36221,13,0,0
3,0,0,0,34,20,10,0,0
6,0,1,0,55,761,28,0,0
0,1,0,1,37,22125,331,0,0
3,1,1,0,41,948,157,0,0
3,1,1,0,32,301,395,0,0
9,0,2,0,57,688,67,0,0
5,2,1,0,37,496,118,3,0
0,0,1,0,34,857,238,0,0
5,2,1,1,53,372,126,0,0
1,0,1,0,35,3297,193,0,0
0,0,1,1,33,7,239,0,1
-1,0,2,1,50,341,670,2,0
0,0,1,0,40,830,155,0,0
10,1,0,0,26,255,264,0,0
4,0,0,0,66,525,287,0,0
7,0,1,0,35,2251,151,0,0
6,2,1,0,52,-57,140,0,0
0,1,0,0,52,2290,195,2,0
5,0,1,0,41,546,418,0,0
2,0,0,1,47,416,87,0,0
0,1,0,0,29,572,224,0,0
1,0,0,0,41,744,125,0,0
3,0,1,0,45,1239,67,0,0
0,0,1,0,46,3714,86,0,0
1,1,1,0,24,1298,86,0,0
9,0,2,1,53,994,1339,0,0
0,1,0,0,34,138,191,0,0
4,0,1,1,46,119,85,0,0
3,1,1,0,32,2,144,0,0
3,1,1,0,45,0,1472,4,0
3,0,2,0,51,872,82,0,0
0,2,0,1,37,896,343,0,0
0,0,2,1,43,88,210,0,0
5,0,1,0,41,1380,65,1,0
2,0,1,0,44,-20,167,0,0
3,1,1,0,37,847,54,0,0
2,0,0,1,44,3463,290,3,0
10,1,1,0,22,224,5,0,0
10,1,2,0,26,177,58,0,0
1,2,1,0,50,0,280,3,0
5,0,0,0,53,5094,114,0,0
3,0,2,0,49,352,188,0,0
1,1,1,0,35,5731,164,4,0
6,0,1,1,39,823,780,0,0
2,0,1,0,27,2329,131,0,0
3,0,1,0,32,38,368,0,0
5,1,1,1,31,523,141,4,0
10,0,-1,0,38,0,341,1,0
0,0,0,0,35,1193,101,0,0
1,0,1,0,58,673,28,0,0
6,1,1,0,23,31,192,0,0
0,2,0,0,49,1405,29,0,0
3,0,1,0,38,863,78,0,0
0,0,0,0,48,13501,63,0,0
5,1,1,1,25,0,238,0,0
1,0,-1,0,56,9246,143,0,0
1,1,1,0,28,541,157,0,0
3,2,1,0,38,157,299,0,0
9,0,2,0,64,768,250,1,0
1,0,1,0,61,1191,214,0,0
5,0,1,0,39,20,124,0,0
0,1,0,0,32,2619,123,0,0
2,1,0,0,31,150,83,0,0
6,1,1,0,36,5315,43,0,0
3,0,1,1,55,284,157,0,0
1,1,0,0,31,244,170,0,0
1,0,1,0,42,994,149,5,0
0,0,0,0,28,247,1192,0,0
5,2,1,0,39,83,69,0,0
1,1,1,0,41,2919,329,0,0
8,0,1,0,24,6,21,0,0
1,0,0,0,33,67,137,0,0
0,0,0,0,52,168,165,0,0
5,0,1,0,36,419,291,0,0
1,2,0,0,52,0,454,0,0
8,2,2,0,32,0,175,0,0
5,0,1,1,37,0,176,0,0
7,1,0,0,34,589,44,1,0
0,2,1,0,42,830,112,0,0
3,0,1,0,34,2994,358,1,0
7,1,0,1,39,2298,13,18,0
4,2,1,0,59,0,13,0,0
1,0,-1,0,46,3308,171,2,0
1,0,1,0,48,427,201,0,0
0,2,0,0,34,0,123,0,0
3,0,1,0,33,463,27,0,0
1,1,1,0,35,-51,134,0,0
0,0,0,0,53,32464,135,0,0
3,2,2,0,50,171,75,0,0
7,1,0,0,29,300,125,0,0
10,1,0,0,27,0,82,0,0
0,2,0,0,58,-197,277,0,0
1,1,0,0,26,-67,637,0,0
5,0,2,0,30,-171,125,0,0
5,0,-1,0,54,140,473,2,0
0,0,0,1,38,465,156,0,0
1,2,0,0,46,0,234,5,0
0,1,0,0,34,382,148,1,0
3,0,2,0,46,0,178,0,0
8,0,0,0,37,1236,300,0,0
5,1,1,0,26,187,226,0,0
0,1,0,0,27,2061,72,0,0
10,1,0,0,23,577,44,0,0
6,0,2,0,34,1042,167,0,0
2,0,0,1,45,1752,56,0,0
0,0,0,0,55,505,58,1,0
0,2,0,0,41,0,475,0,0
3,0,1,0,43,5997,270,0,0
5,2,1,1,37,859,154,0,0
3,1,0,0,35,573,116,0,0
6,2,1,1,27,397,192,0,0
1,2,1,1,57,2710,333,0,0
1,0,1,1,48,3519,229,2,0
3,0,2,0,53,358,384,0,0
7,0,0,0,51,2235,8,0,0
0,1,0,0,31,4331,318,0,0
3,1,1,0,44,-210,73,0,0
0,1,0,0,26,199,413,0,0
3,0,1,0,44,476,173,0,0
0,0,0,1,49,1216,244,0,0
1,2,1,1,35,303,454,0,0
0,2,0,0,32,874,366,6,0
3,0,2,1,49,1387,161,0,0
5,0,1,1,30,-170,130,0,0
4,0,1,0,59,0,142,0,0
10,1,1,0,23,1021,79,0,0
1,0,0,0,33,16992,58,0,0
1,0,1,0,44,7863,59,0,0
0,0,0,0,36,35,246,0,0
1,0,1,0,38,32,705,0,0
0,0,1,0,44,2897,296,4,0
6,0,1,0,50,2420,102,13,0
1,0,1,0,57,7766,220,0,0
0,1,0,0,37,131,293,0,0
6,0,1,0,33,404,139,0,0
7,0,1,0,71,5946,59,0,0
5,2,1,0,57,18268,68,0,0
0,1,0,0,33,5437,78,0,0
5,0,0,1,33,0,111,2,0
5,0,1,0,41,3138,409,1,0
1,1,0,0,32,1190,131,0,0
0,2,1,1,46,16,188,0,0
6,2,1,0,45,138,279,0,0
3,0,2,0,45,512,98,0,0
3,0,1,0,29,2,96,0,0
3,0,2,0,50,235,64,0,0
1,0,1,0,37,1824,112,2,0
6,2,1,1,45,-28,87,0,0
0,1,0,0,33,5145,338,2,0
3,1,0,0,29,455,403,0,0
3,0,2,0,43,3664,274,0,0
0,0,0,0,34,937,405,3,0
1,1,1,0,31,105,87,0,0
1,2,1,1,49,2677,67,0,0
1,0,0,0,34,116,145,0,0
3,0,2,0,46,952,233,0,0
9,2,2,0,51,127,69,0,0
6,0,1,1,36,417,11,0,0
5,1,1,0,31,223,508,11,0
0,1,0,0,30,275,52,0,0
10,0,0,0,33,3214,60,0,0
8,0,1,0,43,3,231,0,0
1,0,1,0,46,1167,1540,0,0
3,0,2,0,35,-35,123,0,0
9,0,1,1,32,156,82,0,0
3,0,1,0,46,494,724,0,0
0,0,0,0,53,8093,93,0,0
9,0,1,0,52,411,210,0,0
3,0,2,0,24,-247,203,0,0
0,0,1,0,41,1471,233,0,0
1,1,0,0,28,0,205,0,0
0,0,0,0,35,697,57,1,0
6,0,1,0,32,11,322,0,0
6,0,1,0,51,867,177,3,0
0,0,0,1,42,2110,106,0,0
4,0,1,0,66,3409,414,6,0
0,0,0,0,46,3984,77,0,0
3,0,1,0,47,1612,1164,0,0
3,0,-1,0,56,0,82,0,0
1,1,0,0,30,1028,653,0,0
1,2,0,0,40,4736,285,0,0
2,2,0,1,46,91,182,0,0
0,2,0,0,35,505,142,0,0
0,2,0,0,47,83,149,0,0
2,0,2,0,36,6317,478,0,0
3,0,1,0,42,41,188,0,0
3,1,1,1,31,-322,208,0,0
3,0,2,0,40,104,277,2,0
6,0,1,0,34,190,121,0,0
10,1,-1,0,32,640,49,1,0
1,1,0,0,46,1448,292,0,0
2,1,1,1,34,0,394,0,0
6,0,1,1,36,647,290,0,0
3,0,2,1,55,284,252,0,0
1,0,0,1,34,691,70,0,0
6,1,1,0,36,774,140,0,0
0,2,0,1,39,3575,74,0,0
1,1,1,0,34,827,254,4,0
0,0,0,1,38,1952,237,0,0
1,0,1,0,41,902,35,0,0
4,0,2,0,58,1761,773,0,0
3,0,2,0,51,173,529,0,0
0,0,1,0,52,428,153,0,0
1,0,1,0,47,6704,37,0,0
3,0,2,0,38,489,218,0,0
3,1,1,0,31,144,370,0,0
1,1,1,0,37,980,1306,0,0
3,0,2,1,37,89,336,0,0
6,0,1,1,39,1005,204,2,0
3,0,1,1,37,0,351,0,0
6,0,1,0,37,981,682,1,0
1,0,1,0,45,4639,82,0,0
7,1,1,0,27,50,168,0,0
3,0,2,0,31,2581,240,2,0
0,2,0,0,35,160,141,0,0
3,0,1,0,42,2157,149,2,0
0,1,0,0,25,295,169,0,0
3,1,1,0,27,1150,282,0,0
1,0,1,1,54,473,112,0,0
0,2,0,0,38,151,50,0,0
3,0,2,0,32,244,128,0,0
3,0,1,1,35,187,178,0,0
6,0,1,0,46,216,524,0,0
6,0,2,0,30,-224,79,0,0
10,1,1,0,19,55,89,1,0
3,0,2,0,45,2128,149,0,0
4,0,2,1,58,-102,80,0,0
2,0,0,0,52,507,123,0,0
0,1,0,0,30,62,90,0,0
1,0,1,0,30,1660,236,0,0
5,1,1,0,45,-88,131,0,0
6,2,1,0,35,78,630,3,0
3,0,1,0,48,503,105,0,0
0,0,0,0,32,1230,35,4,0
1,1,1,1,38,884,295,2,0
5,0,2,0,57,389,108,0,0
0,1,0,0,26,97,233,0,0
2,2,0,0,53,196,178,0,0
-1,0,1,0,31,111,70,0,0
10,1,1,0,34,188,12,0,0
3,0,1,0,34,0,68,3,0
7,1,0,0,27,347,385,0,0
3,0,2,0,51,7098,1471,0,0
6,0,1,0,35,59,1077,0,0
3,0,1,1,57,297,120,16,0
0,0,0,0,34,1022,219,0,0
8,0,0,0,35,1849,111,0,0
3,1,1,0,33,328,142,0,0
3,0,-1,0,50,605,200,0,0
5,2,1,0,36,869,102,1,0
0,0,0,0,59,3998,60,0,0
1,0,1,0,34,978,370,0,0
3,1,1,0,41,81,212,0,1
3,0,2,1,34,-480,225,0,0
3,0,2,0,37,3574,178,2,0
0,1,0,0,28,6817,154,0,0
0,2,-1,0,46,2,187,0,0
6,0,1,1,35,501,223,0,0
2,0,2,0,38,-786,126,0,0
0,0,1,0,44,597,137,0,0
3,2,1,0,54,218,514,0,0
3,0,2,0,40,1841,880,0,0
1,0,0,0,42,1361,75,0,0
1,0,1,0,36,5611,39,0,0
4,0,1,0,75,291,515,1,0
3,0,1,0,29,-95,164,1,0
1,1,0,1,30,432,180,0,0
8,2,1,0,42,1713,855,0,0
7,1,0,0,32,-359,122,0,0
3,0,2,0,42,0,71,0,0
1,0,1,0,30,1,189,0,0
0,2,1,0,49,-46,1055,0,0
1,1,1,0,30,1,407,0,1
5,0,0,0,33,235,185,0,0
5,0,2,1,54,11686,114,0,0
2,1,0,0,30,734,113,0,0
3,0,1,0,28,2,750,0,0
5,0,-1,0,53,0,160,0,0
3,0,2,1,35,883,18,0,0
0,2,0,0,45,335,297,0,0
3,0,2,0,56,3206,129,0,0
0,0,0,0,33,2098,67,0,0
0,0,1,0,54,2203,151,0,0
3,0,1,0,46,-70,219,0,0
6,0,1,0,36,138,39,0,0
3,0,1,0,42,108,51,0,0
2,0,0,0,35,753,187,0,0
3,0,2,1,50,4121,184,1,0
8,1,0,0,37,1316,389,2,0
0,1,0,0,35,1423,88,0,0
6,1,1,0,25,443,133,0,0
3,0,-1,0,49,403,241,0,0
10,1,-1,0,22,2281,221,0,0
3,1,1,1,26,-84,63,0,0
1,2,1,0,43,1648,80,0,0
2,2,1,1,44,-600,367,0,0
5,0,1,1,45,935,22,0,0
1,1,1,0,36,12264,285,2,0
1,1,1,1,25,1116,68,0,0
0,0,0,0,31,40,118,0,0
8,0,1,0,31,20,52,0,0
5,1,1,0,34,1704,218,0,0
10,1,0,0,38,3316,1345,0,0
0,0,0,0,36,-296,113,0,0
5,0,1,0,46,979,80,0,0
7,1,1,0,44,0,187,0,0
1,2,1,0,50,376,142,0,0
0,0,0,0,30,419,194,0,0
1,1,0,0,42,-380,413,1,0
1,0,1,0,49,0,102,0,0
5,1,1,0,31,391,416,0,0
0,1,0,0,40,1845,134,0,0
3,0,2,1,49,201,297,0,0
0,0,0,0,36,1357,74,0,0
1,1,1,0,33,247,428,0,0
6,0,1,0,46,997,398,0,0
6,0,1,0,32,-173,300,0,0
7,0,1,0,32,610,75,0,0
3,2,2,0,45,102,282,0,0
0,2,0,1,44,347,63,0,0
2,0,1,0,30,1013,24,0,0
8,0,2,1,40,69,171,0,0
1,0,1,0,45,59,609,0,0
5,1,1,1,27,454,331,0,0
1,0,1,0,47,293,499,0,0
0,0,0,0,44,226,190,3,0
0,0,0,0,43,-183,65,0,0
0,0,0,0,38,1722,500,0,0
0,1,0,0,25,155,193,0,0
5,0,1,1,49,0,71,0,0
6,0,2,0,31,-732,6,0,0
7,1,1,0,46,526,523,2,0
4,0,2,0,60,1542,930,0,0
1,2,1,0,58,0,273,0,0
4,0,1,0,58,1172,86,0,0
1,0,1,0,31,310,228,0,0
7,1,0,1,28,222,125,0,0
3,0,1,0,32,2,16,1,0
1,0,1,0,47,970,742,0,0
0,0,0,0,47,3844,256,0,0
3,0,1,0,53,-108,11,3,0
0,1,0,0,35,13,17,5,0
4,2,0,0,60,468,108,0,0
3,0,2,0,41,943,242,0,0
0,0,0,0,34,186,115,0,0
5,2,1,0,36,454,165,1,0
3,0,1,0,36,-318,135,0,0
0,1,0,0,32,1047,203,0,0
1,0,1,0,55,57,331,0,0
0,1,0,0,41,16,95,0,0
0,0,0,0,41,2646,81,0,0
6,0,1,1,33,1082,351,0,0
6,0,1,0,51,209,93,0,0
1,0,1,0,43,-57,41,0,0
3,0,1,0,39,2299,450,1,0
4,0,2,0,64,2140,181,0,0
7,0,0,0,33,1249,261,0,0
5,0,1,1,30,32,163,0,0
0,1,0,1,55,1092,202,0,0
3,0,2,0,52,1949,108,0,0
8,1,1,0,42,1523,736,0,0
3,0,2,0,57,179,230,0,0
5,0,0,0,39,9143,851,0,0
6,0,1,0,45,0,106,0,0
7,0,2,0,51,106,217,5,0
1,2,1,0,43,87,51,0,0
8,1,0,0,30,1622,242,0,0
1,1,1,0,28,2000,226,0,0
1,0,1,0,35,222,165,7,0
1,0,0,0,33,326,238,0,0
5,2,1,0,41,490,182,0,0
2,0,-1,1,37,1958,609,0,0
1,1,1,0,30,58,116,0,0
5,2,1,0,37,315,234,0,0
1,1,0,1,26,75,351,0,0
1,1,0,0,32,2481,547,0,0
2,0,0,1,37,678,395,0,0
7,1,0,0,54,760,336,0,0
2,0,0,1,59,-23,195,0,0
3,1,2,1,33,-15,326,0,1
0,1,0,1,35,0,370,0,0
0,0,2,0,43,8167,114,0,0
0,2,0,0,55,141,154,0,0
0,0,0,0,35,337,177,0,0
3,2,2,0,42,28,126,0,0
8,0,1,0,32,10,501,0,0
5,1,1,0,29,305,18,1,0
0,1,0,0,27,541,145,0,0
0,0,1,0,59,1083,125,0,0
7,0,0,1,34,1029,125,0,0
6,0,1,0,28,511,274,5,0
3,1,1,1,26,123,209,0,0
0,1,0,0,31,9874,1222,0,0
3,2,2,0,40,4168,91,3,0
1,2,1,0,44,1196,202,0,0
1,0,1,0,35,0,167,0,0
6,1,1,1,26,3,140,0,0
7,0,1,0,33,0,14,0,0
6,2,1,0,52,1635,730,0,0
5,2,1,0,35,356,76,0,0
3,0,1,0,42,2913,705,1,0
0,0,0,0,58,657,378,0,0
6,2,2,0,48,189,768,0,0
-1,0,1,0,53,16,100,0,0
1,1,1,0,36,9149,141,0,0
10,1,1,0,28,11555,125,0,0
0,0,0,0,45,10,133,0,0
1,0,1,0,31,467,171,0,0
7,0,0,0,31,2666,411,9,0
10,1,1,0,25,3090,139,0,0
10,1,1,0,27,217,319,0,0
0,0,0,0,32,205,141,0,0
4,0,1,0,60,4820,419,0,0
3,0,1,0,33,478,349,1,0
9,2,2,0,50,120,99,0,0
3,1,2,0,50,496,108,0,0
4,0,1,1,58,166,211,0,0
2,0,0,0,49,893,74,0,0
3,2,2,0,54,8180,312,0,0
4,0,1,0,66,780,388,0,0
3,0,2,0,43,4581,329,0,0
0,0,0,0,30,359,117,0,0
1,0,0,1,29,-983,58,0,0
0,0,0,1,39,-17,908,0,0
8,0,1,0,53,-233,133,0,1
3,2,1,1,43,47,163,1,0
7,2,0,0,38,1513,330,1,0
0,0,0,0,42,5,1067,0,0
3,0,2,0,39,1005,158,0,0
8,2,1,0,47,176,91,0,0
8,1,2,0,36,0,47,0,0
4,0,2,1,59,-90,41,0,0
4,0,2,0,54,1379,136,0,0
7,1,0,1,30,76,100,0,0
6,0,1,0,31,288,164,0,0
4,0,1,1,66,2326,232,1,0
1,1,1,0,37,1211,795,0,0
3,0,1,0,36,349,365,0,0
0,0,0,0,37,57,77,0,0
0,1,0,0,32,0,417,0,0
3,0,2,0,58,128,49,0,0
5,1,1,0,41,30,211,0,0
3,0,1,0,41,2413,64,0,0
0,0,0,0,41,0,197,0,0
0,1,0,0,47,0,50,0,0
0,1,0,0,36,1841,141,0,0
1,0,1,1,53,163,108,0,0
7,0,0,0,63,-39,387,0,0
2,0,0,0,31,79,558,0,0
0,0,0,0,41,217,328,0,0
6,0,1,1,56,6503,27,0,0
6,0,1,0,34,1337,255,1,0
8,0,1,1,51,-267,208,0,0
1,0,1,0,45,0,155,0,0
8,1,0,0,38,560,316,0,0
1,1,0,0,46,2800,47,0,0
3,0,1,0,38,757,133,0,0
5,0,1,0,41,4539,298,0,0
10,0,1,0,41,1309,28,0,0
0,2,0,0,57,1016,462,5,0
1,1,0,0,36,0,153,0,0
2,0,1,0,56,196,312,0,0
3,0,1,0,46,0,83,0,0
0,2,0,0,41,3426,302,5,0
3,0,1,0,38,0,90,0,0
1,2,0,0,33,839,469,0,0
5,0,1,0,43,429,222,0,0
4,0,1,0,61,938,212,5,0
0,0,0,0,36,2415,73,4,0
9,0,1,0,47,1152,260,0,0
0,1,0,0,26,222,318,3,0
0,0,0,0,55,740,57,0,0
-1,0,2,0,46,110,113,0,0
1,1,1,0,32,0,114,0,0
1,0,1,0,46,278,185,0,0
9,0,1,0,35,738,81,0,0
3,1,1,0,30,953,747,0,0
0,1,0,0,31,924,172,0,0
3,0,2,0,47,643,18,0,0
6,0,2,0,44,3,228,0,0
10,1,1,0,29,808,189,1,0
1,1,0,0,28,3623,138,1,0
4,2,0,0,57,2516,1036,0,0
10,1,-1,0,28,78,232,2,0
0,1,0,0,31,147,81,5,0
9,0,1,0,34,0,398,0,1
1,1,1,0,30,0,166,0,0
1,1,-1,0,35,0,81,0,0
3,1,2,0,25,-221,250,0,0
3,1,1,0,44,641,257,0,0
10,1,1,0,31,3511,667,0,0
1,1,1,0,28,126,229,0,0
4,0,1,0,52,0,351,0,0
3,0,1,0,40,327,474,1,0
5,0,1,0,38,4458,215,0,0
3,1,2,1,42,-68,167,0,0
3,0,1,0,32,34,321,0,0
3,1,1,0,29,1446,88,0,0
5,2,1,0,41,256,91,0,0
0,1,0,0,27,185,18,0,0
10,1,-1,0,22,549,154,0,0
3,1,1,1,26,658,34,0,0
1,0,1,1,45,-374,149,0,0
1,0,0,0,30,1,69,0,0
3,1,1,0,31,2089,34,0,0
3,0,2,1,40,-23,756,0,1
3,1,1,0,29,244,19,0,0
1,0,0,0,39,11766,313,5,0
8,1,0,0,33,617,620,0,0
6,0,1,0,36,1328,82,0,0
2,1,1,1,30,265,67,0,0
0,0,0,0,59,1585,91,0,0
5,2,1,1,42,687,229,0,0
0,0,0,0,39,4539,301,0,0
3,0,-1,0,40,222,465,0,0
5,2,1,0,41,348,233,0,0
0,0,1,0,57,39,114,0,0
6,2,1,1,43,266,79,1,0
6,0,1,1,58,10,95,0,0
0,0,0,0,33,862,166,0,0
1,2,1,0,35,2777,633,0,0
0,1,0,0,30,6164,152,0,0
0,0,0,0,39,-233,249,0,0
3,0,1,0,39,661,84,4,0
-1,1,1,0,27,1187,232,1,0
3,0,2,1,31,-464,256,0,0
8,2,1,0,53,587,561,0,0
1,1,1,0,37,375,223,0,1
6,0,1,0,48,7019,465,0,0
4,0,2,0,63,12067,660,1,0
2,0,0,1,27,79,201,3,0
6,0,1,1,46,198,49,0,0
4,0,0,0,65,1948,102,0,0
0,0,0,0,34,0,139,0,0
5,0,1,0,37,960,50,0,0
2,2,1,0,39,990,55,0,0
0,0,0,0,38,238,131,2,0
-1,0,-1,0,52,1571,164,0,0
5,0,0,0,35,163,126,0,0
6,2,1,0,38,76,395,0,0
0,1,0,1,34,-362,7,0,0
5,2,1,1,32,-331,130,0,0
1,1,1,0,29,577,18,0,0
0,0,0,0,30,112,464,1,0
0,0,0,0,32,26,222,0,0
5,2,1,0,33,1762,146,0,0
1,2,2,1,43,13,977,0,0
5,1,1,0,31,0,28,0,0
0,0,1,0,30,503,96,0,0
0,0,0,0,52,40,1265,0,0
5,0,1,0,50,0,86,0,0
1,0,1,0,29,1180,367,3,0
3,0,1,0,56,1362,345,0,0
6,0,1,0,41,56,63,0,0
0,1,0,1,25,3,1034,0,0
10,1,1,0,27,10536,136,0,0
2,0,0,0,53,2884,165,0,0
5,1,1,0,24,-507,446,0,0
9,0,2,0,59,5501,172,0,0
6,2,1,0,32,5267,183,2,0
1,1,1,0,32,801,637,0,0
1,1,1,0,38,46,90,0,0
8,0,1,0,40,277,228,0,0
6,0,1,0,30,1399,168,0,0
0,1,0,0,34,454,76,0,0
3,0,2,1,45,-455,161,0,0
3,1,1,0,31,2137,413,0,0
6,1,1,0,36,1405,283,0,0
3,1,2,0,35,1277,143,0,0
0,1,0,0,33,923,118,0,0
5,2,1,0,48,162,83,4,0
3,0,2,1,54,209,206,0,0
0,1,0,0,35,996,17,0,0
1,0,0,0,49,1077,79,0,0
3,0,1,0,36,0,174,0,0
3,0,1,0,30,514,102,0,0
3,0,2,0,44,617,227,0,0
0,1,0,0,37,361,174,0,0
6,0,1,1,47,2,71,0,0
8,1,1,0,31,1214,974,0,0
8,1,1,0,27,771,181,3,0
0,0,0,0,28,3516,232,0,0
1,0,0,0,38,664,242,0,0
1,1,1,0,22,0,394,0,0
6,0,2,0,40,33,70,0,0
2,2,1,0,43,3780,67,3,0
3,0,2,0,36,106,31,0,0
3,1,1,0,41,75,479,0,0
7,0,0,0,59,0,89,0,0
3,0,1,0,50,-160,600,0,0
1,1,1,0,37,133,576,0,0
0,1,-1,0,50,4666,11,3,0
0,0,0,0,36,596,372,0,0
3,0,-1,0,53,-491,124,0,0
3,0,1,0,35,89,145,0,0
3,1,2,1,39,207,35,0,0
0,0,0,0,32,1900,121,0,0
6,0,0,0,45,4958,212,0,0
3,0,1,1,47,-594,100,0,1
1,0,1,0,43,-496,100,0,0
10,1,1,0,28,246,162,0,0
4,0,0,0,74,6027,233,0,0
2,0,2,0,58,124,293,0,0
8,2,1,0,40,452,98,0,0
8,1,1,0,28,1055,196,0,0
1,0,1,0,59,371,832,0,0
3,0,2,0,52,134,81,0,0
0,0,0,0,32,4307,91,0,0
3,0,1,0,32,759,317,0,0
0,0,2,0,44,1880,34,6,0
0,0,0,1,61,0,158,2,0
3,1,1,0,36,1392,205,0,0
5,0,1,0,50,-185,97,0,0
5,0,1,0,31,23,77,0,0
0,0,0,0,37,981,135,0,0
4,2,2,0,65,1840,383,5,0
6,0,1,0,42,59,144,0,0
5,2,1,0,60,683,507,0,0
8,1,2,0,31,406,736,0,0
2,1,1,0,51,440,392,0,0
1,1,0,0,28,370,108,0,0
3,0,2,1,45,942,295,0,0
0,1,0,0,47,512,98,0,0
6,0,1,0,53,1,120,0,0
8,2,1,0,51,-56,544,0,0
6,0,1,0,49,884,201,0,0
0,0,0,1,59,261,124,0,0
5,0,-1,0,60,2667,140,0,0
0,1,2,0,27,13,475,0,1
3,1,1,0,35,1253,2260,0,0
0,0,0,0,44,70,165,0,0
0,1,0,0,26,690,76,0,0
3,0,1,0,38,164,309,0,0
1,1,1,0,30,1499,66,0,0
0,0,0,0,30,877,202,5,0
0,1,0,0,30,2017,213,0,0
5,0,1,0,40,67,199,0,0
3,1,1,0,27,484,309,0,0
0,0,0,0,35,2316,8,0,0
9,0,2,0,33,1713,22,0,0
1,0,1,0,50,3503,103,0,0
3,0,2,0,33,1050,304,0,0
0,0,0,0,54,4112,86,0,0
0,1,0,0,37,698,1081,0,0
1,0,0,0,33,75,204,0,0
0,1,0,0,31,6542,71,2,0
3,0,1,0,37,22341,175,0,0
1,0,1,0,38,581,223,1,0
3,1,1,0,29,735,130,0,0
6,0,1,0,32,38,744,0,0
3,0,1,0,29,339,63,2,0
6,0,1,1,51,144,153,0,0
1,0,1,0,53,1835,184,0,0
-1,0,2,0,52,8251,397,0,0
0,0,0,0,44,1451,157,12,0
1,0,1,0,24,556,368,2,0
0,0,0,0,54,1411,56,0,0
0,0,0,0,33,51,273,0,0
1,0,1,0,37,261,301,0,0
9,2,1,0,56,977,1200,0,0
0,0,0,1,33,3363,158,0,0
1,1,0,0,31,127,122,0,0
3,0,2,1,40,558,56,0,0
1,0,0,0,37,6968,175,0,0
3,0,1,0,30,5903,231,1,0
1,1,0,0,33,5234,213,0,0
6,0,1,1,45,75,222,0,0
3,2,1,0,54,1145,178,0,0
7,2,0,0,61,6,133,0,0
0,0,0,0,45,1363,657,0,0
4,0,0,0,76,2991,344,1,0
1,0,0,0,36,1109,328,0,0
1,1,1,0,41,618,1056,0,0
5,2,1,1,40,-541,270,0,0
6,1,0,1,27,-152,14,0,1
3,2,2,0,46,0,62,0,0
2,0,0,0,59,631,167,0,0
6,0,1,1,57,-37,31,0,0
1,0,1,0,58,116,580,0,0
3,0,2,0,33,1002,201,0,0
1,0,-1,0,31,14533,245,0,0
0,0,0,0,42,520,158,0,0
0,1,1,1,59,671,157,0,0
1,0,1,0,30,590,242,0,0
0,0,0,0,42,4014,149,1,0
1,1,1,1,32,-5,300,0,0
1,1,1,0,34,102,89,0,0
6,0,1,1,34,382,149,0,0
4,0,1,0,64,5966,983,0,0
0,0,2,0,47,1222,28,0,0
3,0,2,0,44,-295,303,0,0
3,2,2,0,58,8218,124,0,0
0,0,0,0,58,591,233,0,0
0,2,0,0,37,481,97,0,0
0,0,0,1,36,59,100,0,0
6,0,1,0,27,58,113,2,0
1,0,0,0,51,0,81,0,0
3,2,1,0,43,-259,732,2,0
3,0,2,0,35,456,71,0,0
0,1,-1,0,37,146,16,0,0
1,0,1,1,33,367,22,0,0
1,1,0,0,44,342,70,0,0
5,0,1,0,56,11,42,0,0
4,0,0,0,65,1973,121,3,0
2,2,1,0,35,80,67,0,0
6,0,1,0,36,-274,217,0,0
1,0,1,1,38,1442,483,0,0
7,0,2,0,38,215,124,1,0
1,0,0,0,38,0,82,0,0
1,0,1,0,31,-360,93,0,0
1,0,1,1,37,827,85,0,0
3,0,2,0,33,276,224,0,0
0,0,0,0,29,-218,121,0,0
1,0,0,0,28,2925,81,0,0
0,1,0,0,31,444,114,0,0
7,1,0,0,34,1129,103,0,0
3,0,2,0,31,392,465,1,0
3,2,1,0,47,1480,144,1,0
10,1,0,0,32,214,117,0,0
4,0,0,0,58,138,143,5,0
5,2,1,0,34,627,283,0,0
7,2,0,0,53,1841,403,0,0
1,1,1,0,27,0,176,0,0
3,0,2,1,59,229,19,0,0
4,2,-1,0,58,5920,96,1,0
3,0,1,0,49,787,280,0,0
-1,1,2,0,61,50,465,0,0
3,0,1,0,29,43,268,0,0
0,0,0,1,31,84,143,0,0
2,2,0,1,45,1273,197,0,0
0,0,1,0,53,-133,126,0,0
3,0,1,0,40,4853,234,0,0
9,0,2,0,50,3690,13,0,0
3,0,1,0,48,5241,158,0,0
1,1,1,0,24,726,445,0,0
1,0,1,0,31,40,294,0,0
0,0,0,0,34,65,544,0,0
0,1,1,0,33,1973,151,0,0
0,1,0,0,44,1090,204,2,0
0,0,0,1,47,33,14,0,0
0,2,0,0,50,11998,349,0,0
2,1,0,0,21,2077,323,0,0
4,0,2,0,49,18,9,0,0
4,0,0,0,70,15834,90,0,0
5,0,-1,0,47,0,85,1,0
5,0,1,0,34,244,56,0,0
3,0,1,0,45,39,241,0,0
0,1,0,0,25,2305,207,0,0
4,0,1,0,60,938,380,0,0
3,0,2,0,54,2110,618,0,0
3,2,-1,0,35,172,4,2,0
0,0,0,1,41,-195,112,0,0
6,1,1,0,27,194,326,0,0
0,1,0,0,39,26,110,0,0
3,1,1,0,27,381,143,0,0
6,2,1,0,41,0,20,0,0
7,0,1,0,30,131,306,0,0
3,0,2,1,37,33,483,0,0
7,1,0,0,29,814,461,0,0
0,1,1,0,28,2840,227,0,0
3,0,1,1,33,285,267,0,0
3,1,2,0,32,1918,318,1,0
1,2,1,0,41,1631,173,0,0
1,0,1,0,34,427,192,0,0
3,0,2,0,46,-768,194,0,0
8,0,2,1,38,1147,249,0,0
9,2,2,0,70,1311,651,0,0
5,0,1,0,57,-967,8,0,0
1,1,0,0,27,0,400,0,0
0,1,0,0,28,203,145,0,0
3,0,1,0,34,1988,53,2,0
0,0,0,1,30,319,91,0,0
3,1,1,0,35,470,123,0,0
4,1,-1,1,72,588,66,0,0
5,1,1,0,34,0,66,3,0
0,0,0,0,33,2173,871,0,0
1,0,1,1,38,0,500,0,0
1,0,1,0,32,1389,189,0,0
5,2,1,0,45,59,873,0,0
4,0,2,0,73,542,107,0,0
3,0,2,0,46,620,174,0,0
4,0,2,0,81,243,131,0,0
0,2,0,1,45,-96,95,0,0
0,0,0,0,42,37,299,0,0
5,2,1,0,41,1088,138,0,0
0,1,0,0,30,1161,109,0,0
0,0,0,0,53,1624,107,6,0
9,0,0,0,35,2880,42,0,0
1,0,1,0,60,10925,270,1,0
1,0,0,0,51,0,330,0,0
5,0,1,0,55,9329,181,0,0
1,0,1,0,31,7,116,0,0
1,0,1,1,36,1286,152,0,0
0,1,0,0,30,7845,59,0,0
1,2,1,1,55,929,80,0,0
0,0,0,0,35,0,310,0,0
0,0,1,1,57,287,75,2,0
8,0,0,0,38,380,100,0,0
3,0,2,0,50,383,382,0,0
1,1,1,0,41,2004,254,0,0
3,0,1,0,31,186,257,0,0
3,1,1,0,34,13683,115,0,0
0,0,0,0,50,5969,455,2,0
1,1,1,0,32,-234,24,0,0
3,0,1,0,35,87,60,0,0
6,0,0,0,46,474,445,0,0
3,1,-1,0,24,76,345,0,0
9,0,2,0,53,2581,828,1,0
0,1,0,0,32,1804,73,0,0
5,0,1,0,45,373,17,0,0
4,2,2,0,56,0,27,0,0
6,0,1,0,39,-540,29,0,0
3,1,1,0,25,1857,295,6,0
1,1,0,0,38,0,89,0,0
5,1,1,0,28,4745,360,5,0
6,2,1,1,48,0,263,0,0
5,0,2,0,54,0,520,0,0
0,2,1,0,44,5757,114,0,0
6,0,1,0,34,7,377,1,0
7,1,1,0,30,5223,404,0,0
0,0,0,1,55,856,101,0,0
7,0,1,0,44,304,15,0,0
0,0,1,0,53,2522,478,0,0
0,0,0,0,32,4761,159,2,0
5,0,1,0,52,395,391,0,0
0,0,0,0,59,0,112,0,0
5,0,1,0,56,1504,66,0,0
8,0,1,0,47,0,284,0,0
5,0,1,1,36,-118,263,0,0
5,2,1,0,46,1203,227,0,0
5,0,1,0,37,0,26,0,0
6,0,1,0,31,143,221,0,0
5,1,1,0,52,726,699,9,0
3,0,1,0,43,-509,124,0,0
3,0,1,0,45,0,25,0,0
7,1,0,0,31,3361,457,0,0
0,0,1,0,44,238,147,0,0
0,0,2,0,54,113,76,0,0
3,0,2,0,38,-537,171,0,0
0,1,0,0,30,414,635,0,0
5,2,1,1,39,2679,811,0,0
3,0,2,0,58,6762,9,0,0
6,0,1,0,31,-414,1369,0,0
1,1,1,0,32,5205,352,0,0
7,0,0,0,34,2427,50,1,0
5,0,1,0,46,250,85,0,0
3,0,1,0,36,0,195,0,0
3,1,1,0,32,1721,650,0,0
5,0,1,0,49,3608,252,1,0
3,1,1,1,31,0,111,0,0
1,0,1,0,52,141,160,0,0
1,0,1,0,36,15485,83,1,0
1,0,0,0,30,1570,260,0,0
5,0,1,0,34,475,559,0,0
1,1,0,0,28,959,330,0,0
1,0,1,0,30,398,132,2,0
9,1,2,0,38,199,1203,1,0
5,0,1,1,51,423,84,2,0
8,1,1,0,45,17609,222,0,0
6,0,1,0,28,6567,522,0,0
3,0,1,0,45,130,127,0,0
4,0,-1,0,75,7819,261,4,0
0,1,0,0,37,427,121,0,0
0,1,1,0,30,4642,528,0,0
0,2,0,0,59,-23,287,0,1
6,0,1,0,48,485,254,0,0
1,0,1,0,60,1740,296,0,0
3,2,1,0,33,744,59,0,0
4,0,-1,0,72,413,358,0,0
3,0,2,0,30,145,299,0,0
3,0,1,0,47,8,64,0,0
3,0,1,0,48,861,49,0,0
5,1,1,0,26,614,103,0,0
6,1,1,0,27,-232,285,0,0
4,0,2,0,81,5220,135,2,0
0,1,0,0,32,156,82,6,0
1,0,1,0,41,665,74,0,0
0,1,0,0,33,171,71,0,0
7,0,1,0,46,942,53,0,0
4,0,1,0,58,53,102,0,0
5,0,1,1,27,0,157,0,0
1,1,1,0,26,3244,141,1,0
5,0,1,0,30,358,156,0,0
1,1,1,1,24,135,250,0,0
0,0,0,0,40,4675,263,0,0
2,2,2,0,49,-736,305,0,1
1,0,1,1,55,0,124,0,0
1,1,0,0,38,6889,194,3,0
3,0,1,0,39,1419,9,1,0
1,1,1,1,25,616,117,0,0
1,2,1,0,36,-435,85,0,0
3,0,1,0,31,1981,437,0,0
5,0,1,0,29,494,341,0,0
2,0,2,0,49,137,384,0,0
6,1,1,0,28,899,61,0,0
6,2,1,0,58,796,102,0,0
3,0,2,0,51,3764,450,6,0
4,2,1,0,70,3104,88,0,0
9,0,2,0,51,30,333,0,0
1,2,1,0,50,0,113,0,0
3,0,-1,0,52,2171,567,0,0
3,0,2,0,39,481,204,0,0
5,0,1,0,60,2058,48,0,0
5,1,1,1,32,89,308,0,0
6,2,1,0,46,4329,534,0,0
3,0,1,0,35,0,100,0,0
5,0,1,0,53,2924,800,0,0
3,0,1,1,48,-202,225,0,0
5,0,1,0,46,22,388,0,0
0,0,-1,0,55,0,353,0,0
3,2,2,1,52,98,271,0,0
0,1,0,0,55,430,79,0,0
2,0,-1,0,36,60,557,0,0
5,0,1,0,31,873,147,4,0
6,1,0,1,26,1624,438,0,0
3,0,2,0,46,684,414,0,0
3,0,1,1,46,243,345,0,0
6,1,1,0,33,100,11,7,0
1,0,1,0,41,0,209,0,0
3,0,2,1,37,2079,299,2,0
5,1,1,0,31,4198,234,0,0
0,0,0,0,70,5563,146,0,0
4,0,1,0,59,417,476,0,0
0,2,0,0,55,0,309,0,0
3,0,2,0,42,659,91,0,0
5,2,1,0,34,140,81,1,0
0,0,-1,0,55,3122,349,0,0
0,0,0,0,33,273,803,0,0
0,1,0,1,28,447,217,0,0
5,1,0,0,25,1420,124,0,0
5,2,1,0,47,106,303,0,0
1,0,1,1,46,-59,117,0,0
4,0,2,0,67,1430,499,3,0
3,0,2,0,48,916,37,0,0
5,0,1,0,60,3735,248,10,0
1,0,-1,0,36,756,396,0,0
8,1,0,0,31,498,264,0,0
3,0,1,0,58,1626,391,0,0
2,0,0,1,27,1991,510,0,0
3,1,2,1,26,619,720,1,0
6,1,1,0,38,1076,69,0,0
0,2,0,0,59,3552,690,7,0
0,1,0,0,29,0,112,0,0
0,1,1,1,44,421,307,0,0
5,1,1,0,33,303,483,1,0
0,0,0,0,35,94,239,0,0
3,0,1,0,44,1025,116,1,0
6,0,1,0,57,1433,41,0,0
8,0,1,0,38,565,153,0,0
0,0,2,0,51,6298,14,0,0
1,0,0,0,33,4401,96,1,0
0,0,0,1,47,393,419,0,0
8,0,1,0,37,1978,404,1,0
3,1,1,0,24,-287,504,0,0
6,0,0,0,38,0,239,4,0
0,1,0,0,44,300,48,0,0
1,0,-1,0,52,133,253,0,0
5,2,1,1,53,0,1452,2,0
1,1,0,0,43,27733,164,0,0
6,0,1,0,27,199,108,6,0
5,2,1,1,47,-364,240,0,0
1,1,1,0,38,42,195,0,0
3,1,1,0,34,4536,963,0,0
2,1,0,0,26,725,1916,29,0
0,1,0,0,28,80,676,2,0
6,1,1,0,31,295,78,0,0
6,0,1,0,54,1301,173,0,0
2,0,0,0,44,3850,130,0,0
2,2,0,1,36,776,722,0,0
3,0,2,0,60,631,429,0,0
1,1,1,0,30,458,51,0,0
0,2,0,1,38,1927,527,0,0
6,0,1,0,29,1386,166,0,0
3,0,2,0,41,16431,139,0,0
0,1,0,0,33,28,237,0,0
5,0,1,0,42,-1300,89,0,1
0,0,0,0,36,722,312,0,0
4,0,1,0,56,334,101,0,0
6,1,1,0,25,801,255,0,0
2,1,0,0,35,16,158,0,0
5,1,1,0,32,211,114,0,0
1,1,-1,0,35,726,163,0,0
10,1,-1,0,32,4110,119,0,0
4,0,2,0,61,2686,84,0,0
1,0,0,0,38,180,258,0,0
1,0,0,1,33,79,390,0,0
3,0,1,0,30,-202,166,0,0
3,0,1,0,38,213,270,0,0
6,2,1,0,43,130,193,0,0
7,1,1,1,52,207,179,0,0
0,0,0,0,47,2475,1476,0,0
2,0,1,1,33,0,224,0,0
0,0,0,0,36,274,122,0,0
4,2,1,0,56,-890,467,0,0
6,0,1,1,24,1354,239,0,0
5,1,1,1,28,352,431,0,0
1,1,0,1,31,319,446,0,0
3,0,2,0,55,771,98,0,0
5,0,1,0,31,-474,215,0,0
10,1,1,0,35,188,863,8,0
9,0,2,1,49,935,150,0,0
5,0,2,0,47,31,50,1,0
5,0,1,0,47,2,89,0,0
1,1,-1,0,39,75,26,0,0
1,0,1,1,34,-287,199,0,0
5,1,1,0,40,2854,354,1,0
1,2,1,1,45,1066,124,0,0
0,2,0,1,45,347,53,0,0
4,2,1,0,57,1486,64,0,0
0,0,1,0,25,2228,754,0,0
3,0,-1,1,47,496,151,0,0
3,0,1,0,54,537,226,0,0
3,0,1,0,46,2944,20,0,0
1,0,1,0,53,6831,1130,0,0
3,1,1,0,26,23,11,1,0
9,0,1,0,39,953,23,3,0
0,2,0,0,40,3426,94,0,0
3,0,1,0,55,196,81,0,0
8,0,1,1,55,1108,75,0,1
2,0,0,1,41,3135,160,0,0
3,2,1,0,41,927,343,0,0
1,0,1,0,43,236,169,0,0
3,0,2,0,59,460,224,0,0
5,0,1,0,43,544,187,0,0
0,2,1,1,30,-274,166,0,0
3,0,1,0,38,1403,146,0,0
8,0,0,0,37,7620,367,6,0
9,2,2,0,45,221,93,1,0
3,0,1,0,28,-493,126,0,0
3,0,2,0,38,5839,984,0,0
3,1,2,0,37,0,309,0,0
3,2,2,0,54,2656,1187,2,0
1,1,1,0,56,1437,367,0,0
0,2,0,0,39,299,40,0,0
1,0,1,0,32,3333,50,0,0
10,1,0,0,32,61,130,0,0
0,0,1,1,37,1180,786,1,0
0,1,0,0,47,191,212,0,0
4,0,1,0,60,523,192,0,0
5,0,1,0,46,154,58,0,0
1,0,1,1,38,69,915,0,0
3,0,1,0,44,17,153,0,0
9,0,1,0,50,0,160,0,0
6,1,1,0,37,-196,207,0,0
1,1,1,0,38,4366,188,0,0
1,1,0,1,32,20,193,0,0
0,1,1,0,46,5993,159,1,0
3,0,2,0,37,3154,404,3,0
3,1,1,0,37,180,114,0,0
2,2,0,1,41,285,158,0,0
3,0,2,0,38,1602,100,0,0
1,1,0,0,33,469,158,0,0
0,0,0,1,48,-1080,76,0,0
7,0,1,0,36,0,198,0,0
1,0,1,0,45,89,73,2,0
3,2,-1,0,40,2357,66,0,0
1,0,0,0,32,8023,146,1,0
3,0,2,0,40,-476,105,0,0
6,0,1,0,32,182,277,2,0
0,0,0,0,38,980,662,0,0
1,1,0,0,31,491,237,0,0
3,0,2,0,50,2590,281,6,0
9,2,-1,0,49,2754,18,0,0
3,1,1,0,28,9,115,0,0
0,0,0,0,28,577,152,0,0
6,1,1,1,26,-599,62,0,1
3,1,1,0,45,0,17,13,1
8,0,2,0,57,5126,113,0,0
5,1,1,1,29,543,166,5,0
3,0,1,0,37,426,323,3,0
6,1,1,1,30,1923,114,2,0
8,0,0,1,39,529,673,0,0
3,1,1,0,35,142,293,3,0
1,0,1,0,40,2338,717,0,0
1,2,0,0,51,3962,267,0,0
3,0,1,1,40,718,72,0,0
0,2,1,1,55,698,25,0,0
0,0,0,0,31,546,147,0,0
10,1,1,0,27,213,378,0,0
7,1,1,0,25,933,463,0,0
5,0,-1,0,40,9110,89,0,0
1,0,1,1,35,-215,57,0,0
1,1,1,0,27,1511,74,0,0
3,0,-1,0,45,13265,113,0,0
5,1,-1,0,38,0,64,0,0
0,1,2,0,39,375,80,0,0
0,0,0,0,37,9895,352,0,0
3,1,1,0,27,4,153,0,0
1,0,0,0,47,3690,228,0,0
6,1,1,0,42,3403,160,0,0
5,0,1,0,54,865,71,0,0
0,0,1,0,40,-1545,70,0,1
7,0,2,0,54,1463,60,0,0
3,0,1,0,31,2910,1392,0,0
1,1,1,0,34,486,204,2,0
8,0,2,0,30,1787,79,0,0
-1,0,0,0,59,499,966,0,0
10,1,1,0,24,1957,113,0,0
4,1,1,0,59,2,935,0,0
6,0,1,1,25,51,159,2,0
0,1,0,0,38,4082,322,0,0
4,0,2,1,46,1374,22,0,0
0,0,0,1,33,149,153,0,0
6,0,1,0,34,-62,109,0,0
0,0,0,0,35,3083,274,0,0
6,0,1,0,49,153,123,0,0
4,0,2,0,49,-37,191,0,0
6,1,1,1,28,230,181,0,0
5,1,0,1,35,777,85,0,0
1,2,1,0,47,440,147,0,0
3,1,-1,0,44,-101,143,0,0
0,0,0,0,46,74,15,0,0
3,0,1,0,47,33,27,0,0
1,0,1,0,58,3399,1078,7,0
3,0,2,0,38,10443,370,0,0
1,1,1,0,28,1532,253,5,0
6,1,1,0,26,235,721,0,0
0,0,1,0,37,58,75,0,0
0,1,0,0,50,6030,198,0,0
1,0,1,0,53,1357,123,0,0
0,0,0,0,39,947,124,0,0
6,1,1,0,45,955,3785,0,0
8,0,1,0,40,1289,260,0,0
10,1,-1,0,18,35,104,0,0
5,1,1,0,33,4713,110,0,0
6,0,1,1,33,0,285,0,0
4,2,1,0,53,84,336,0,0
1,0,2,0,48,4656,44,0,0
5,0,1,1,40,-769,64,0,0
3,1,1,0,38,57,21,0,0
2,0,1,1,38,0,258,0,0
3,0,1,0,33,-130,124,0,0
1,1,0,0,32,257,183,0,0
0,1,0,0,37,62,428,8,0
0,0,0,0,37,393,567,4,0
1,0,1,0,29,428,131,0,0
5,0,1,0,50,1917,200,0,0
3,0,1,0,51,500,471,0,0
1,0,1,0,46,863,67,0,0
3,0,1,0,59,169,181,0,0
0,0,0,0,53,3366,128,0,0
6,0,1,0,32,1066,150,9,0
1,0,0,0,43,0,78,0,0
5,2,1,0,46,-454,120,0,0
3,0,1,1,34,1235,464,0,0
3,0,2,0,37,204,161,0,0
0,0,0,0,45,1540,194,0,0
6,1,1,0,37,248,77,2,0
1,1,0,0,33,6281,1057,4,0
6,0,1,1,55,1150,218,0,0
3,0,1,0,53,3036,104,1,0
5,2,2,1,56,0,542,0,0
2,1,0,0,31,1957,112,0,0
9,0,2,0,32,163,132,0,0
8,0,1,0,28,455,286,0,0
1,2,1,0,33,-119,150,0,0
0,1,0,0,31,-365,319,0,1
10,1,0,0,27,66,456,0,0
0,1,0,0,39,1092,205,0,0
0,1,0,0,34,21,74,0,0
0,0,1,0,39,0,224,0,0
4,2,0,1,50,-300,692,0,0
3,0,2,1,28,420,65,0,0
5,0,1,0,35,404,539,0,0
0,0,0,0,44,13853,1329,0,0
6,1,1,0,30,268,226,0,0
5,0,1,0,30,-938,438,0,1
6,2,1,0,37,726,136,2,0
2,0,0,1,56,51439,325,0,0
3,1,1,0,40,1953,78,0,0
3,1,1,1,39,-480,147,3,0
5,1,1,0,22,114,517,0,0
1,0,0,0,56,1476,40,0,0
1,2,1,0,37,695,80,0,0
0,0,0,0,55,10957,514,0,0
2,0,1,1,45,242,510,4,0
1,1,1,0,29,6911,323,0,0
9,1,-1,0,50,0,118,0,0
1,0,1,0,36,930,175,0,0
0,0,0,0,36,6153,240,0,0
1,0,1,1,27,232,1167,0,0
1,2,1,0,38,531,214,7,0
6,0,-1,0,47,0,21,0,1
3,0,1,0,37,0,33,0,0
6,1,-1,0,31,-10,134,0,1
10,1,0,0,26,641,55,1,0
0,2,0,0,48,1401,72,0,0
6,1,1,1,32,335,99,0,0
0,0,0,0,71,13297,265,2,0
0,0,0,0,56,0,194,0,0
5,0,1,0,40,526,851,0,0
7,1,1,0,38,1146,91,0,0
1,0,1,1,28,-579,84,0,0
6,0,1,0,58,2479,292,0,0
5,0,1,1,55,541,512,0,0
10,1,0,0,35,873,197,2,0
5,1,1,0,22,33,369,0,0
0,0,1,0,55,0,324,0,0
5,0,1,0,34,3814,286,0,0
5,0,-1,0,46,5511,414,1,0
3,1,1,0,26,2007,272,2,0
3,0,1,0,37,3574,117,0,0
5,0,1,1,36,212,1201,0,0
6,2,1,0,42,444,171,0,0
3,0,1,0,53,1777,796,1,0
3,0,1,1,35,80,317,1,0
6,1,1,1,25,99,207,0,0
9,0,2,0,37,254,16,0,0
0,0,0,0,51,974,58,0,0
5,1,1,0,37,4803,396,0,0
8,1,0,0,44,810,184,0,0
9,0,1,0,63,2,45,1,0
8,0,1,0,58,18,70,0,0
6,0,2,0,42,0,397,0,0
3,1,1,0,21,820,302,0,0
3,0,1,1,26,-11,1150,0,0
0,0,0,0,43,62,212,0,0
1,2,1,0,40,275,409,0,0
10,1,1,0,28,378,346,0,0
3,0,2,0,32,103,312,0,0
3,0,2,1,35,63,243,0,0
6,0,1,1,53,367,155,2,0
0,0,0,0,58,7387,85,0,0
8,0,1,0,31,314,1341,7,0
9,0,2,0,47,0,1225,0,0
6,0,1,1,34,-16,78,0,0
3,0,-1,1,33,695,148,0,0
3,0,0,1,34,748,161,0,0
6,1,1,0,36,774,231,1,0
1,0,1,0,31,84,264,0,0
6,1,1,1,32,159,46,0,0
3,0,2,0,31,856,303,0,0
3,1,1,0,24,8594,181,0,0
1,1,0,0,35,0,187,0,0
0,0,0,0,42,1993,41,0,0
8,0,1,0,44,1590,349,0,0
5,1,1,1,34,745,76,0,0
10,1,-1,0,34,5827,97,0,0
3,1,2,0,32,354,239,8,0
5,0,1,1,28,0,89,0,0
4,0,0,0,62,0,188,0,0
0,1,0,0,35,151,11,2,0
5,0,1,0,58,2747,907,0,0
5,0,1,0,40,767,168,0,0
3,1,1,0,34,39,138,0,0
5,0,2,0,52,6286,288,0,0
0,0,0,0,44,1954,294,0,0
1,1,1,0,41,650,2420,0,0
5,0,1,1,38,-14,124,0,0
0,1,0,0,44,9956,194,0,0
3,0,2,0,37,3242,233,0,0
0,0,0,1,43,348,88,0,0
0,0,0,0,57,337,59,0,0
-1,1,-1,0,41,942,219,0,0
1,1,1,0,32,28,598,1,0
0,1,0,1,34,673,120,0,0
1,0,1,1,33,18,19,0,1
7,0,1,0,55,2408,327,1,0
5,1,0,1,30,8,76,1,0
5,0,1,0,34,395,258,0,0
1,2,-1,0,47,442,85,0,0
6,2,1,0,32,41,251,11,0
1,0,0,0,41,63,36,0,0
8,0,2,0,49,11,166,0,1
0,0,0,1,51,3604,287,0,0
0,0,0,0,37,-1884,193,0,0
4,0,2,0,67,2301,124,0,0
0,0,0,0,36,806,280,0,0
4,0,1,0,80,668,250,1,0
0,2,0,0,48,4961,64,0,0
5,0,1,0,38,0,225,0,0
2,0,0,0,36,125,95,0,0
1,0,1,0,47,179,55,0,0
9,0,0,0,45,0,100,0,0
3,0,1,0,36,0,184,0,0
5,0,0,0,35,429,143,0,0
9,0,2,0,48,-31,128,0,0
0,1,0,0,30,1466,111,0,0
0,1,0,0,33,-359,59,0,0
5,0,1,0,34,5320,114,5,0
3,0,1,0,55,12401,111,4,0
6,0,2,1,50,5024,661,11,0
10,1,0,0,26,249,445,1,0
0,2,0,0,53,93,219,0,0
0,0,0,0,25,0,20,0,0
7,0,0,0,33,1099,111,0,0
0,0,0,0,33,452,168,0,0
0,0,0,1,51,-892,248,0,0
8,0,1,0,56,2629,293,0,0
8,1,0,0,27,2033,39,0,0
3,0,2,0,49,397,263,0,0
1,2,1,0,33,791,268,0,0
3,0,1,1,29,2378,239,6,0
0,0,0,0,46,523,105,2,0
5,1,1,1,29,345,98,0,0
3,0,-1,0,35,1662,122,0,0
5,1,1,0,41,1715,462,0,0
6,0,1,0,47,5,169,0,0
6,0,1,0,31,428,272,0,0
7,0,2,0,32,286,175,0,0
6,0,1,0,35,1453,199,0,0
0,2,0,0,38,0,49,0,0
1,0,1,1,34,1057,176,0,0
6,0,1,0,43,2145,271,3,0
0,1,0,0,30,499,92,1,0
3,0,1,1,44,1343,414,2,0
5,1,1,0,35,3636,202,0,0
6,0,1,1,32,-220,123,0,1
1,1,1,0,34,18777,535,0,0
1,2,1,0,33,3,222,0,0
3,1,2,0,30,546,396,0,0
0,0,0,0,37,566,463,0,0
3,0,2,0,51,507,85,0,0
4,0,2,0,69,279,26,0,0
1,0,1,0,35,1508,339,0,0
4,0,2,1,57,177,91,0,0
3,1,1,0,32,-84,426,0,0
6,0,2,0,49,1830,136,0,0
1,0,0,0,50,2938,170,0,0
5,0,1,0,54,602,143,0,0
0,0,0,0,37,-76,230,1,0
3,0,2,0,41,0,620,4,0
4,0,1,0,59,2376,766,0,0
0,0,0,1,52,1065,224,1,0
0,1,0,0,32,914,224,0,0
1,0,2,0,60,2301,118,0,0
8,0,1,0,52,1416,218,3,0
1,0,0,0,58,883,543,2,0
0,0,0,0,32,2213,125,7,0
3,0,0,1,27,417,237,0,0
5,1,1,0,36,115,134,1,0
5,0,1,0,35,0,80,0,0
0,1,0,0,31,-201,81,0,0
1,0,1,0,33,1434,200,0,0
0,2,0,1,42,266,228,0,0
0,1,0,0,34,-578,767,0,0
0,0,0,0,44,332,497,0,0
5,0,1,0,33,0,120,0,0
4,0,2,0,48,5173,88,0,0
0,0,0,0,52,388,272,0,0
4,0,2,0,59,2722,145,0,0
6,0,0,1,55,606,114,0,0
9,1,2,0,48,1630,125,0,0
1,0,0,1,41,91,204,0,0
8,0,1,1,28,-42,143,0,0
1,0,1,0,42,440,13,0,0
1,0,1,1,36,412,127,0,0
5,0,1,1,45,434,180,0,0
3,0,2,0,43,-120,46,0,0
3,0,1,0,34,113,16,0,0
3,0,2,0,39,4166,314,0,0
0,1,0,0,33,627,61,0,0
0,0,0,0,31,804,128,0,0
3,0,2,0,33,0,270,0,0
1,1,-1,0,27,555,240,0,0
5,0,1,0,39,46,187,0,0
10,1,1,0,26,1209,57,0,0
3,0,2,1,49,387,67,0,0
1,0,0,0,34,477,128,0,0
3,0,1,0,57,8195,160,0,0
5,0,1,1,26,5231,222,0,0
0,1,0,0,51,824,102,0,0
5,0,1,0,52,7742,149,0,0
1,0,1,0,38,1442,113,1,0
0,2,0,1,43,-166,176,0,0
8,0,1,0,43,0,37,0,0
4,0,2,0,74,4286,195,0,0
6,0,1,0,32,99,152,0,0
2,1,1,0,36,157,41,0,0
2,1,1,0,26,87,225,0,0
0,0,0,1,32,663,62,0,0
7,1,0,0,28,5215,673,0,0
0,1,1,0,39,113,23,0,0
8,1,2,0,30,15261,43,0,0
3,0,1,0,27,484,210,2,0
3,1,1,0,27,446,194,0,0
10,1,-1,0,22,1232,283,2,0
3,0,2,0,57,1352,104,0,0
5,0,2,0,57,286,100,0,0
0,0,0,0,48,732,157,0,0
10,1,1,0,29,48,51,0,0
3,0,2,1,39,579,98,0,0
0,0,2,0,57,1052,227,0,0
1,2,1,0,38,902,650,0,0
6,0,1,0,35,347,282,0,0
9,0,1,0,54,0,103,0,1
10,1,1,0,32,1883,57,0,0
0,0,0,0,32,250,247,0,0
1,0,0,0,34,5060,12,0,0
9,2,2,0,58,0,290,0,0
0,0,-1,0,44,415,7,0,0
3,0,1,0,37,6,174,0,0
8,1,0,0,31,1611,154,0,0
6,0,2,0,57,491,1217,0,0
3,2,2,0,48,338,38,0,0
0,1,0,0,33,12686,470,2,0
0,1,0,0,29,1026,138,2,0
6,2,1,0,39,892,26,0,0
1,2,1,0,38,1294,565,0,0
1,0,1,0,38,284,483,0,0
0,0,0,0,30,739,163,0,0
5,2,1,0,37,0,127,0,0
6,0,1,0,40,17,78,0,0
5,0,1,0,30,0,93,0,0
7,0,0,0,45,240,163,0,0
6,0,1,1,46,-204,234,0,0
1,0,1,1,50,-70,391,1,0
9,2,1,0,44,653,475,0,0
1,2,1,0,45,-14,39,3,0
0,0,0,0,50,0,117,0,0
3,0,1,0,45,640,447,0,0
0,0,0,0,39,1191,139,0,0
3,0,2,1,45,491,63,1,0
0,1,0,0,38,91,492,0,0
3,0,2,0,54,433,252,0,0
3,1,2,1,37,0,118,0,0
0,2,0,0,34,221,150,0,0
3,2,-1,1,40,0,91,0,0
0,0,0,0,46,-191,674,3,0
0,2,1,0,55,394,119,0,0
0,0,0,0,43,1451,11,0,0
2,0,2,0,58,52499,198,0,0
9,0,1,0,38,110,167,0,0
7,0,0,0,60,2149,222,0,0
1,0,0,0,30,541,414,0,0
3,0,1,0,24,0,94,0,0
4,0,1,0,53,1139,107,0,0
5,0,1,0,32,923,819,0,0
5,0,0,1,30,501,92,0,0
3,0,1,0,31,1914,192,0,0
3,0,2,0,33,-3,114,0,0
2,1,0,0,28,104,170,0,0
3,0,1,0,34,856,470,5,0
4,0,1,0,57,81,118,0,0
9,2,2,0,49,198,205,0,0
5,1,1,1,35,-32,366,9,0
1,1,1,1,35,1001,178,0,0
8,0,1,0,40,1960,605,0,0
0,1,0,0,29,0,539,0,0
6,1,1,0,32,11287,92,0,0
3,0,-1,0,47,3460,394,0,0
4,0,2,0,86,1255,192,4,0
3,1,1,0,34,-108,290,0,0
7,0,1,0,54,641,472,2,0
1,2,1,0,41,475,49,0,0
3,0,1,0,38,1434,396,0,0
1,0,1,1,48,32,110,0,0
3,0,2,1,27,-413,422,0,0
0,1,0,0,35,1494,311,2,0
3,0,-1,0,42,732,33,1,0
1,1,1,1,24,246,224,0,0
10,1,1,0,29,154,20,9,0
3,1,1,0,35,297,251,4,0
7,0,0,0,47,3,199,0,0
0,2,0,0,54,1037,612,0,0
3,0,1,0,32,-230,331,0,0
4,0,2,0,56,-1,89,0,0
5,0,0,0,32,0,102,0,0
1,0,1,0,29,767,253,0,0
3,0,2,0,26,104,230,2,0
3,1,1,0,32,33,125,4,0
5,0,1,0,43,0,408,0,0
3,0,1,0,27,77,253,0,0
0,1,1,1,28,471,123,0,0
3,0,1,0,43,-312,26,0,0
6,0,1,0,39,173,96,2,0
6,0,1,1,35,456,100,0,0
1,2,1,1,34,0,374,0,0
2,0,2,0,50,537,11,0,1
1,1,1,1,26,1842,611,0,0
3,0,2,0,36,130,96,0,0
1,0,0,0,32,500,105,0,0
6,0,1,1,47,0,51,0,0
7,0,1,0,35,8883,33,0,0
3,0,2,0,40,676,74,0,0
3,0,2,1,32,2,180,1,0
3,0,2,0,52,9444,271,0,0
0,0,0,0,42,6080,98,0,0
3,2,2,1,35,37,104,0,0
1,2,1,1,53,173,412,1,0
0,0,0,0,49,865,280,0,0
0,0,1,0,31,0,81,0,0
5,1,1,0,37,0,232,0,0
4,2,1,0,53,-477,235,0,0
3,0,1,1,53,380,42,1,0
1,1,1,0,37,1590,121,3,0
9,0,2,0,54,470,104,0,0
1,0,1,0,31,0,347,0,0
3,0,1,0,55,3917,565,0,0
3,0,-1,0,56,665,109,0,0
3,2,-1,0,27,2323,153,0,0
5,0,1,0,53,10541,178,0,0
3,0,2,1,36,277,239,0,0
1,1,1,0,23,28,183,2,0
0,1,0,0,34,417,99,3,0
1,1,0,0,34,612,81,1,0
9,0,2,0,45,106,205,0,0
2,0,0,0,42,-14,58,0,0
3,2,1,0,40,0,135,0,0
5,0,1,0,36,286,167,0,0
3,0,1,0,42,2374,143,0,0
3,0,1,1,30,578,71,1,0
0,0,0,1,39,1654,151,0,0
1,0,1,0,37,318,167,2,0
2,0,1,0,40,6403,208,0,0
2,1,0,0,36,145,450,2,0
5,0,1,1,36,68,157,0,0
1,0,0,0,39,-204,144,0,0
0,2,0,0,36,-252,235,1,0
7,0,1,0,43,5564,45,2,0
2,0,-1,0,53,19,252,0,0
1,0,1,0,36,0,748,0,0
3,0,2,0,40,1802,326,1,0
1,0,1,0,60,0,105,0,0
6,1,0,0,26,238,156,0,0
10,1,1,0,24,1719,161,0,0
5,2,1,0,54,-288,138,0,0
5,0,1,0,40,1538,390,0,0
0,0,0,1,41,103,65,0,0
0,0,0,0,40,543,349,275,0
3,0,1,0,44,167,79,1,0
3,0,1,0,60,2620,523,0,0
0,1,0,0,32,462,252,0,0
0,2,0,1,43,-496,420,0,0
1,0,1,0,53,-440,14,0,0
0,0,0,0,41,2767,75,0,0
8,2,0,0,34,530,57,0,1
7,1,0,0,46,1934,236,0,0
0,0,0,0,32,1208,221,0,0
1,0,1,0,34,0,429,0,0
5,0,1,0,27,-48,168,0,0
0,1,0,0,37,23867,188,0,0
3,0,1,1,29,-478,528,0,0
0,0,0,0,57,17118,102,0,0
4,0,-1,0,78,4807,1002,0,0
5,0,1,1,59,-797,225,0,0
5,0,1,0,55,859,153,0,0
6,0,1,1,36,3972,32,0,0
5,1,1,0,37,16,488,2,0
3,1,2,1,38,0,84,1,0
6,0,1,0,38,-140,456,0,0
3,0,2,0,32,-148,326,15,1
9,0,2,0,58,1274,35,0,0
2,0,1,1,30,-346,88,0,0
5,1,1,0,42,30,98,3,0
5,0,1,1,56,33,111,0,0
5,0,1,0,32,56,275,1,0
3,0,1,0,34,315,76,3,0
4,0,1,0,56,488,146,0,0
8,0,2,0,40,557,173,0,0
0,0,0,0,39,2763,526,0,0
1,0,1,1,32,5560,330,0,0
0,0,1,0,43,-100,227,0,0
9,0,2,0,48,7195,609,0,0
0,2,0,0,54,496,452,0,0
3,2,2,0,46,219,729,0,0
2,0,1,0,40,50,63,0,0
1,0,1,0,40,-282,223,0,0
5,1,1,1,33,16,102,0,0
1,0,1,0,39,0,622,1,0
0,1,0,0,32,264,211,0,0
5,0,1,0,32,-166,129,0,1
5,0,1,0,47,24556,309,0,0
8,1,1,0,27,0,185,0,0
3,1,1,0,41,184,1054,0,0
7,0,0,1,52,2289,81,0,0
5,1,1,0,25,1871,136,0,0
9,0,2,0,57,3570,233,0,0
3,0,2,0,44,3057,98,0,0
1,0,0,0,43,2643,188,5,0
9,0,2,0,35,77,191,0,0
5,1,1,0,42,0,127,0,0
3,0,2,0,59,63,176,0,0
3,1,2,0,26,-579,320,0,0
3,0,1,0,41,-204,50,0,1
2,0,0,1,42,257,340,0,0
6,0,1,0,34,279,498,0,0
1,0,2,0,53,6839,77,0,0
0,0,0,0,35,2088,94,3,0
7,2,0,0,36,149,257,0,0
5,1,2,0,36,91,371,0,0
3,0,-1,0,29,486,422,1,0
7,0,-1,0,45,-257,448,0,0
7,0,2,0,36,1094,291,1,0
1,1,0,1,32,696,270,2,0
5,1,1,0,28,296,218,0,0
0,0,-1,0,59,8674,64,0,0
3,0,1,1,37,427,371,0,0
1,1,1,0,34,475,538,0,0
4,2,2,0,68,250,360,0,0
1,2,1,1,47,-767,329,0,0
0,1,0,0,30,420,618,0,0
3,1,1,0,26,78,43,0,0
8,0,2,0,46,1251,665,0,0
5,1,1,0,50,133,890,0,0
1,1,1,0,27,274,483,0,0
0,0,2,0,59,3831,87,0,0
0,0,0,0,44,1451,80,15,0
1,1,1,0,34,347,154,6,0
3,0,1,0,56,249,791,0,0
6,1,-1,0,30,138,187,0,0
5,0,1,0,35,304,237,0,0
3,0,2,0,51,257,453,0,0
2,0,2,1,29,56,336,0,0
0,0,0,0,33,7154,153,4,0
9,1,2,0,43,1354,183,0,0
3,0,2,0,46,1429,91,0,0
5,2,1,0,41,-106,134,0,0
4,0,0,0,77,0,286,0,0
6,0,1,1,52,-336,111,0,0
5,0,1,0,28,1,50,0,0
1,0,0,0,52,3440,194,0,0
3,0,2,0,54,0,144,0,0
3,0,1,1,50,2013,226,0,0
2,0,1,0,54,0,96,0,0
3,0,1,0,30,309,1574,0,0
6,1,1,0,29,102,154,5,0
5,2,1,0,28,785,442,0,0
3,0,1,0,33,1905,39,2,0
7,0,0,0,53,235,112,0,0
5,0,1,0,41,158,115,0,0
4,0,1,0,72,4130,427,0,0
9,0,2,0,51,1382,226,0,0
9,0,1,1,27,65,59,0,1
1,1,0,0,32,2340,94,2,0
5,0,1,0,34,3487,464,0,0
0,0,1,0,49,466,21,0,0
1,0,1,0,55,3207,158,12,0
3,0,2,0,46,45,235,0,0
3,0,2,1,39,519,117,0,0
1,0,1,0,45,44,95,0,0
5,0,1,0,52,4493,268,0,0
5,1,1,0,38,3823,81,0,0
3,0,1,1,35,274,205,0,0
0,0,1,1,42,0,854,0,0
0,0,0,0,40,700,88,0,0
1,1,-1,1,45,7108,53,3,0
0,0,0,0,46,242,120,1,0
1,0,1,1,44,111,356,0,0
3,0,2,0,42,5,112,0,0
3,0,1,0,48,1394,30,0,0
3,0,2,0,43,46,38,6,0
3,0,1,0,33,2366,249,2,0
1,2,1,0,59,2,164,0,0
5,0,1,0,43,388,111,0,0
0,0,0,0,55,6880,353,0,0
0,0,0,0,43,149,662,0,0
5,1,1,0,27,181,231,0,0
1,1,1,0,24,1234,480,0,0
1,1,0,0,32,0,250,0,0
1,0,1,0,48,101,414,3,0
3,0,1,0,48,2214,607,0,0
9,0,2,0,50,5296,64,0,0
0,0,1,0,47,-521,148,0,0
1,0,1,0,47,275,447,0,0
6,2,1,1,48,569,151,0,0
2,1,1,0,37,926,93,0,0
4,2,1,0,75,1092,250,2,0
3,0,1,1,36,-73,15,0,0
6,0,1,0,56,4763,106,0,0
7,0,1,1,48,1175,62,0,0
3,0,2,1,46,-44,16,0,0
6,0,1,1,39,27,290,0,0
1,1,0,0,33,154,111,2,0
0,0,0,0,43,489,130,2,0
3,1,1,0,28,-46,525,11,0
1,1,0,0,30,2784,161,0,0
6,0,1,0,54,2719,166,2,0
0,2,0,0,52,482,162,1,0
1,0,1,0,47,417,94,0,0
1,1,0,1,44,222,89,0,0
5,1,0,1,31,98,85,0,0
4,0,1,0,72,17739,135,0,0
4,0,0,0,59,0,94,0,0
0,0,0,0,45,96,202,0,0
3,1,2,0,29,105,326,0,0
5,0,1,0,35,0,88,0,0
3,1,1,0,31,609,1126,1,0
5,0,1,0,61,1541,59,3,0
1,0,1,0,39,3643,160,0,0
3,0,2,0,35,422,73,0,0
3,0,1,0,45,54,279,1,0
0,0,0,0,31,10088,72,0,0
0,0,0,0,42,1435,1148,0,0
4,0,1,0,62,13,36,0,0
0,0,0,0,40,964,95,0,0
6,0,-1,0,31,-82,543,0,0
0,0,1,0,50,-1,139,0,0
6,0,1,0,30,442,137,0,0
3,0,2,0,53,6386,170,0,0
0,1,0,0,31,630,70,0,0
0,0,0,0,31,2196,299,0,0
2,1,1,0,29,158,241,0,0
3,0,2,0,45,6753,48,0,0
6,0,1,0,55,283,156,0,0
3,2,1,1,34,882,24,0,0
0,1,0,0,33,215,1058,1,0
4,0,2,0,55,868,207,0,0
0,1,0,1,48,1437,34,0,0
3,2,1,0,43,688,149,0,0
0,1,1,0,30,460,86,0,0
6,1,1,1,27,118,53,0,0
0,0,0,0,45,96,167,1,0
2,1,0,0,37,108,157,0,0
3,2,2,0,41,138,640,0,0
2,0,1,1,31,10,161,9,0
6,0,1,0,58,307,282,0,0
3,0,1,0,46,442,105,0,0
0,1,0,0,32,1756,206,0,0
0,1,0,0,37,7612,1206,0,0
1,1,0,0,28,4987,924,21,0
3,0,1,1,49,0,625,0,0
-1,0,-1,0,47,497,135,0,0
0,0,0,0,37,2401,203,0,0
5,0,1,0,43,378,782,0,0
1,0,1,0,39,1427,454,0,0
5,1,1,1,55,802,100,0,0
0,0,0,0,57,105,415,0,0
3,0,1,0,50,716,444,0,0
3,0,2,0,49,4830,350,0,0
10,1,0,0,30,7513,269,0,0
1,0,0,1,57,-40,88,0,0
8,0,1,0,55,1161,134,0,0
0,1,0,0,26,4683,5,0,0
0,0,0,0,35,93,198,1,0
5,0,1,0,33,56,74,0,0
7,0,0,0,46,2421,1084,4,0
0,0,0,0,44,13893,29,0,0
3,0,1,0,50,-731,401,0,0
0,1,0,0,27,20585,188,0,0
9,1,2,0,43,800,902,0,0
5,0,1,0,50,663,630,0,0
6,0,1,1,56,467,105,0,0
0,1,0,0,36,774,193,0,0
2,0,0,1,38,1649,218,3,0
0,0,0,0,52,576,762,0,0
9,0,0,0,47,2290,54,0,0
3,1,-1,0,34,6141,145,0,0
3,0,2,0,33,392,302,0,0
3,2,2,0,54,215,71,0,0
3,0,1,0,37,398,206,0,0
3,0,2,0,54,1033,152,0,0
6,0,1,0,42,1376,271,4,0
0,1,0,0,23,1506,131,0,0
0,0,0,0,46,0,121,0,0
0,0,0,0,60,3387,636,0,0
1,0,1,0,50,1765,247,0,0
3,0,1,0,48,305,169,0,0
2,0,2,0,38,21,65,0,0
0,1,0,1,30,220,111,0,0
4,0,-1,1,61,-492,333,0,0
7,0,2,0,58,1013,206,1,0
3,0,1,0,32,489,103,4,0
3,0,1,0,55,224,232,0,0
1,2,0,0,38,791,89,0,0
0,0,2,1,39,738,215,0,0
7,0,0,0,29,751,121,0,0
3,1,2,1,28,150,112,0,0
3,2,1,0,36,2843,473,1,0
6,1,1,1,28,231,129,0,0
2,0,1,1,38,61,170,0,0
5,1,1,0,40,90,252,0,0
3,0,1,0,32,136,206,3,0
0,2,0,0,44,2422,399,2,0
3,1,2,0,35,246,157,5,0
1,0,1,0,38,511,190,4,0
3,0,1,0,46,-216,404,0,0
5,0,1,1,33,-111,12,0,0
1,0,1,1,46,1322,514,0,0
1,0,2,0,45,-322,225,0,0
6,1,1,0,34,84,299,0,0
1,2,0,1,35,-995,734,0,0
1,2,0,0,46,288,166,0,0
3,0,2,0,39,0,191,0,0
0,0,0,0,54,0,118,0,0
1,1,1,0,38,1788,391,0,0
6,2,-1,0,57,1877,225,1,0
5,2,1,0,48,238,76,0,0
2,0,1,0,36,0,187,1,0
3,0,1,0,50,173,7,15,0
5,0,1,0,27,953,340,0,0
3,0,1,1,51,575,168,0,0
3,0,2,0,59,595,208,0,0
1,1,0,0,33,390,161,1,0
-1,0,-1,0,59,1541,790,0,0
8,1,0,0,47,2500,240,0,0
3,0,0,0,46,1497,374,0,0
6,1,1,0,36,528,225,0,0
3,2,2,0,58,1299,58,0,0
5,0,1,0,28,1595,268,4,0
7,0,1,0,45,140,192,0,0
6,0,1,0,58,2745,161,2,0
1,1,0,0,30,2325,134,8,0
0,1,0,0,31,2734,858,0,0
4,2,1,0,60,935,8,0,0
6,1,1,0,31,658,100,0,0
1,0,1,0,49,905,385,2,0
1,0,1,0,33,0,113,0,0
1,0,1,0,31,106,101,0,0
1,0,1,0,29,782,131,0,0
3,0,1,1,30,3653,167,0,0
2,0,1,1,37,35,73,0,0
0,0,0,0,47,1425,113,0,0
3,0,1,0,36,520,110,0,0
5,1,1,0,29,-349,233,0,0
0,0,1,0,34,2311,59,0,0
3,0,1,0,49,55,112,0,0
10,1,0,0,30,2539,199,0,0
3,0,2,0,32,474,198,0,0
3,1,1,0,33,56,290,0,0
3,0,1,0,36,0,72,0,0
1,0,1,0,39,3494,139,4,0
3,0,1,0,58,-37,140,0,0
0,1,0,0,38,0,213,0,0
0,1,0,0,31,2915,228,1,0
0,1,-1,0,34,6013,612,0,0
9,1,0,0,29,453,126,0,0
6,0,1,0,55,0,102,1,0
6,2,1,0,56,935,136,3,0
9,1,0,0,47,3232,541,3,0
1,0,0,0,39,508,154,0,0
1,1,0,0,36,306,111,0,0
0,1,0,0,33,6807,163,0,0
0,0,0,0,36,669,91,0,0
4,0,1,0,52,1956,384,0,0
0,0,0,0,53,694,130,0,0
0,2,0,0,46,743,36,0,0
9,0,2,0,57,2785,610,0,0
3,2,1,0,51,1069,247,0,0
10,1,0,0,33,254,558,0,0
3,0,1,0,37,417,1212,0,0
3,2,2,0,55,39,343,0,0
6,1,1,1,41,-675,147,0,0
3,0,1,1,42,1598,1463,0,0
3,0,1,1,31,255,295,0,0
1,0,1,0,33,4790,137,2,0
0,0,0,0,47,60,282,0,0
0,0,0,1,44,6203,129,0,0
1,0,0,1,36,-290,150,3,0
3,0,1,0,53,2047,342,0,0
3,0,1,0,33,-253,89,0,0
2,0,0,0,58,853,1149,0,0
1,1,0,0,30,1646,251,6,0
4,2,-1,0,65,300,245,0,0
1,1,1,0,36,1615,622,0,0
1,0,1,0,48,1152,168,0,0
3,0,1,0,36,753,351,0,0
3,0,1,1,28,-185,170,0,0
7,1,1,0,42,429,96,0,0
0,1,0,0,29,1218,258,0,0
0,0,0,0,34,11,123,1,0
9,0,2,0,58,935,272,0,0
4,0,0,0,60,3461,94,2,0
0,0,1,0,56,1560,89,0,0
6,2,1,0,35,394,154,0,0
1,0,0,0,45,2359,199,0,0
0,1,0,0,33,1998,570,0,0
0,1,0,0,44,3812,172,0,0
1,2,0,1,26,3154,350,1,0
0,0,-1,0,43,5172,57,0,0
2,0,0,0,35,355,183,1,0
4,0,1,1,59,1449,437,0,0
3,0,1,0,36,106,51,0,0
0,2,1,0,43,1387,296,0,0
3,1,2,1,44,343,19,0,0
4,2,1,0,60,496,655,0,0
4,0,2,0,57,-64,147,0,0
3,0,1,0,49,0,189,0,0
3,1,1,0,34,186,342,0,0
10,0,1,0,27,119,781,0,0
0,1,0,0,38,7303,164,0,0
0,0,1,0,44,781,112,0,0
1,1,-1,0,42,2193,305,0,0
3,0,1,1,49,24,168,0,0
0,0,0,0,32,2349,134,0,0
3,0,2,1,47,421,52,0,0
5,0,1,0,58,451,729,0,0
3,0,1,0,31,1358,527,0,0
6,1,2,0,34,654,604,0,0
5,0,1,0,51,907,722,0,0
1,0,0,1,26,8,262,0,0
0,0,0,0,29,8103,473,0,0
-1,0,1,0,63,367,173,7,0
6,0,1,0,45,561,340,0,0
3,1,0,0,28,4099,116,0,0
0,0,0,0,40,0,41,0,0
9,0,2,0,64,768,371,0,0
4,2,0,0,58,-1598,104,0,0
5,1,1,0,36,133,632,14,0
3,0,1,0,52,698,38,0,0
1,0,2,0,39,169,133,0,0
0,0,0,0,35,2123,249,0,0
0,1,0,0,34,340,633,0,0
10,1,1,0,28,0,15,0,0
0,0,0,0,30,4328,262,11,0
4,0,2,0,72,4657,255,8,0
5,2,1,0,56,3337,99,0,0
1,0,1,0,33,-74,198,0,0
3,0,-1,1,43,245,112,2,0
3,0,1,0,52,-17,37,0,0
1,1,1,0,34,1076,70,0,0
4,1,1,1,25,366,102,2,0
3,0,2,0,36,345,400,0,0
1,1,0,0,37,197,175,1,0
3,0,1,0,55,233,813,3,0
6,1,2,0,38,-87,531,0,0
5,0,0,0,44,1588,84,0,0
0,0,0,0,57,779,282,1,0
2,0,0,0,40,1953,112,0,0
0,0,0,0,30,24,207,0,0
0,0,2,0,55,113,306,3,0
6,1,1,1,33,3269,381,1,0
1,0,0,0,37,0,93,0,1
7,0,0,0,31,1015,112,0,0
7,0,0,0,41,6000,265,0,0
0,0,0,1,34,4714,123,0,0
3,0,2,0,44,4031,983,0,0
0,0,0,0,50,0,199,1,0
1,1,0,0,25,1693,96,0,0
5,0,1,0,33,220,345,0,0
3,0,1,0,53,208,333,0,0
0,1,0,0,28,725,137,0,0
1,2,1,0,31,202,146,0,0
7,0,-1,0,56,0,130,0,0
3,2,1,1,38,889,362,0,0
6,1,1,1,48,133,451,1,0
6,1,1,0,29,79,811,3,0
0,1,0,0,34,-322,198,0,0
5,1,1,0,32,3950,232,1,0
5,0,2,0,52,64,9,0,0
3,0,2,0,53,4143,200,0,0
5,1,0,0,37,2317,114,2,0
4,0,0,0,57,3571,708,0,0
6,0,1,0,47,24,271,0,0
0,1,0,0,31,10215,139,0,0
3,2,1,0,41,-224,108,0,0
4,0,1,0,58,255,362,0,0
0,0,2,0,48,0,107,0,0
1,0,0,0,37,247,625,0,0
8,0,0,0,29,53,128,0,0
9,0,1,0,48,0,330,0,0
4,0,1,0,57,975,166,0,0
3,0,2,0,27,106,150,0,0
1,0,1,0,32,2802,157,0,0
5,1,1,0,26,125,63,7,0
1,0,1,0,33,3,212,0,0
6,0,1,0,56,1989,336,2,0
4,0,2,0,68,1759,185,0,0
1,1,1,0,30,1112,133,0,0
1,1,0,0,34,2,60,0,0
10,1,1,0,20,29,85,0,0
0,0,2,1,40,1231,184,0,0
3,1,1,0,36,50,38,0,0
2,1,2,0,38,154,197,0,0
3,0,1,0,51,397,293,0,0
3,0,2,0,29,608,184,0,0
9,0,1,0,40,4610,154,0,0
3,0,1,0,47,1875,157,0,0
6,0,1,0,56,473,416,0,0
3,1,2,0,41,156,47,0,0
0,0,0,0,51,2430,266,0,0
1,2,1,0,33,557,89,1,0
0,2,0,0,43,443,219,0,0
7,1,0,0,25,453,134,0,0
5,0,1,0,34,-297,92,3,0
5,2,1,0,50,797,205,8,0
6,0,1,1,33,930,149,0,0
1,0,1,0,59,-247,131,0,0
7,0,0,0,37,1624,559,0,0
0,0,0,0,55,13578,247,0,0
3,1,1,1,27,36,114,0,0
0,1,0,1,29,573,190,0,0
3,0,1,0,39,1508,281,0,0
9,0,1,0,40,163,158,0,0
1,1,1,1,25,-55,242,0,0
3,0,-1,0,40,486,97,0,0
0,0,0,0,37,387,128,1,0
1,0,-1,0,32,196,196,0,0
1,1,1,0,23,4545,200,0,0
5,0,1,1,47,26,71,0,0
0,0,1,0,34,879,712,1,1
3,1,1,0,35,507,43,0,0
3,0,1,0,33,101,235,4,0
0,1,0,0,61,2,131,3,0
1,1,0,0,34,586,43,2,0
3,0,2,0,31,2198,423,2,0
4,0,1,1,56,393,103,1,0
8,0,2,0,44,51,289,0,0
3,0,1,0,22,-295,150,0,0
0,1,0,0,35,2988,179,0,0
0,0,1,0,45,625,13,0,0
0,0,-1,0,44,282,700,3,0
10,1,0,1,22,1161,119,0,0
1,0,0,1,50,199,79,0,0
1,0,1,0,45,115,108,0,0
3,0,1,0,40,6767,97,0,0
9,1,1,0,42,578,44,0,0
4,0,2,0,56,334,128,0,0
2,0,0,1,52,618,166,0,0
0,0,0,0,38,569,105,1,0
6,0,-1,0,53,18,503,0,0
5,0,1,0,36,110,185,0,0
0,2,0,0,46,-130,144,0,0
3,0,2,0,47,683,106,0,0
3,0,2,0,30,201,219,12,0
3,0,1,0,49,0,66,0,0
3,1,2,0,45,847,294,0,0
7,1,0,0,38,5774,406,5,0
1,0,1,0,38,6728,232,4,0
7,0,0,0,37,804,94,1,0
4,0,2,1,59,1634,836,0,0
0,0,0,0,56,382,244,0,0
6,2,1,0,33,1529,41,0,0
10,1,2,0,30,1527,94,0,0
1,0,1,1,46,3434,148,1,0
3,2,2,0,35,0,200,0,0
6,0,1,1,41,-140,190,0,0
4,0,1,0,56,1454,479,0,0
0,0,1,0,52,4873,381,9,0
0,0,0,0,46,-3,728,0,0
0,0,0,1,54,1197,11,0,0
1,0,1,0,50,2406,197,0,0
0,0,0,1,39,0,301,0,0
3,0,1,0,45,-302,78,0,0
5,2,1,0,52,1135,248,0,0
3,0,2,0,38,1630,101,19,0
6,1,1,0,31,481,106,2,0
0,0,0,0,51,15904,504,0,0
5,1,0,1,31,5,75,1,0
3,1,1,0,32,201,71,0,0
-1,1,1,0,25,3,136,0,0
3,0,1,0,31,1787,201,0,0
3,1,2,0,31,985,178,0,0
1,1,1,0,27,1,261,0,0
0,0,0,1,41,0,330,0,0
7,0,0,0,53,2013,268,0,0
1,0,-1,0,37,189,162,0,0
7,1,1,0,36,15,186,0,0
3,0,1,0,45,52,122,0,0
5,2,1,0,40,-105,385,0,0
3,1,1,0,35,0,113,0,0
3,0,1,0,35,63,139,0,0
0,1,-1,0,34,1534,156,7,0
8,1,1,0,35,0,740,0,0
8,0,1,0,37,86,1424,0,0
0,1,0,0,32,643,287,0,0
1,0,1,0,35,5535,0,0,0
1,1,0,0,30,849,81,0,0
0,0,0,0,32,2667,171,2,0
8,2,1,0,34,354,308,0,0
0,2,0,0,39,373,148,0,0
1,2,1,0,34,259,316,0,0
3,0,1,0,44,476,473,0,0
3,0,2,0,49,4140,205,0,0
6,2,1,0,57,4664,22,1,0
3,0,2,0,29,715,170,0,0
5,0,1,0,51,924,215,0,0
3,0,-1,0,37,622,175,0,0
1,0,1,0,54,479,222,0,0
0,0,-1,0,49,0,99,0,0
0,0,0,0,34,5334,385,0,0
3,1,2,0,39,267,322,0,0
2,0,0,0,54,345,183,0,0
6,0,1,0,44,983,123,0,0
6,0,1,1,35,240,161,0,0
0,0,0,0,31,156,657,0,0
1,1,0,0,36,4644,29,0,0
6,0,0,0,54,0,282,0,0
8,0,1,0,45,736,13,0,0
0,1,0,0,31,44,95,0,0
1,0,1,0,42,4791,88,0,0
5,0,1,0,35,287,115,8,0
3,0,1,0,42,429,110,1,0
3,1,1,0,24,1857,473,0,0
0,2,0,0,47,10399,59,0,0
1,1,1,1,28,909,532,0,0
1,0,1,1,44,366,212,0,0
0,1,0,0,31,3142,164,0,0
4,0,1,0,62,816,28,0,0
3,0,1,0,47,7985,347,0,0
7,0,0,0,58,584,124,0,0
6,1,1,0,31,1015,100,0,0
3,0,1,0,48,5078,139,0,0
1,1,1,0,33,671,45,0,0
7,1,0,0,37,1116,184,0,0
3,0,-1,0,37,603,773,0,0
0,0,0,0,43,9,142,3,0
1,2,1,0,38,273,314,0,0
9,0,2,1,39,-106,1114,0,0
3,0,2,0,56,409,176,0,0
7,0,1,0,51,4920,392,0,0
3,0,2,0,60,11,15,0,0
10,1,0,0,27,39,379,10,0
1,0,1,0,39,694,413,0,0
6,0,1,0,32,21,144,0,0
0,1,0,0,27,390,190,1,0
5,0,1,0,47,1210,604,4,0
6,1,1,0,49,459,58,0,0
5,1,1,0,53,1958,164,0,0
1,0,1,1,40,8536,487,0,0
3,1,1,0,24,9883,210,0,0
7,0,0,0,30,163,149,8,0
0,0,-1,0,45,9051,124,0,0
9,0,1,0,62,2,322,0,0
5,2,1,0,31,1890,588,0,0
7,0,0,0,62,3685,181,0,0
0,1,0,0,34,436,312,0,0
0,0,0,0,45,655,693,0,0
1,1,1,0,31,1014,158,0,0
0,2,0,0,46,25,564,0,0
3,0,1,0,34,2076,257,0,0
3,0,1,0,50,887,287,0,0
4,2,1,0,74,4079,343,0,0
6,1,1,0,28,159,345,0,0
5,0,1,1,31,-170,252,1,0
4,0,1,0,58,502,197,3,0
4,2,2,0,65,1840,191,7,0
3,1,2,0,30,413,148,4,0
3,0,1,0,43,7973,100,0,0
1,0,1,0,43,4945,219,2,0
1,0,2,0,54,-1818,271,0,0
7,0,0,0,49,2143,226,0,0
3,0,1,0,29,-114,132,2,0
0,0,0,1,56,830,1201,0,0
6,0,1,0,26,116,319,0,0
2,0,1,0,55,653,193,1,0
4,0,1,0,34,165,99,1,0
4,0,-1,0,65,820,432,0,0
0,1,1,0,39,36,70,0,0
5,1,1,0,46,1693,427,0,0
4,0,0,0,56,281,96,0,0
3,2,1,0,38,614,314,1,0
3,0,2,0,39,0,117,0,0
8,0,1,0,32,93,203,0,0
6,1,-1,0,43,0,73,0,0
7,0,1,0,58,28318,168,0,0
1,0,1,0,50,389,110,0,0
9,0,2,1,47,20,564,0,0
0,0,0,0,35,231,130,0,0
3,0,1,0,46,3696,161,0,0
6,2,1,0,30,341,54,1,0
3,0,2,0,54,-239,29,0,0
7,0,0,0,36,682,13,0,0
5,0,1,0,39,1388,150,0,0
1,0,-1,0,32,1879,115,0,0
3,0,1,0,46,6215,155,0,0
2,0,1,0,39,5562,149,0,0
0,0,0,1,56,856,70,7,0
1,2,1,0,51,107,593,0,0
1,0,1,1,55,956,116,0,0
3,0,1,0,37,672,129,0,0
1,0,0,1,28,203,188,0,0
0,2,0,0,51,119,112,0,0
5,1,1,0,34,151,590,1,0
0,1,0,0,38,1819,101,0,0
7,1,0,0,26,211,168,0,0
3,0,1,0,31,714,254,0,0
4,0,-1,0,74,7819,165,0,0
1,0,1,0,34,-74,98,4,0
1,0,0,0,34,11126,140,0,0
1,0,1,1,51,0,68,0,0
1,0,1,0,52,291,143,0,0
0,0,0,0,39,3,1145,1,0
3,0,2,0,30,262,15,3,0
0,0,0,0,38,165,526,2,0
0,0,0,0,54,1331,240,0,0
1,1,0,0,30,3,174,0,0
7,0,0,0,58,-364,355,0,0
1,0,1,0,35,688,137,0,0
0,2,0,0,42,826,316,0,0
5,0,1,1,31,3052,115,2,0
3,0,2,0,37,3977,264,0,0
5,2,1,0,44,4842,322,0,0
6,1,1,1,26,128,264,0,0
1,2,-1,0,34,975,263,1,0
0,1,0,0,34,2205,635,0,0
1,0,0,0,29,676,93,4,0
0,0,0,0,50,4278,53,0,0
3,0,2,1,56,5,407,0,0
3,0,2,0,32,5511,408,16,0
1,1,1,0,45,31,177,0,0
5,1,1,0,37,-332,284,0,0
0,1,1,0,27,116,138,0,0
2,0,2,0,41,39,549,0,0
3,1,1,1,31,-806,205,0,0
0,0,0,0,41,72,764,0,0
3,0,1,0,40,598,69,0,0
1,0,0,0,31,1570,213,5,0
3,2,-1,0,55,276,35,0,0
-1,2,2,0,56,558,119,0,0
0,0,0,0,55,540,124,0,0
6,1,1,1,29,473,180,0,0
2,2,1,0,35,-69,300,0,0
1,1,1,0,42,823,137,0,0
0,0,0,0,38,1308,626,0,0
3,0,2,1,46,248,196,0,0
6,1,1,0,31,68,169,0,1
7,0,2,0,37,67,138,0,0
0,0,0,1,37,547,143,0,0
3,0,1,0,45,0,215,0,0
5,1,1,0,26,141,19,6,0
6,0,1,1,51,-437,130,0,0
3,0,2,0,38,3289,553,0,0
0,0,0,0,51,1990,251,0,0
1,1,0,0,40,693,427,0,0
5,0,1,0,38,1,76,0,0
4,2,2,0,51,1193,85,0,0
5,0,1,0,26,354,282,5,0
5,1,1,0,27,1,86,0,0
6,0,1,1,33,7,55,0,0
3,0,1,0,47,71,170,1,0
1,0,1,0,57,192,119,0,0
2,0,1,0,38,2849,166,0,0
2,1,0,0,30,999,157,0,0
3,1,1,0,34,3723,47,0,0
0,0,0,0,29,5698,198,0,0
1,0,1,1,48,0,964,0,0
0,1,0,0,36,317,348,0,0
1,2,1,0,51,7928,124,0,0
0,0,1,0,52,264,68,0,0
3,1,1,0,37,2032,158,0,0
3,0,1,0,44,1340,244,0,0
1,1,1,0,30,7,75,0,0
0,1,0,0,30,2592,50,0,0
4,0,2,0,80,2954,144,0,0
1,0,1,0,38,1063,51,2,0
1,0,1,0,51,500,26,0,0
0,2,0,0,46,194,97,0,0
0,0,0,0,39,28433,247,0,0
0,0,0,0,33,85,702,0,0
9,0,0,0,61,746,108,0,0
3,0,1,0,36,-308,279,0,0
0,0,0,0,29,-346,290,0,0
3,0,2,1,60,14,781,3,0
3,1,1,0,23,4084,118,0,0
1,1,1,0,31,4040,213,0,0
3,0,1,1,39,854,181,0,0
6,1,1,0,35,568,469,0,0
1,0,0,0,37,88,195,3,0
2,2,1,1,49,10350,346,0,0
0,1,0,0,37,8066,57,0,0
10,1,1,0,30,1681,329,0,0
5,0,1,0,40,2574,517,0,0
1,1,1,0,36,75,485,4,0
1,0,2,0,43,4844,434,0,0
1,2,1,0,45,0,165,0,0
3,0,2,1,57,47,326,0,0
2,1,0,0,34,1295,246,0,0
8,0,1,0,35,547,527,0,0
9,2,2,0,50,34,160,0,0
0,0,0,0,35,0,563,0,0
10,1,0,0,28,3,135,1,0
0,1,0,0,47,551,124,0,0
0,0,0,0,36,1355,256,0,0
6,1,1,0,44,492,56,2,0
2,0,1,0,43,0,122,0,0
3,0,1,0,50,235,71,0,0
1,1,0,0,37,6101,60,1,0
4,0,2,1,59,5521,94,0,0
0,0,0,1,34,99,264,0,0
5,2,1,0,30,10,658,0,0
3,0,1,0,38,748,98,0,0
1,2,1,0,35,0,162,0,0
8,0,2,0,38,-363,340,0,0
3,0,2,0,42,1673,636,0,0
5,1,1,0,46,148,85,0,0
1,1,0,0,53,118,431,0,0
1,0,1,1,40,-432,1464,0,1
3,0,2,0,36,1580,615,0,0
0,0,0,0,36,332,566,0,0
2,1,1,0,48,0,236,0,0
0,0,0,0,38,3452,132,0,0
0,0,0,1,46,1038,200,0,0
3,0,1,0,37,125,679,0,0
6,0,1,0,52,1645,248,0,0
0,2,0,0,56,442,77,0,0
0,0,0,0,29,1258,287,0,0
0,0,1,0,50,0,97,0,0
0,0,0,0,36,114,342,0,0
0,1,0,0,47,8106,340,0,0
10,0,1,0,40,260,197,0,0
3,0,1,0,37,454,115,0,0
5,2,1,0,48,1180,142,3,0
1,0,1,1,41,201,53,0,0
3,1,1,0,46,332,11,0,0
0,1,0,0,32,23,137,0,0
6,0,1,0,35,1385,331,0,0
3,1,1,0,31,0,387,0,0
1,1,-1,0,23,231,560,1,0
6,0,1,1,33,114,676,0,0
0,1,0,0,32,1966,176,0,0
7,0,1,0,42,1508,178,0,0
0,1,0,0,30,6825,217,0,0
5,0,1,0,45,256,135,0,0
3,0,1,1,55,1078,41,0,0
0,0,0,0,36,3537,115,0,0
3,0,1,0,48,917,103,0,0
9,0,1,0,39,1444,362,0,0
1,0,1,0,50,7098,92,0,0
1,1,1,0,24,2355,158,0,0
3,0,2,1,37,398,309,0,0
1,2,1,0,43,305,674,4,0
0,0,0,0,28,264,183,0,0
5,2,1,1,44,-43,206,0,0
5,2,0,1,29,0,426,0,1
3,0,1,0,42,-972,146,0,0
5,1,0,0,32,902,50,0,0
4,0,1,1,57,274,41,0,0
9,0,2,0,31,2603,224,0,0
4,0,0,1,60,6684,173,0,0
0,1,0,0,29,642,156,0,0
3,1,2,0,28,442,157,0,0
1,1,1,1,51,511,67,0,0
1,1,1,0,33,12177,76,0,0
1,1,0,0,24,368,197,0,0
6,0,1,0,37,4017,665,1,0
0,0,0,0,59,5397,671,0,0
3,0,1,0,37,287,191,0,0
0,0,0,1,56,1674,143,0,0
0,1,0,0,49,1093,152,0,0
10,1,0,0,28,1562,659,0,0
3,1,1,1,38,1012,69,0,0
0,0,0,1,39,278,60,0,0
6,0,1,1,51,-178,48,0,0
6,0,1,1,46,1227,135,0,0
5,0,1,0,38,66,51,7,0
7,0,1,0,47,2,236,0,1
1,0,1,0,32,253,76,3,0
3,0,1,0,32,1879,591,0,0
3,0,2,0,33,415,316,4,0
1,0,0,0,39,123,127,0,0
0,1,0,0,41,1355,179,0,0
0,0,0,0,31,303,143,0,0
0,0,0,0,35,440,110,0,0
1,0,-1,0,52,668,212,0,0
2,0,1,0,38,351,112,3,0
4,0,2,0,60,219,235,0,0
3,0,2,0,40,-388,195,1,0
3,0,1,1,45,28,215,1,0
3,0,2,0,52,2977,286,0,0
1,1,0,0,33,125,66,0,0
3,0,2,0,48,1080,197,0,0
3,1,1,0,26,-188,198,0,0
1,1,1,0,29,534,382,0,0
6,2,2,0,37,-475,27,0,1
5,0,-1,0,43,350,437,0,0
5,0,1,0,33,0,326,0,0
10,1,1,0,36,3551,134,0,0
1,1,0,0,35,2453,119,0,0
5,0,1,1,36,162,340,0,0
0,0,0,0,57,375,135,0,0
3,0,2,0,36,8326,20,0,0
4,0,0,0,58,1425,224,0,0
0,0,0,1,40,-83,131,0,0
10,1,-1,0,34,2321,600,5,0
0,0,0,0,59,0,90,2,0
5,2,1,0,39,-349,611,0,0
6,0,1,0,28,0,335,8,0
0,1,0,0,33,2360,268,0,0
0,2,-1,0,57,854,480,5,0
0,2,0,0,35,788,297,0,0
0,1,0,0,52,-334,402,0,0
3,0,2,0,33,-81,267,0,0
0,0,0,0,34,690,95,0,0
1,0,1,1,52,279,197,0,0
3,2,1,0,46,138,277,0,0
0,0,0,0,46,473,201,0,0
7,0,0,0,43,3003,358,0,0
0,0,2,0,48,606,589,6,0
0,2,2,0,38,2064,296,0,0
0,1,0,0,27,1840,220,8,0
4,0,2,0,65,343,159,0,0
1,0,1,0,51,0,70,0,0
1,0,0,0,32,8023,219,2,0
5,1,0,0,31,253,82,4,0
4,0,-1,0,60,79,301,0,0
3,0,2,0,56,770,59,0,0
5,1,1,0,29,305,138,0,0
1,0,1,0,56,582,114,0,0
3,2,2,0,32,158,728,1,0
4,0,0,1,58,941,254,0,0
1,2,0,0,30,317,165,5,0
3,0,1,1,30,2,291,1,0
0,1,0,1,47,324,72,0,0
3,0,2,1,47,1452,166,0,0
5,1,1,1,35,10,357,4,0
1,1,2,0,27,1022,445,0,0
3,0,1,1,24,-389,1242,0,0
0,0,0,0,41,24,130,0,0
5,0,1,0,35,-257,117,0,0
0,0,0,0,47,288,193,1,0
0,1,1,1,25,1923,71,0,0
9,0,2,1,31,-367,352,0,0
3,1,1,0,32,-219,446,2,0
0,0,0,1,31,-692,117,0,0
4,0,2,0,82,103,368,0,0
5,0,1,0,43,1159,114,0,0
0,1,0,0,34,5284,198,0,0
7,2,0,0,61,52587,290,0,0
1,1,0,0,31,849,94,0,0
0,2,0,0,59,3390,43,0,0
4,0,2,1,47,-468,268,0,0
3,0,2,1,52,336,381,0,0
3,1,1,1,32,604,95,0,0
2,0,1,1,34,-139,492,0,0
3,0,1,1,31,2289,79,1,0
1,2,1,0,54,2749,341,0,0
0,0,0,0,47,0,491,0,0
1,1,2,0,35,744,1096,0,0
1,0,1,0,57,1078,10,0,0
0,0,0,0,31,3160,688,0,0
3,0,1,0,38,1627,1323,0,0
6,0,1,0,50,901,8,0,0
1,1,0,0,29,0,104,0,0
7,1,0,0,40,628,90,0,0
1,2,1,1,31,-174,113,0,0
5,0,1,0,34,256,388,0,0
6,0,1,0,50,992,407,0,0
0,0,1,0,61,967,180,0,0
2,0,1,0,44,-848,468,0,1
0,0,0,0,35,43,860,0,0
3,0,2,0,29,50,185,0,0
5,0,1,0,47,769,183,2,0
1,0,-1,0,42,1559,155,1,0
0,1,0,0,32,0,9,0,0
1,2,1,0,46,0,135,0,0
5,0,1,0,45,3493,498,0,0
3,0,1,0,32,1,102,0,0
0,0,0,0,59,123,70,0,0
1,2,-1,0,51,3560,334,0,0
0,1,0,1,33,373,169,1,0
3,0,1,0,44,3060,113,2,0
6,1,1,0,32,6857,216,0,0
5,0,1,0,31,713,373,0,0
1,1,1,0,31,0,239,0,0
4,2,0,1,55,1218,145,0,0
-1,0,-1,0,47,194,108,0,0
4,0,1,0,68,445,475,0,0
2,0,0,0,34,842,141,0,0
5,0,1,1,44,6,114,0,0
3,0,2,0,42,3405,221,0,0
9,0,0,0,34,4958,175,1,0
3,0,1,0,52,1319,37,0,0
3,0,2,0,55,728,247,0,0
8,0,1,1,47,3287,126,0,0
1,1,1,0,30,4787,99,0,0
3,0,2,0,39,1564,57,0,0
3,0,1,1,33,-346,29,0,0
5,0,1,1,52,1113,83,0,0
6,2,1,1,47,-1730,178,0,0
1,0,1,0,53,4807,255,0,0
3,0,1,0,34,2,6,0,0
0,1,0,0,34,1494,596,1,0
7,0,0,0,49,206,108,0,0
1,0,1,0,33,264,180,0,0
4,0,0,1,56,839,630,2,0
5,1,0,0,37,12581,155,0,0
5,0,1,0,48,344,364,2,0
3,0,1,0,59,135,197,0,0
3,1,0,0,34,-303,17,2,0
2,0,2,0,56,84,184,0,0
0,0,0,1,48,586,179,0,0
1,1,0,0,32,1527,172,3,0
0,0,0,0,30,1908,222,0,0
6,1,1,0,40,326,124,1,0
0,0,0,0,32,0,387,0,0
8,0,1,0,36,17458,390,0,0
2,0,1,1,44,-165,184,0,0
3,0,2,0,59,638,170,0,0
-1,0,-1,0,48,558,433,0,0
1,1,1,1,24,987,208,0,0
3,0,1,0,35,645,114,0,0
0,2,0,0,44,0,54,0,0
8,1,1,0,45,33,437,0,0
0,0,0,0,38,655,389,0,0
5,1,1,1,25,131,237,0,0
1,1,1,1,30,-232,118,0,0
5,0,1,0,30,2284,154,0,0
0,0,0,0,41,1387,154,0,0
6,0,1,0,45,1550,127,0,0
3,0,2,0,40,665,177,1,0
0,0,2,0,46,312,113,0,0
6,0,2,0,40,352,258,0,0
0,2,0,0,33,1,26,1,0
1,0,1,0,50,1412,131,0,0
0,2,0,1,48,657,251,0,0
4,2,0,0,78,1016,524,0,0
9,0,2,0,59,935,103,2,0
3,0,2,0,34,-144,79,0,0
3,0,2,0,53,1409,464,1,0
0,0,0,0,34,115,117,0,0
4,2,0,0,53,599,322,0,0
4,0,1,0,71,2064,379,3,0
3,0,2,0,45,-66,263,0,0
7,1,1,0,30,299,679,0,0
3,0,2,0,41,381,305,0,0
4,2,2,0,81,949,188,1,0
3,1,1,0,33,-320,268,0,0
5,0,1,0,35,4698,359,0,0
0,1,0,0,32,202,16,0,0
5,0,1,0,34,50,89,0,0
3,0,-1,0,40,-4,311,0,0
0,0,1,0,57,3381,75,0,0
6,0,2,1,51,636,36,0,0
6,0,1,0,48,1355,409,0,0
10,1,2,0,19,103,104,0,0
0,1,0,0,30,376,710,0,0
3,2,1,0,36,221,189,0,0
1,2,1,0,38,566,44,2,0
3,0,1,1,38,-288,68,2,0
3,0,2,0,37,1534,126,0,0
0,0,0,0,42,-323,135,0,0
0,1,0,0,26,-130,216,0,1
0,0,0,1,56,171,610,0,0
3,0,-1,0,57,4148,340,0,0
1,1,1,0,30,1286,44,0,0
2,1,0,0,52,3469,653,0,0
0,0,0,0,51,2635,209,3,0
5,0,1,1,50,1241,49,0,0
0,0,0,0,42,441,296,0,0
4,0,2,0,57,2961,128,0,0
1,0,1,0,32,1242,183,0,0
9,0,2,0,60,182,141,10,0
6,0,1,0,43,43,199,0,0
6,1,1,0,22,344,347,0,0
1,1,1,0,31,798,66,0,0
0,0,2,0,42,5310,545,1,0
3,0,1,0,38,1005,76,0,0
3,1,1,0,39,1170,383,0,0
3,0,1,0,46,942,425,0,0
5,1,1,1,29,210,140,0,0
0,0,0,0,34,3402,88,0,0
7,1,0,0,30,655,272,1,0
0,1,0,0,29,0,116,0,0
3,1,1,0,25,1966,209,0,0
1,0,0,1,33,17455,343,0,0
1,0,0,0,44,1454,156,0,0
3,1,1,0,35,546,161,0,0
0,0,0,0,33,271,801,0,0
2,0,1,0,29,291,205,0,0
6,1,1,0,32,-23,185,1,0
0,0,0,0,52,2708,231,0,0
0,1,0,0,35,704,164,0,0
10,0,-1,0,29,2229,25,1,0
5,2,0,0,33,891,398,0,0
0,1,0,0,37,1379,319,0,0
1,1,1,0,31,754,145,0,0
1,2,0,0,43,27,412,0,0
1,0,1,1,30,-306,203,0,0
2,1,0,0,31,667,152,0,0
5,1,1,1,26,581,444,0,0
0,2,0,0,43,20,590,2,0
7,2,0,0,36,6385,70,0,0
2,1,1,0,26,101,810,1,0
3,1,1,0,35,0,371,1,0
0,1,0,0,36,0,136,0,0
1,1,1,0,38,1932,159,0,0
1,0,0,0,37,512,61,0,0
8,1,1,0,27,154,24,0,0
4,0,0,0,80,3669,166,0,0
2,0,0,0,37,41,388,0,0
1,0,1,0,54,4475,108,0,0
0,0,0,0,37,238,149,0,0
3,0,1,1,42,865,81,0,0
10,1,0,0,24,235,118,0,0
10,1,1,0,27,268,528,2,0
0,0,0,1,48,500,53,0,0
0,0,1,0,35,0,490,0,0
0,0,-1,0,40,3165,77,0,0
3,0,1,0,42,1134,424,0,0
3,0,1,0,56,324,213,0,0
1,1,-1,0,55,776,67,0,0
3,2,2,0,56,7396,115,0,0
3,0,2,0,34,2720,115,5,0
5,0,1,1,42,645,42,0,0
0,1,0,0,31,153,65,0,0
3,0,1,0,28,251,754,0,0
3,0,2,0,53,655,103,0,0
1,0,1,0,32,580,8,2,0
5,2,1,0,51,467,83,0,0
3,0,2,0,33,5,1007,0,0
0,1,0,0,43,946,40,0,0
1,0,1,0,53,480,648,0,0
3,0,2,0,42,-181,297,0,0
6,2,1,0,52,0,530,0,0
3,0,2,1,34,-319,134,0,0
3,0,1,0,44,-225,319,0,0
3,0,2,1,52,117,164,0,0
6,1,1,0,55,1126,166,0,0
3,0,2,0,31,2198,532,0,0
0,1,0,0,39,-401,274,0,1
5,2,-1,0,56,4246,304,0,0
0,1,0,1,36,2032,736,0,0
2,0,0,1,54,1544,82,0,0
1,1,0,0,39,393,281,0,0
1,1,1,0,58,641,229,0,0
3,1,2,0,24,388,193,0,0
1,1,1,0,31,845,168,0,0
6,1,1,0,43,37,329,0,0
1,0,1,1,57,253,230,0,0
3,1,1,0,31,216,128,0,0
0,0,0,0,40,193,105,0,0
0,0,0,0,36,86,104,3,0
3,0,0,0,51,2404,30,0,0
9,0,2,1,26,158,416,0,0
5,0,1,0,28,-156,161,0,0
1,0,1,1,35,0,199,0,0
6,0,1,0,34,0,78,0,0
0,0,0,0,37,57,345,0,0
0,1,0,0,45,5769,59,0,0
6,1,1,0,39,-388,1135,0,0
3,0,1,0,41,-68,429,0,0
0,1,0,0,26,6840,1560,0,0
8,1,2,0,27,1088,201,0,0
5,1,1,0,30,211,473,0,0
1,0,1,0,41,0,411,8,0
0,0,0,0,36,336,178,0,0
1,1,0,0,27,11862,217,6,0
5,0,2,0,54,546,40,0,0
6,0,1,0,34,0,55,0,0
0,1,0,0,33,2364,508,0,0
8,0,0,0,34,10,71,0,0
1,1,0,0,32,34646,618,0,0
0,0,0,0,50,101,43,1,0
1,1,1,0,25,1231,412,0,0
7,0,0,0,26,10005,84,0,0
2,0,0,0,39,6495,280,0,0
0,0,0,0,36,128,733,0,0
0,0,0,1,56,505,221,3,0
7,0,1,0,50,306,37,0,0
0,1,0,0,26,1027,744,0,0
2,0,0,0,40,70,57,0,0
4,0,0,0,58,0,641,0,0
3,2,2,0,42,301,1175,0,0
3,0,1,0,36,504,481,0,0
3,1,0,1,52,-517,340,0,1
2,0,1,0,38,3249,384,0,0
1,0,1,0,42,422,400,0,0
3,2,1,0,48,1893,538,0,0
6,1,1,0,29,9,19,0,0
1,1,0,0,35,1924,285,0,0
1,0,0,0,32,514,414,0,0
3,0,2,0,42,2519,262,0,0
3,1,1,0,40,6915,156,0,0
1,0,1,0,44,135,262,0,0
0,0,1,0,54,1150,660,0,0
4,0,2,0,60,3,227,0,0
0,0,0,0,25,51,127,0,0
0,1,1,0,36,1898,243,0,0
1,0,1,1,31,0,144,0,0
5,0,0,0,32,57,530,0,0
5,1,1,0,28,25,109,0,0
5,1,1,0,29,130,134,0,0
5,0,1,0,53,257,222,0,0
7,0,0,0,53,4675,60,0,0
6,1,1,0,38,91,207,0,0
7,0,1,1,29,123,247,3,0
3,0,2,0,34,2320,63,0,0
6,0,1,0,45,462,65,0,0
10,1,1,0,30,5836,165,0,0
6,0,1,0,31,203,359,0,0
2,0,0,0,41,2249,231,0,0
0,0,0,0,49,6493,180,0,0
5,0,1,1,48,-160,84,0,0
3,0,1,0,30,-269,293,0,0
10,1,1,0,30,48,217,2,0
1,2,1,0,51,0,177,0,0
1,0,0,0,34,0,52,0,0
5,1,0,0,31,117,77,0,0
1,0,0,0,27,13,24,0,0
3,0,2,0,46,783,73,0,0
9,0,2,0,44,2351,250,0,0
1,0,1,1,35,692,133,0,0
3,0,1,0,46,431,157,1,0
10,1,-1,0,19,779,184,0,0
6,0,1,0,35,0,343,1,0
4,2,1,0,55,282,99,0,0
1,0,1,0,37,1120,88,5,0
5,0,2,0,52,208,377,0,0
3,2,1,0,41,3622,1135,0,0
3,0,1,0,30,4389,82,0,0
3,0,1,0,43,1559,123,0,0
7,0,1,0,55,4493,272,0,0
0,1,0,0,48,159,229,6,0
3,0,1,1,27,1341,254,0,0
3,1,-1,0,47,2443,422,0,0
1,1,1,0,41,2300,160,0,0
10,1,1,0,23,780,267,0,0
4,0,1,1,57,-37,354,0,0
1,2,1,0,36,433,173,0,0
0,1,0,1,35,48,226,0,0
0,2,0,1,46,4917,5,0,0
3,2,2,0,48,323,230,0,0
6,1,1,0,25,94,32,0,0
6,0,1,0,30,271,365,0,0
1,0,1,1,33,-1040,130,0,0
3,0,1,1,34,241,85,0,0
3,2,2,1,50,155,58,0,0
2,0,0,1,37,0,226,0,0
1,0,1,0,45,1971,182,0,0
0,0,1,0,43,1424,39,0,0
0,1,0,0,35,1120,4,2,0
7,1,1,0,32,-616,74,0,0
0,1,0,0,35,397,594,0,0
0,1,0,0,37,695,233,0,0
3,0,2,0,40,-7,410,0,0
3,0,2,1,49,512,126,0,0
8,2,0,0,41,-198,165,0,0
3,0,2,0,52,1364,164,0,0
1,1,1,0,31,1447,236,15,0
0,0,0,0,35,376,223,0,0
1,1,1,0,30,1352,321,0,0
3,0,2,1,33,245,253,0,0
8,1,2,0,28,1374,203,0,0
0,0,0,0,45,409,144,0,0
5,0,2,1,38,464,86,0,0
1,1,1,0,31,23,97,1,0
5,1,1,0,30,915,370,0,0
4,0,2,0,57,7938,133,0,0
1,0,1,0,30,671,96,0,0
0,2,1,0,35,910,77,0,0
3,0,1,1,53,0,152,0,0
3,1,1,0,34,47,810,0,0
3,1,1,0,31,1415,485,0,0
5,1,1,0,29,405,84,1,0
7,0,1,1,32,217,317,0,0
0,0,0,0,36,591,109,0,0
5,0,1,0,47,0,213,1,0
8,0,1,0,35,194,192,0,0
10,1,0,0,20,556,15,0,0
1,1,1,1,40,1001,148,0,0
7,0,1,0,38,215,70,1,0
3,0,1,1,42,314,269,0,0
0,1,0,0,39,1340,287,0,0
6,1,1,0,27,-151,283,0,0
1,1,-1,0,23,314,666,0,0
7,0,1,0,42,399,296,0,0
0,1,0,0,38,0,59,0,0
1,0,1,0,55,978,259,0,0
2,2,1,1,37,175,753,0,0
3,2,1,0,37,48,133,0,0
0,0,0,0,58,0,85,0,0
3,0,2,0,32,391,728,0,0
0,0,0,0,58,9683,857,0,0
3,0,1,0,33,0,454,0,0
4,2,0,0,64,17875,173,0,0
5,0,-1,0,37,463,158,0,0
5,0,1,1,35,0,105,0,1
3,2,2,0,56,0,134,0,0
1,1,1,0,33,608,58,0,0
0,0,0,0,47,7708,157,0,0
7,1,0,0,24,91,134,0,0
0,1,0,0,41,1982,558,0,0
3,0,2,0,42,1059,163,0,0
6,2,1,1,41,-198,133,0,1
3,0,2,0,25,172,95,0,0
3,0,1,0,33,7063,116,0,0
1,1,1,1,27,430,78,0,0
0,1,0,0,26,1646,524,5,0
0,0,0,0,34,0,176,0,0
0,2,0,0,53,2894,163,0,0
1,1,1,1,27,1359,199,0,0
0,2,0,0,43,1133,131,0,0
6,2,1,0,35,440,103,1,0
5,0,1,0,33,2,201,0,0
1,0,1,0,32,1547,289,4,0
3,1,1,0,29,2891,293,0,0
0,2,0,0,48,148,152,0,0
1,0,1,0,35,19,268,0,0
7,2,0,1,33,454,134,0,0
2,0,1,0,37,1290,87,0,0
3,2,2,0,47,1279,479,0,0
4,0,0,0,64,1644,569,0,0
1,1,-1,0,32,317,452,2,0
5,0,1,0,41,1010,47,1,0
3,1,1,0,31,1207,163,0,0
3,0,2,0,47,205,128,0,0
5,0,1,1,53,1228,116,1,0
8,0,1,0,40,488,222,0,0
6,0,1,0,42,737,762,0,0
0,0,0,0,36,27359,71,0,0
1,2,0,0,37,39,74,0,0
0,0,0,0,35,520,458,5,0
1,0,1,0,57,402,153,0,0
3,0,1,0,31,512,109,0,0
0,1,0,0,32,1613,24,0,0
5,2,1,0,60,162,74,0,0
7,1,0,0,30,48,140,0,0
1,0,0,0,40,84,715,0,0
3,1,1,0,46,152,33,0,0
0,0,0,0,51,-3,79,0,0
0,0,0,0,31,322,249,0,0
5,0,1,0,39,201,263,0,0
0,1,0,1,37,-70,147,0,0
3,0,1,0,40,0,225,0,0
6,0,1,0,47,1717,216,0,0
8,0,1,1,41,1077,207,2,0
1,0,2,0,57,19,158,0,0
3,0,2,0,47,304,185,0,0
2,0,0,0,58,146,186,0,0
7,0,1,0,47,0,174,0,0
6,0,1,0,59,0,437,5,0
6,1,1,0,31,32,190,0,0
0,0,0,0,35,2801,70,2,0
3,0,1,0,44,1944,222,0,0
1,0,1,0,52,0,67,0,0
6,0,1,0,31,71,740,0,0
3,1,1,0,31,397,134,7,0
4,0,1,0,60,2060,454,3,0
6,1,0,0,31,461,145,0,0
2,0,0,0,41,171,209,4,0
7,0,0,0,34,191,59,0,0
3,1,2,0,47,159,7,13,0
7,1,1,0,31,762,312,0,0
9,0,2,0,44,1037,319,0,0
7,0,1,0,38,138,182,0,0
1,0,1,0,31,28,175,0,0
5,0,1,0,43,24,183,2,0
3,1,2,0,55,39,128,0,0
0,0,0,0,54,11,452,0,0
3,0,2,0,56,2163,31,0,0
0,1,0,0,31,53,165,0,0
6,0,1,0,24,4500,733,0,0
6,0,1,1,49,-106,10,0,0
0,2,0,0,38,219,478,0,0
5,0,1,1,27,710,653,2,0
1,0,1,0,51,427,233,0,0
3,0,1,0,52,633,292,0,0
4,0,1,0,57,63,91,0,0
0,2,0,0,39,295,68,0,0
5,0,1,0,59,145,556,13,0
0,1,1,0,36,992,351,0,0
6,0,1,0,40,111,134,0,0
1,0,1,0,44,78,122,1,0
0,2,0,0,46,1297,716,0,0
3,0,1,0,46,640,215,4,0
3,0,1,1,56,771,254,0,0
0,0,2,0,32,5,194,0,0
5,1,1,0,32,1411,124,0,0
3,0,1,1,51,22,178,0,0
1,1,0,0,25,3411,225,0,0
2,1,1,0,26,101,723,0,0
6,0,1,1,45,-406,276,0,0
0,0,0,0,52,19797,966,0,0
0,2,-1,0,39,401,126,0,0
6,0,1,0,44,1872,175,3,0
5,0,1,1,34,0,127,0,0
3,0,1,0,33,0,211,0,0
0,0,0,0,44,53,233,0,1
8,1,1,0,29,486,151,1,0
6,0,1,0,33,334,23,0,0
2,0,2,0,47,668,908,0,0
3,1,1,0,52,510,324,0,0
3,2,1,0,43,16,485,0,0
3,0,2,0,41,1500,101,0,0
3,0,2,0,42,666,202,0,0
1,2,-1,0,56,1939,121,0,0
5,0,1,0,35,126,268,0,0
8,0,1,0,51,1416,345,0,0
0,2,-1,0,57,2986,222,1,0
7,1,0,0,40,1616,1009,0,0
1,1,1,0,44,3959,187,0,0
0,2,0,0,32,219,111,0,0
6,1,1,0,31,24,135,0,0
0,0,0,0,29,135,225,0,0
2,2,0,0,34,262,371,0,0
1,2,1,0,40,-163,290,0,0
1,0,1,1,30,1534,243,0,0
0,0,0,0,37,11,326,0,0
1,1,0,0,35,211,53,0,0
5,0,1,0,40,3234,82,0,0
6,0,1,1,53,-2,144,0,0
1,0,1,0,52,963,74,0,0
3,1,2,0,35,398,34,0,0
6,0,1,0,54,193,179,0,0
4,0,1,0,55,1,79,6,0
0,0,0,0,41,2251,338,0,0
3,0,2,0,36,0,149,0,0
0,0,0,0,45,677,253,2,0
3,0,1,0,51,984,353,0,0
3,0,2,0,55,1470,85,0,0
1,0,1,1,40,96,276,2,0
-1,0,2,0,52,247,268,0,0
5,0,1,1,43,186,32,0,0
0,1,0,0,30,5359,145,2,0
1,0,1,0,35,723,324,0,0
0,0,0,0,50,536,75,0,0
6,0,1,0,36,0,346,1,0
6,0,1,0,46,1400,25,0,0
0,1,0,0,31,0,38,0,0
3,2,2,0,32,473,204,0,0
0,0,1,1,59,0,60,0,0
3,1,2,1,26,2363,569,0,0
1,2,1,1,46,1,200,0,0
3,1,1,0,38,0,102,0,0
0,0,0,1,36,-1629,337,0,0
8,0,2,0,49,518,1917,0,0
6,0,1,0,42,1376,712,0,0
0,0,0,0,36,0,86,17,0
10,1,1,0,19,526,122,0,0
0,2,0,0,34,528,233,0,0
6,0,1,0,40,1358,96,0,0
8,1,0,0,28,497,1602,0,0
3,1,2,0,35,47,317,0,0
5,0,0,0,27,565,148,0,0
3,0,-1,0,39,295,254,0,0
3,1,2,1,24,111,42,0,0
0,1,1,0,46,244,244,0,0
0,1,0,0,35,4348,1074,8,0
3,0,-1,1,42,345,307,0,0
3,1,2,0,33,611,390,0,0
1,0,1,0,43,275,69,0,0
3,0,2,0,50,0,72,0,0
0,0,0,0,41,4063,110,0,0
2,0,2,0,44,58,113,0,0
3,1,1,0,28,0,386,0,0
4,2,2,0,54,477,335,0,0
3,2,1,0,40,94,121,1,0
3,1,1,0,33,-366,81,0,0
6,0,2,0,44,-79,179,0,0
3,0,1,0,33,0,305,0,0
5,0,0,0,36,0,837,0,0
1,0,1,0,32,641,336,0,0
1,2,1,0,36,54,1642,0,0
5,0,1,0,32,2664,242,0,0
2,0,2,1,54,3343,216,0,0
7,0,0,0,40,2977,375,1,0
6,1,1,0,33,969,107,0,0
1,0,1,0,57,104,86,0,0
5,0,1,1,45,171,292,0,0
1,0,1,0,34,50,106,0,0
1,0,1,0,52,2079,68,0,0
0,2,0,0,40,290,184,0,0
5,1,0,1,21,242,131,0,0
5,0,1,0,54,3136,104,1,0
3,1,1,0,28,235,102,0,0
3,0,1,0,28,255,602,0,0
3,0,2,0,45,6691,211,0,0
5,0,1,0,29,300,487,0,0
3,0,2,0,30,-430,648,0,0
6,0,0,0,50,218,388,0,0
2,2,0,1,55,461,267,0,0
5,1,1,0,24,172,114,0,0
1,0,1,0,56,2065,71,0,0
3,0,2,0,45,31,393,1,0
4,2,2,0,47,2576,188,0,0
3,0,1,0,42,705,52,0,0
1,1,1,0,42,1037,231,0,0
-1,0,-1,0,47,750,188,0,0
3,2,1,0,34,1614,228,1,0
3,0,1,1,31,-325,389,0,0
0,1,0,0,60,0,161,0,0
0,0,1,0,35,2311,659,1,0
0,0,0,0,62,2785,270,0,0
1,1,1,0,29,286,70,0,0
0,0,0,0,29,10576,1224,0,0
0,2,0,0,50,201,248,0,0
3,0,1,0,36,330,777,0,0
3,0,1,1,40,-605,143,0,0
10,1,1,0,21,164,78,0,0
3,2,1,0,25,2428,376,0,0
3,1,2,0,49,1164,72,0,0
1,2,1,0,37,4965,222,0,0
1,0,1,0,43,0,154,0,0
0,1,0,0,31,0,391,0,0
9,2,0,0,52,4306,107,0,0
6,0,1,0,32,914,434,1,0
0,0,1,1,33,67,316,0,0
6,0,1,1,32,252,148,0,0
5,1,1,0,37,1113,237,0,0
0,0,0,0,34,6808,8,0,0
3,1,1,0,30,7773,705,0,0
1,1,1,0,27,-437,352,2,0
1,1,1,0,38,145,109,0,0
7,1,0,0,31,8460,68,0,0
8,1,-1,0,33,170,327,0,0
1,0,2,0,50,570,21,0,0
4,0,-1,0,59,0,213,0,0
6,0,2,1,43,-88,313,2,0
3,0,2,0,54,258,29,0,0
2,2,0,0,57,873,441,0,0
0,1,0,0,32,7419,248,0,0
3,0,-1,0,35,444,59,0,0
5,1,1,0,36,0,137,0,0
3,2,2,0,58,8218,141,10,0
4,0,2,0,74,5539,390,3,0
8,0,2,0,45,2,413,0,0
1,1,0,1,33,288,343,0,0
3,0,1,0,30,136,101,0,0
5,0,1,0,44,26,105,0,0
3,0,2,0,56,0,82,0,0
5,0,1,1,53,350,113,2,0
3,0,2,0,41,3140,87,0,0
3,1,1,0,30,4,692,0,0
0,1,0,0,34,6766,210,0,0
2,1,0,0,31,37,281,0,1
3,0,1,0,32,101,191,0,0
6,0,1,0,52,10021,174,0,0
0,0,-1,0,55,1504,338,0,0
5,0,1,0,58,92,180,0,0
4,0,1,0,55,3948,266,0,0
4,0,0,0,60,1141,66,0,0
1,2,1,0,54,51,123,0,0
5,0,1,1,40,0,145,0,0
3,0,1,0,39,123,81,0,0
1,1,1,0,31,4888,475,2,0
1,0,1,0,46,231,117,0,0
5,0,1,0,47,1060,83,0,0
5,2,1,0,44,2999,717,0,0
5,0,1,0,31,-581,562,0,0
0,0,1,0,44,8262,150,16,0
5,1,1,0,47,15,181,0,0
0,2,0,0,43,187,175,0,0
0,0,0,1,57,29,294,0,0
1,0,-1,0,51,-168,56,0,0
3,1,2,0,24,147,102,0,0
5,1,1,0,28,1323,361,0,0
1,0,1,0,34,384,127,1,0
0,0,0,0,30,144,23,0,0
1,2,0,0,31,1200,62,0,1
2,0,1,0,60,2525,94,0,0
3,0,2,0,45,114,77,0,0
1,0,1,1,27,-147,239,0,0
3,0,1,0,31,1017,514,0,0
2,0,0,0,39,0,422,0,0
1,1,0,0,28,-31,257,0,0
0,2,0,0,32,883,798,5,0
0,1,0,0,50,1200,904,0,0
3,0,2,0,49,-57,161,0,0
4,0,1,1,55,-180,307,0,0
0,0,0,0,37,0,637,0,0
0,0,0,0,43,0,147,0,0
0,0,0,0,37,6815,92,2,0
3,0,1,0,31,631,211,2,0
0,1,0,1,32,435,676,0,0
0,0,-1,0,65,2352,354,13,0
9,0,2,0,49,360,6,0,0
1,0,0,0,36,202,237,2,0
1,1,1,0,27,-646,135,0,0
4,0,1,0,53,352,58,0,0
1,0,1,0,45,639,192,0,0
10,1,0,0,26,193,48,0,0
3,0,1,0,47,1203,239,0,0
4,0,1,0,57,3738,178,8,0
1,0,1,0,31,0,326,0,0
1,1,1,0,39,1820,231,0,0
7,0,0,0,56,0,122,0,1
0,0,0,0,40,5142,147,1,0
1,1,1,0,32,6710,48,0,0
1,1,0,0,32,127,168,0,0
3,0,1,1,44,466,158,1,0
5,2,1,0,36,-611,222,0,0
0,1,0,0,30,572,339,2,0
6,0,1,0,35,1279,114,0,0
0,0,0,0,34,-218,126,0,0
0,0,0,0,51,-265,435,0,0
1,1,1,0,36,333,44,0,0
1,0,0,0,35,1526,236,4,0
1,1,0,0,34,-6,79,0,1
1,0,1,0,27,1103,123,0,0
3,0,2,0,50,808,302,0,0
3,0,1,1,46,345,86,3,0
7,0,0,0,49,271,140,0,0
3,0,2,0,45,0,64,7,0
3,0,2,0,46,596,404,0,0
1,0,1,0,59,316,200,0,0
5,1,1,0,31,12,208,0,0
0,0,1,0,42,-34,176,0,1
7,0,0,0,67,1979,105,0,0
6,1,1,0,26,0,23,0,0
8,0,2,0,47,3723,108,0,0
8,0,0,0,44,1151,127,0,0
5,1,1,1,30,219,91,0,0
0,1,2,1,40,1527,317,0,0
0,1,0,0,22,374,158,0,0
3,1,1,1,38,340,260,0,0
9,0,2,0,51,1521,24,0,0
1,1,1,1,27,1842,687,1,0
0,0,0,0,52,967,472,0,0
3,1,1,0,27,-27,498,0,1
6,1,-1,0,47,1784,385,0,0
0,0,0,0,41,-456,427,1,0
0,1,0,0,27,731,335,0,0
0,1,0,0,25,565,175,0,0
0,0,1,0,38,1066,78,0,0
0,0,0,0,38,173,32,0,0
5,0,1,1,34,747,248,0,0
1,2,0,0,38,-530,236,0,1
3,0,1,1,27,821,23,41,0
0,1,0,0,31,4319,515,5,0
1,2,1,0,55,3450,169,1,0
7,2,0,1,37,60,426,0,0
3,0,2,0,39,292,394,0,0
3,1,0,0,39,263,160,6,0
1,0,0,0,51,-3,91,0,0
1,0,1,0,39,9121,147,0,0
3,0,2,0,44,3753,122,0,0
6,0,-1,0,49,1499,87,0,0
6,1,1,0,30,572,237,4,0
4,0,2,0,77,989,95,0,0
6,0,1,0,56,22196,189,0,0
4,2,0,0,57,3875,130,0,0
1,0,1,0,40,2715,125,0,0
1,0,1,0,35,353,17,0,0
-1,0,0,0,46,5837,71,0,0
5,2,0,1,36,289,67,4,0
3,0,2,1,32,2291,489,24,0
3,0,1,0,40,498,55,4,0
3,1,2,1,35,227,414,0,0
3,1,1,1,33,1036,323,2,0
0,0,0,0,34,1674,113,7,0
0,2,0,0,50,30,76,0,0
6,0,-1,0,51,6,282,0,0
0,1,0,0,27,72,131,0,0
0,1,1,0,33,2859,105,0,0
3,0,2,1,31,292,30,0,0
6,0,1,1,34,2918,246,2,0
5,0,1,0,44,4826,102,4,0
4,0,2,0,67,585,109,0,0
3,0,1,0,37,132,336,0,0
2,0,1,0,43,0,1025,0,0
3,0,2,0,50,2167,123,0,0
1,0,1,0,35,548,457,0,0
0,1,0,0,39,889,78,4,0
4,0,2,0,65,3713,43,0,0
3,1,2,0,53,210,984,1,0
10,1,1,0,26,5296,229,1,0
5,2,1,1,34,0,194,0,0
7,0,0,0,34,0,117,0,0
3,0,1,1,39,230,38,0,0
3,0,2,0,33,0,675,0,1
7,0,1,1,50,4440,12,0,0
6,2,1,0,52,765,27,0,0
3,0,1,0,26,245,16,0,0
1,0,1,0,30,436,138,8,0
3,1,1,0,27,-46,97,8,0
5,1,0,0,33,272,326,2,0
1,0,1,0,33,118,103,0,0
5,0,1,0,30,667,154,0,0
0,0,0,0,36,125,355,0,0
0,0,2,0,39,1749,46,0,0
3,2,2,0,46,1927,241,0,0
4,0,0,0,64,2139,230,2,0
0,0,0,1,36,6172,126,0,0
7,0,1,0,49,1683,61,0,0
9,0,0,0,32,357,175,0,0
7,0,0,0,33,1278,649,0,0
7,0,1,1,31,296,171,0,0
0,0,0,0,32,958,151,0,0
5,0,1,0,38,2549,103,0,0
5,1,0,1,27,313,167,3,0
0,0,0,1,35,232,249,0,0
1,1,0,0,46,568,51,0,0
6,0,1,0,52,108,543,0,0
5,0,1,0,37,764,108,0,0
2,0,0,0,47,362,97,0,0
7,0,0,0,53,1672,176,1,0
3,1,1,0,29,1232,258,2,0
3,0,2,0,48,134,315,0,0
7,0,2,0,36,0,97,0,0
6,1,1,0,48,-470,544,0,1
4,0,1,0,52,1282,148,0,0
0,0,0,0,40,570,105,0,0
5,0,1,1,28,254,333,0,0
3,1,1,0,27,2752,165,0,0
3,0,1,0,27,245,121,2,0
3,0,1,0,48,709,117,3,0
0,1,0,0,33,215,144,0,0
7,1,2,0,57,6056,18,0,0
5,0,1,0,42,1133,161,3,0
2,0,1,0,37,351,169,0,0
3,0,2,0,37,89,51,0,0
7,0,0,0,42,753,31,0,0
0,1,0,0,32,0,244,1,0
5,0,1,0,39,-650,123,1,0
0,0,0,0,33,62,102,1,0
1,1,0,0,32,502,442,0,0
1,0,1,1,39,-241,337,0,0
7,0,1,0,44,706,204,0,0
3,1,2,0,26,102,89,0,0
3,0,1,0,38,1205,45,1,0
5,0,0,0,39,722,141,0,0
8,0,1,1,43,174,308,0,0
3,0,1,0,46,176,131,0,0
4,0,1,1,61,195,179,0,0
5,0,1,0,30,873,792,0,0
0,1,0,0,38,889,197,0,0
8,1,1,0,54,380,696,0,0
3,1,1,0,36,206,17,0,0
6,0,0,1,33,546,54,1,0
0,0,0,0,33,752,104,0,0
6,0,1,0,53,341,423,0,0
6,0,2,0,41,450,374,0,0
2,0,0,0,50,1605,22,0,0
3,0,2,0,50,421,445,0,0
0,0,1,1,36,10,310,0,0
1,0,1,0,33,1029,345,0,0
0,0,0,0,48,567,20,0,0
1,1,1,0,30,601,80,1,0
-1,0,2,0,52,547,33,0,0
6,0,1,0,42,154,346,1,0
0,0,0,0,58,361,503,0,0
7,0,0,0,31,94,579,0,0
1,0,-1,0,48,460,99,0,0
3,0,2,0,35,234,88,0,0
5,1,-1,0,38,13,21,0,0
1,0,1,1,47,3519,193,1,0
6,0,1,0,32,183,17,0,0
2,2,0,1,49,1145,36,0,0
3,0,1,0,44,87,193,0,0
0,2,1,0,43,51,430,0,0
3,0,1,1,38,732,269,0,0
6,1,1,0,37,459,61,0,0
0,0,0,0,37,308,96,0,0
8,0,2,1,39,1147,232,5,0
2,0,0,0,33,1636,8,0,0
0,0,0,0,35,-273,344,0,0
1,1,0,1,32,2626,217,2,0
6,1,1,0,34,1701,245,0,0
0,2,0,1,41,-68,463,0,1
1,1,1,0,26,44,217,0,0
3,2,2,0,58,820,200,0,0
4,0,0,0,63,262,335,0,0
9,0,2,0,45,0,195,0,0
0,0,0,0,46,229,197,0,0
3,0,1,0,35,674,274,0,0
5,0,1,0,34,445,256,0,0
3,0,2,0,53,18,55,0,0
2,0,0,0,53,1961,351,0,0
3,0,2,0,41,875,189,0,0
3,0,2,0,30,190,29,1,0
0,1,0,0,38,633,171,0,0
1,1,1,0,32,930,122,0,0
1,0,1,0,44,1879,88,0,0
6,2,1,0,48,361,287,0,0
0,1,-1,0,27,1029,71,0,0
0,0,0,0,34,417,138,0,0
1,1,0,0,25,1231,271,0,0
5,1,-1,0,40,358,350,0,0
10,1,1,0,26,203,104,1,0
5,0,1,0,45,129,307,1,0
0,1,0,0,34,404,10,0,0
0,2,1,0,45,644,418,1,0
3,1,2,0,38,127,70,0,0
3,0,1,0,43,500,324,0,0
5,1,1,0,24,166,256,0,0
1,0,0,0,34,3160,726,0,0
3,1,1,0,34,1848,131,0,0
5,2,1,0,35,0,186,0,0
7,1,0,0,33,4996,230,0,0
1,0,1,0,43,17655,31,0,0
3,0,1,1,34,-271,90,2,0
9,0,1,0,50,1484,213,0,0
0,1,0,0,31,533,144,9,0
1,0,1,0,51,271,294,0,0
3,0,1,0,57,1316,221,5,0
0,2,0,1,36,1343,73,0,0
7,0,1,0,36,4579,563,0,0
6,0,1,1,47,4063,207,0,0
1,1,1,0,36,1521,243,0,0
4,0,1,0,68,19317,249,0,0
1,1,0,0,39,741,69,0,0
1,0,0,0,36,183,360,0,0
1,0,1,1,49,177,90,1,0
3,2,2,0,59,989,125,0,0
3,0,1,0,44,1081,304,0,0
0,0,0,0,40,1041,73,0,0
0,0,0,0,54,153,168,0,0
3,0,2,0,36,0,59,0,0
3,0,1,0,45,2,105,0,0
3,2,1,0,49,-464,82,0,0
5,2,-1,0,57,4012,915,0,0
0,2,1,0,50,458,184,0,0
0,2,1,0,46,0,763,0,0
3,0,1,0,30,9,184,0,0
3,1,1,1,27,513,351,0,0
1,0,0,0,46,157,120,1,0
0,0,0,0,33,4054,633,0,0
5,1,1,0,53,1958,82,4,0
6,1,1,0,30,0,131,9,0
6,0,1,0,45,24,192,0,0
10,2,-1,0,27,383,15,0,0
1,1,1,0,53,-165,89,0,0
3,0,1,0,60,71,185,0,0
0,0,1,0,60,0,230,6,0
0,0,2,1,54,3185,187,0,0
9,1,0,0,28,19,149,0,0
1,2,1,0,44,316,163,0,0
6,0,1,1,30,-68,78,0,0
5,1,1,0,57,7400,485,0,0
6,0,1,0,37,692,42,0,0
3,0,2,0,42,1520,115,0,0
3,1,1,0,28,1232,201,0,0
2,0,1,1,43,150,226,0,1
1,1,0,0,42,-411,78,3,0
0,0,0,0,41,1143,134,2,0
1,0,1,1,43,282,48,0,0
5,2,1,0,43,738,585,4,0
3,0,2,0,38,2240,551,1,0
2,1,0,0,33,75,126,0,0
0,1,0,0,29,1808,273,1,0
6,1,1,0,22,3,156,0,0
5,2,1,0,54,-394,895,2,0
10,1,0,0,28,221,176,0,0
0,1,0,0,28,1720,230,4,0
4,2,1,0,64,630,97,0,0
0,0,0,0,62,10373,140,3,0
0,1,0,0,38,1704,222,0,0
1,0,1,1,49,204,198,0,0
6,0,1,0,42,3236,521,0,0
9,0,2,1,44,1342,112,2,0
10,1,1,0,30,48,161,1,0
0,0,0,0,49,1,640,4,0
0,2,0,0,42,1750,248,0,0
9,0,-1,0,46,1035,703,0,0
7,0,1,0,48,-817,175,0,0
3,0,2,1,49,230,176,0,0
0,0,0,0,43,1258,312,0,0
3,0,-1,0,54,1827,167,1,0
0,0,0,0,38,613,242,1,0
3,1,1,0,32,2285,413,0,0
5,0,1,1,48,2088,93,0,0
0,2,0,0,55,2625,286,3,0
6,0,1,0,27,834,265,0,0
5,0,1,0,51,684,68,0,0
1,1,0,0,33,176,112,0,0
8,2,1,0,59,2026,185,1,0
5,2,1,0,34,1085,101,0,0
4,0,1,0,71,1998,201,0,0
3,0,1,0,36,71,510,0,0
5,1,-1,0,26,677,399,0,0
3,0,1,0,34,3186,321,0,0
3,0,-1,0,35,568,119,1,0
1,0,2,0,42,275,51,0,0
6,0,2,0,49,0,13,1,0
0,0,0,0,38,184,64,2,0
1,0,1,0,55,0,119,0,0
0,1,0,0,33,308,97,0,0
3,1,2,0,36,3214,124,0,0
1,0,0,0,48,16,77,0,0
1,2,1,0,44,399,148,0,0
0,0,0,0,31,1750,90,0,0
7,0,1,0,49,1103,428,0,0
5,1,1,0,50,3702,109,0,0
3,0,1,0,44,500,86,2,0
3,0,1,0,53,1653,88,0,0
6,0,1,0,54,2061,301,0,0
1,0,1,1,47,3519,152,0,0
1,0,1,0,38,-475,234,0,0
0,0,0,0,62,997,554,2,0
3,2,-1,1,32,-274,456,0,1
9,0,0,0,47,1692,592,0,0
4,0,0,0,74,2575,172,1,0
5,1,1,0,33,-110,425,0,0
3,0,1,0,40,1100,660,0,0
3,0,1,0,25,1025,478,0,0
4,0,0,0,56,5769,15,0,0
3,0,2,0,50,84,179,0,0
1,0,1,0,41,799,125,0,0
3,0,-1,0,52,826,468,0,0
9,2,2,1,48,1583,494,0,0
3,0,1,0,29,2870,988,0,0
4,0,2,0,58,1472,74,0,0
3,1,1,0,48,0,95,0,0
3,0,1,0,38,1102,159,0,0
9,1,1,0,59,26172,54,0,0
3,0,1,0,38,452,69,0,0
3,0,1,0,55,1569,156,0,0
3,1,0,0,36,1830,185,6,0
3,0,1,0,33,463,76,0,0
3,0,1,0,38,-388,412,0,0
1,2,1,0,52,409,73,0,0
5,0,2,0,46,469,75,10,0
3,1,1,0,33,688,226,0,0
3,0,2,0,54,3170,140,4,0
3,1,2,0,45,999,182,0,0
5,1,1,0,47,1305,172,0,0
10,1,0,0,24,3415,97,0,0
1,1,1,0,36,9068,98,0,0
0,1,0,0,40,759,32,5,0
0,0,0,0,58,4152,76,6,0
9,2,1,0,40,4328,133,0,0
0,1,0,0,34,1040,96,0,0
0,0,0,0,57,163,83,0,0
2,2,1,0,39,1202,364,0,0
1,0,1,0,41,1838,135,0,0
5,0,1,0,59,2381,173,0,0
3,0,1,0,42,1307,135,0,0
0,2,0,0,35,3751,210,2,0
3,0,1,0,56,659,64,0,0
5,1,1,0,30,72,86,0,0
3,1,2,1,40,1780,114,0,0
1,0,1,0,39,3663,230,0,0
0,0,0,0,40,384,200,2,0
1,2,1,0,33,855,124,0,0
4,0,-1,0,38,304,94,5,0
0,1,0,1,42,0,562,0,0
7,1,0,0,28,0,379,1,0
9,0,2,0,57,151,14,0,0
5,1,2,0,33,-258,158,2,0
1,0,0,0,35,944,351,0,0
6,1,1,0,32,5806,1503,0,0
0,1,0,0,41,572,419,2,0
1,1,0,0,44,3432,72,0,0
1,0,1,0,41,-274,182,0,0
5,0,1,0,35,332,199,0,0
5,1,1,0,29,356,106,0,0
9,0,2,0,55,2152,922,0,0
4,0,2,0,72,2600,443,3,0
6,2,1,0,38,439,50,0,0
3,0,1,1,33,854,93,0,0
6,0,1,0,54,158,198,0,0
0,2,1,0,31,0,216,0,0
6,1,1,0,50,321,90,0,0
5,0,1,0,32,389,129,3,0
3,0,1,0,42,443,671,0,0
0,1,0,0,33,1120,1070,0,0
1,0,1,0,32,11431,141,0,0
0,2,2,0,56,26,194,2,0
3,0,1,0,29,1958,112,1,0
3,0,2,0,38,1495,74,0,0
0,1,0,0,29,536,418,0,0
1,1,1,0,36,1855,75,1,0
5,1,1,0,31,-133,355,0,0
3,0,1,0,26,697,253,0,0
7,1,1,1,28,1166,177,3,0
8,0,1,0,32,2996,68,0,0
1,0,1,0,53,65,99,2,0
3,0,2,1,46,174,90,0,0
0,0,1,0,50,-187,31,0,0
6,1,1,0,32,85,834,0,0
6,0,1,0,54,510,196,0,0
4,0,2,0,46,0,179,0,0
10,1,2,0,23,1235,39,0,0
0,0,0,0,55,568,940,0,0
3,0,1,0,40,0,167,0,0
0,2,0,0,36,0,247,0,0
6,0,1,1,44,-618,198,0,0
5,0,1,0,36,3321,132,0,0
8,2,0,0,49,780,148,2,0
2,0,0,0,50,2410,65,0,0
0,0,0,0,35,482,129,0,0
5,0,0,1,54,-690,230,0,0
0,0,0,0,45,3857,195,0,0
3,0,1,0,21,223,155,0,0
1,1,1,0,26,1231,230,7,0
3,0,1,0,28,916,206,0,0
6,1,0,0,23,363,16,0,0
1,1,1,0,32,271,80,2,0
5,1,0,0,37,-898,482,0,0
3,0,2,1,43,108,420,0,0
1,0,1,0,51,130,547,0,0
0,0,0,0,29,1387,256,0,0
6,1,1,0,26,0,165,0,0
1,2,1,1,40,841,36,0,0
3,0,0,0,50,676,159,0,0
3,1,2,0,34,2146,138,0,0
5,0,2,0,46,31,144,0,0
5,0,1,0,29,-193,126,0,0
3,0,-1,0,47,2458,172,0,0
6,0,1,1,41,0,125,0,0
5,2,1,0,53,-372,104,0,0
3,1,1,1,24,117,470,0,0
9,0,2,0,55,0,984,0,0
6,0,1,0,44,938,406,0,0
9,0,2,1,55,43,464,0,0
3,1,1,1,34,79,104,0,0
5,1,1,1,26,1690,408,0,0
2,0,1,1,49,1147,96,0,0
3,0,2,0,40,0,463,0,0
0,1,0,0,26,1,6,0,0
5,1,1,0,43,243,31,5,0
1,0,1,0,34,51,19,0,0
6,1,1,0,25,162,531,0,0
0,1,0,0,26,0,125,0,0
0,2,0,0,50,60,255,0,0
0,0,0,0,44,839,240,2,0
1,0,1,0,45,6993,283,0,0
10,1,1,0,29,1925,150,5,0
3,0,1,0,36,2426,308,0,0
0,0,0,0,32,713,76,0,0
0,1,0,1,52,4,30,0,0
3,0,1,0,34,528,85,0,0
5,1,1,0,30,873,301,2,0
3,0,2,0,31,389,198,0,0
3,0,2,1,40,2133,377,1,0
5,1,1,0,33,1779,175,0,0
5,2,0,0,32,-127,288,0,0
0,0,0,0,33,0,33,0,0
3,1,1,1,26,856,95,0,0
6,1,0,0,38,5265,352,0,0
2,0,2,0,55,199,176,0,0
0,2,0,0,47,34,104,0,0
1,1,1,0,31,388,115,0,0
3,0,2,0,45,13117,42,0,0
1,1,1,0,33,2583,241,1,0
3,0,2,0,47,4520,356,0,0
5,2,1,0,46,660,1026,2,0
9,0,2,0,49,5038,108,0,0
0,0,0,0,36,1584,178,0,0
1,1,1,0,29,22008,139,0,0
3,2,-1,1,51,0,167,0,0
10,1,-1,0,25,1003,361,0,0
1,0,1,0,40,109,147,0,0
3,1,1,0,26,834,90,0,0
1,0,1,0,31,518,348,0,0
5,0,1,0,30,590,443,0,0
1,0,1,0,34,0,231,3,0
8,1,0,0,26,370,230,0,0
1,2,1,0,32,1097,298,0,0
3,1,1,0,28,322,240,3,0
3,0,-1,0,53,593,137,0,0
3,0,1,0,34,291,111,0,0
2,0,1,0,62,3904,403,0,0
0,1,0,0,33,726,219,0,0
3,1,1,0,36,35,435,0,0
5,0,1,0,27,-435,935,0,0
0,2,0,0,43,666,160,0,0
0,0,1,0,41,148,82,0,0
5,0,1,0,46,186,643,0,0
1,0,0,0,39,99,170,0,0
4,0,1,1,55,0,136,0,0
0,0,0,0,37,4436,846,0,0
5,2,1,0,51,390,368,0,0
3,1,1,0,34,68,192,0,0
5,1,1,0,23,5,413,0,0
3,0,-1,0,37,444,143,9,0
1,1,1,0,30,513,241,0,0
1,2,2,0,51,548,138,0,0
1,1,1,1,33,7108,255,0,0
9,0,2,0,57,85,194,0,0
0,2,0,0,43,9,89,1,0
6,1,-1,0,25,2022,276,12,0
3,1,1,1,45,0,154,0,1
3,1,2,0,53,354,96,0,0
3,1,1,1,31,-538,521,0,0
1,0,0,0,35,358,92,0,0
5,0,1,0,42,100,126,0,0
6,0,1,0,27,891,240,0,0
1,0,1,0,44,398,140,0,0
3,0,1,0,28,217,860,0,0
3,0,1,0,42,165,333,0,0
1,1,1,0,34,1477,233,0,0
0,0,0,0,31,13,110,0,0
5,0,1,0,42,534,139,0,0
1,1,1,0,30,518,21,0,0
0,0,0,0,39,494,106,3,0
6,0,1,0,39,53,257,1,0
2,2,2,1,32,1,476,0,0
1,1,1,0,31,628,1083,0,0
8,0,1,0,58,315,36,0,0
5,1,1,0,24,120,145,0,0
6,1,1,1,28,2685,5,0,0
9,1,2,0,46,10889,167,0,0
0,0,0,0,36,1014,34,0,0
0,0,0,1,36,909,250,0,0
2,1,1,0,31,131,157,0,0
10,1,0,0,27,311,187,1,0
4,2,2,0,78,1389,335,0,0
1,0,0,0,32,636,370,4,0
3,0,2,0,39,259,168,0,0
10,0,0,1,25,4923,266,12,0
3,0,2,1,25,657,397,0,0
3,0,1,1,38,926,189,0,0
1,1,1,0,31,25,381,0,1
9,0,0,0,31,0,12,0,0
6,2,1,1,39,293,148,0,0
3,0,2,1,49,-354,455,0,1
5,0,1,0,36,2278,200,1,0
0,0,0,0,57,473,295,0,0
0,1,0,0,37,1093,21,2,0
0,0,-1,0,39,1253,337,0,0
7,0,0,0,29,-1083,139,0,1
0,0,0,0,48,612,86,1,0
1,0,1,0,31,344,123,0,0
7,0,1,0,51,383,164,0,0
0,2,0,0,44,6285,136,2,0
3,0,1,1,35,698,1343,0,0
6,0,1,0,43,2145,291,4,0
0,2,0,0,54,0,17,0,0
2,0,1,1,45,128,275,0,0
6,0,1,0,49,1345,254,0,0
0,0,0,0,35,810,124,0,0
9,0,2,0,57,571,181,0,0
5,1,0,0,46,377,98,0,0
6,1,1,1,27,1,162,0,0
9,2,1,0,32,-613,266,0,0
3,0,2,0,44,112,225,0,0
0,1,0,0,39,4239,40,0,0
3,1,1,0,27,535,171,2,0
0,0,0,0,44,0,72,0,0
0,1,0,0,33,30,1077,0,0
1,0,1,0,31,-302,195,0,0
1,1,1,0,42,716,110,0,0
5,0,1,0,56,6005,44,0,0
6,0,1,1,43,216,129,0,0
5,1,1,0,29,1992,119,0,0
4,0,1,1,37,71,254,0,0
0,0,1,0,40,18,166,2,0
5,0,0,0,36,3221,322,0,0
0,1,0,0,32,1434,1144,0,0
0,0,0,1,36,287,119,0,0
6,0,1,0,42,96,238,2,0
3,0,2,0,42,199,272,0,0
0,1,0,0,38,6490,125,0,0
5,0,1,0,32,514,459,0,0
3,0,2,0,48,199,29,0,0
2,0,1,0,49,27,131,0,0
6,1,1,0,30,193,326,2,0
3,1,1,0,38,328,776,1,0
8,0,2,0,43,9262,45,0,0
5,0,1,0,46,1328,82,0,0
5,0,1,0,33,95,335,0,0
1,1,1,0,48,434,183,0,0
1,0,1,0,39,-183,202,0,1
0,2,0,0,49,0,32,0,0
5,0,1,0,31,1130,236,0,0
3,0,1,0,42,704,31,0,0
1,1,0,0,26,77,125,0,0
4,0,2,1,59,6955,179,0,0
1,1,1,0,37,435,210,0,0
4,0,1,0,79,668,363,0,0
6,0,2,0,27,91,168,0,0
0,2,0,0,56,10532,324,0,0
6,0,1,1,38,3039,146,0,0
4,0,2,0,57,341,27,0,0
3,0,2,0,51,230,673,0,0
10,1,1,0,19,1803,124,1,0
5,0,1,0,35,11,103,0,0
2,0,0,0,58,6384,90,0,0
3,0,1,0,33,2279,123,0,0
5,2,0,0,51,178,184,0,0
5,0,1,0,47,368,125,0,0
1,0,1,0,41,6171,50,0,0
1,0,1,0,36,72,206,0,0
3,1,0,0,29,1012,496,0,0
5,0,1,0,31,355,530,1,0
0,2,0,0,53,269,347,0,0
1,0,1,1,35,587,23,5,0
6,1,1,1,22,2273,98,0,0
3,0,1,0,36,1049,224,0,0
5,0,1,0,47,120,18,11,0
3,2,2,0,45,1512,13,0,0
9,0,1,0,40,541,431,0,0
7,0,0,0,38,1029,42,0,0
7,0,0,1,35,1820,120,0,0
0,1,0,1,31,170,168,2,0
3,0,1,0,51,8180,86,0,0
1,0,1,0,41,862,474,0,0
5,1,1,0,32,344,530,0,0
3,0,1,0,22,36,120,0,0
9,0,1,0,53,1182,82,1,0
2,0,0,0,42,233,446,0,0
3,1,2,0,28,54,533,1,0
0,0,0,0,64,6251,125,0,0
3,0,1,1,40,3311,243,0,0
0,0,0,0,31,1230,290,0,0
0,0,0,0,54,17008,151,0,0
6,0,1,1,35,5029,369,0,0
1,2,2,0,42,5076,99,2,0
3,0,1,0,35,1207,694,1,0
0,0,0,0,39,1795,922,0,0
4,1,1,1,35,527,348,0,0
7,0,2,0,45,750,183,0,0
4,0,2,0,66,12767,117,0,0
6,0,1,1,33,210,201,0,0
0,0,0,0,34,224,108,0,0
1,1,0,0,35,13460,1068,0,0
1,0,1,0,47,85,51,0,0
3,0,2,0,60,3230,281,0,0
3,2,2,0,54,-182,98,0,0
8,2,1,0,32,527,38,0,0
1,1,0,0,33,129,128,0,0
1,0,1,0,35,294,301,4,0
3,0,1,0,31,1779,85,0,0
3,1,0,0,32,358,103,0,0
1,1,0,0,32,881,79,0,0
6,0,1,0,36,301,210,0,0
1,0,1,0,45,49,65,0,0
8,0,1,0,42,1289,1176,6,0
1,0,1,0,51,-1042,272,0,0
1,1,1,0,38,-591,71,0,0
1,2,1,0,46,-154,158,0,0
3,0,2,0,45,0,79,0,0
1,0,1,0,49,27,57,0,0
3,2,2,0,50,149,74,0,0
1,0,1,0,38,508,722,2,0
3,0,2,1,49,183,257,0,0
6,1,1,0,53,725,227,0,0
0,1,0,0,40,0,24,0,0
6,0,-1,0,46,12839,228,0,0
0,0,0,0,39,627,32,0,0
3,2,2,1,52,0,47,0,0
9,1,0,0,29,19,110,2,0
6,0,1,0,32,268,140,0,0
0,0,0,0,34,48,357,0,0
8,0,0,0,38,2812,322,1,0
3,2,2,0,43,42,188,0,0
3,0,2,1,59,0,140,0,0
5,1,1,0,28,775,603,0,0
3,1,1,0,26,401,373,0,0
0,0,0,1,38,0,122,0,0
9,0,2,0,46,75,302,0,0
8,0,2,1,30,1379,172,0,0
3,0,1,0,33,157,110,1,0
0,1,0,1,41,601,457,0,0
5,1,1,1,32,116,255,0,0
1,0,2,1,48,1375,73,2,0
9,0,2,0,55,1642,295,0,0
5,0,1,0,46,-143,1034,0,0
3,0,1,0,48,205,239,0,0
0,1,0,0,31,7554,51,0,0
1,0,1,1,55,303,261,0,0
5,1,1,0,42,684,207,0,0
0,2,1,1,46,-852,728,0,0
0,0,0,0,39,2226,103,0,0
3,0,-1,0,30,198,149,0,0
5,1,1,0,24,-386,180,0,0
5,0,1,0,39,47,143,6,0
1,0,1,1,34,209,375,0,0
5,2,0,0,37,-65,226,0,0
4,0,0,0,69,473,333,0,0
3,0,2,0,46,-326,59,0,0
5,1,2,0,31,-263,208,0,0
1,0,0,0,71,383,327,3,0
9,0,2,1,47,97,109,0,0
5,1,1,0,36,1281,119,0,0
0,0,0,0,48,2351,150,3,0
8,1,2,0,43,698,322,0,0
3,1,1,0,43,9102,72,0,0
9,0,2,0,52,994,188,0,0
5,1,1,0,35,91,185,0,0
5,2,1,1,35,148,199,0,0
0,1,0,0,36,-508,832,0,1
3,0,1,1,45,105,119,0,0
6,2,2,1,48,2805,212,0,0
3,1,1,0,25,26,66,0,0
3,1,1,0,31,1257,350,0,0
3,1,1,1,39,357,250,0,0
0,0,0,0,35,1485,104,0,0
4,0,2,1,59,-488,247,0,1
8,0,2,0,58,4967,176,0,0
1,0,1,0,39,1587,108,3,0
0,1,0,0,28,730,631,0,0
0,0,0,0,44,0,49,0,0
3,0,-1,0,53,111,39,0,0
7,0,1,0,36,328,537,0,0
3,0,2,0,43,0,592,0,0
4,0,0,1,57,1029,203,0,0
5,0,1,0,40,35,78,0,0
3,0,2,0,39,275,189,0,0
0,2,0,0,54,1288,515,0,0
0,0,1,0,56,1502,119,0,0
0,0,-1,1,33,117,133,0,0
3,0,1,0,25,-306,534,0,0
0,0,0,0,45,5450,188,0,0
3,0,1,0,51,505,199,0,0
6,0,1,1,49,86,92,0,0
3,1,1,0,23,1311,100,0,0
0,0,0,0,46,48,120,0,0
3,0,1,0,46,310,58,0,0
9,0,1,0,30,533,212,0,0
3,0,1,1,32,1780,238,0,0
3,0,1,1,29,424,241,0,0
3,2,-1,0,56,1363,54,0,0
4,0,2,0,69,579,230,0,0
5,1,1,0,52,545,260,0,0
6,0,1,1,32,-632,18,0,0
8,1,2,0,37,3777,206,0,0
2,0,1,0,40,1238,50,0,0
2,0,0,0,57,234,169,0,0
6,1,1,0,33,152,202,2,0
3,1,1,0,26,474,504,0,0
5,1,1,1,31,-302,235,0,0
3,0,1,0,39,1969,63,0,0
1,0,1,1,29,132,88,0,0
1,0,1,0,32,0,77,0,0
6,1,0,1,33,-104,231,0,0
5,0,2,0,59,2532,110,0,0
3,0,1,1,35,503,57,0,0
9,2,2,0,53,947,163,0,0
6,1,0,0,33,0,199,0,0
9,1,1,0,48,71,97,0,0
1,2,0,0,41,2611,129,2,0
5,1,1,0,40,60,460,6,0
5,2,1,1,54,-437,158,0,0
3,1,1,0,40,677,619,5,0
8,2,1,0,48,201,406,2,0
5,2,1,0,52,363,168,1,0
7,0,2,0,30,1380,259,0,0
3,0,1,0,32,9714,1237,2,0
1,0,0,0,59,6573,4918,0,0
0,0,0,0,44,7635,719,0,0
3,0,2,0,33,62,26,0,0
8,1,1,0,26,130,283,0,0
8,0,1,0,43,775,488,0,0
3,0,1,0,35,257,186,0,0
2,0,0,1,23,489,235,0,0
3,0,2,0,34,151,546,0,0
3,0,2,0,37,5,266,0,0
4,2,1,0,63,859,92,0,0
3,0,1,1,32,-354,51,0,1
10,1,0,0,27,5741,368,2,0
3,0,1,0,31,604,394,0,0
3,0,1,1,44,233,150,0,0
0,1,0,1,28,788,169,0,0
1,1,1,0,25,1847,137,0,0
3,0,1,0,33,249,7,4,0
0,0,0,1,30,692,336,0,0
0,0,0,0,37,216,408,0,0
6,2,1,0,41,83,834,0,0
1,0,1,0,50,59,57,0,0
5,2,1,0,48,268,71,0,0
1,2,1,0,41,536,76,0,0
1,0,1,0,26,415,92,0,0
5,0,1,0,33,0,1448,0,0
1,1,1,0,39,0,332,0,0
3,0,2,0,58,226,306,0,0
3,0,2,0,57,1236,152,0,0
2,0,-1,0,53,28,117,0,0
0,1,0,0,36,548,254,0,0
3,2,1,1,34,2551,1408,0,0
4,0,1,0,57,1044,585,2,0
1,1,1,0,30,3096,272,0,0
6,1,1,0,38,1315,23,0,0
3,2,2,1,47,7,219,0,0
3,0,-1,0,45,23,134,0,0
2,0,0,0,38,2069,358,0,0
3,1,1,0,36,-1157,323,0,1
5,1,1,0,29,315,121,0,0
3,0,1,0,41,235,181,0,0
9,0,2,1,42,0,83,0,0
3,0,2,0,48,1001,422,0,0
3,0,1,0,58,288,404,0,0
0,0,0,0,35,8,56,0,1
5,0,0,1,29,167,357,2,0
0,2,1,0,48,720,277,0,0
2,1,2,0,29,97,200,0,0
3,0,2,0,39,-223,185,0,0
7,2,2,0,51,10924,106,0,0
1,1,1,0,50,3897,298,0,0
1,1,0,0,39,434,169,0,0
1,1,1,0,30,53,352,0,0
0,0,0,0,50,398,1567,0,0
1,0,1,1,40,56,223,0,0
5,1,0,0,40,1005,449,0,0
0,1,-1,0,46,1527,269,0,0
4,0,1,0,73,250,245,0,0
5,1,1,0,32,-133,119,2,0
4,0,1,0,63,474,423,0,0
3,2,1,0,51,203,134,5,0
4,0,1,0,57,32,476,0,1
1,0,1,0,38,976,766,0,0
5,2,-1,0,45,998,38,0,0
3,0,2,0,50,65,11,0,0
0,0,0,0,51,4,58,0,0
5,0,0,1,34,1636,136,2,0
1,2,1,0,30,4,270,0,0
3,0,1,1,56,475,110,0,0
3,0,2,0,45,626,68,0,0
1,1,1,0,33,10,71,1,0
6,0,0,0,44,510,421,0,0
6,0,1,0,34,0,872,0,0
4,0,1,0,40,1842,56,0,0
3,0,2,0,44,135,255,0,0
6,0,1,0,36,208,99,0,0
3,0,2,1,55,3297,96,0,0
5,1,0,0,29,41,148,0,0
2,1,1,0,41,663,1204,0,0
3,0,2,0,52,238,734,0,0
5,0,1,0,47,84,367,0,0
6,0,1,0,39,1068,214,0,0
3,0,2,0,33,767,296,0,0
9,0,2,0,54,311,470,0,0
3,2,1,1,32,107,120,0,0
3,0,1,0,35,911,434,5,0
1,0,1,0,53,719,230,0,0
8,1,0,0,58,2094,161,0,0
6,1,1,0,32,459,202,0,0
8,0,1,0,59,561,323,0,0
3,2,0,0,39,382,201,0,0
3,0,2,0,47,0,292,0,0
9,2,2,0,48,26,311,0,0
1,0,1,1,52,526,60,0,0
5,1,0,0,45,1683,277,0,0
0,0,0,0,37,26,114,0,0
0,0,0,0,34,967,415,0,0
0,0,0,0,39,198,138,0,0
4,0,2,0,63,12067,2187,0,0
3,1,1,0,29,-61,270,0,0
4,0,1,0,65,3409,92,0,0
0,0,0,0,39,0,342,3,0
1,1,1,0,33,1746,152,0,0
3,0,-1,0,39,1181,650,0,0
2,2,0,0,55,1119,283,0,0
3,0,2,0,46,642,110,0,0
10,1,0,0,25,253,597,0,0
9,0,2,0,48,283,383,0,0
6,0,1,0,38,2678,282,1,0
7,0,1,1,56,800,170,0,0
6,2,0,0,36,58,29,0,0
3,0,1,0,27,245,7,11,0
3,0,2,1,41,0,238,0,0
1,1,0,0,32,388,250,0,0
1,1,1,0,30,2734,459,0,0
6,0,1,1,46,327,148,0,0
2,1,1,0,39,829,336,0,0
4,0,1,0,61,296,18,0,0
1,1,1,0,28,6551,362,1,0
0,0,0,0,39,1423,733,0,0
5,2,1,0,51,14215,131,0,0
7,2,-1,1,34,28,245,0,0
8,0,2,0,48,1296,119,0,0
1,0,1,0,37,448,86,0,0
1,1,1,0,33,66,157,0,0
3,2,1,0,36,2278,152,0,0
7,0,0,0,59,185,283,0,0
3,1,1,0,32,2746,432,0,0
3,2,1,0,51,581,107,2,0
5,0,2,0,34,412,134,0,0
7,0,1,1,35,28,159,0,0
3,0,1,1,44,701,269,0,0
8,0,2,0,28,44,6,0,1
3,0,2,0,39,192,433,0,0
3,0,-1,0,50,1389,300,3,0
6,0,1,0,40,251,153,0,0
3,1,1,0,29,555,133,0,0
5,1,2,0,52,0,182,0,0
3,0,1,0,45,7858,641,0,0
5,0,1,0,33,855,110,0,0
3,1,1,0,46,-100,445,1,0
1,0,-1,0,45,886,75,1,0
6,1,1,0,30,442,283,0,0
7,0,1,0,35,0,633,0,0
3,0,1,0,41,1521,46,0,0
5,1,1,0,30,0,316,0,0
3,2,2,0,54,10374,283,2,0
3,0,1,1,36,418,132,0,0
0,1,0,0,34,431,401,0,0
3,0,2,0,34,1524,57,0,0
0,1,0,0,30,565,104,0,0
1,0,1,1,48,141,424,0,0
0,0,0,0,54,11391,333,0,0
9,0,2,0,58,260,71,3,0
1,0,1,1,26,-119,359,0,0
4,2,-1,0,60,-49,188,2,0
1,0,0,0,25,2551,400,0,0
5,1,1,0,31,43,484,0,0
6,2,1,0,46,864,105,2,0
4,2,1,0,60,1099,764,0,0
7,0,0,0,30,1050,58,0,0
6,0,1,1,32,4789,407,0,0
0,0,0,0,38,1555,66,0,0
3,1,2,0,39,554,22,0,0
5,1,1,0,33,901,18,3,0
1,1,1,0,36,7503,25,0,0
1,0,1,1,33,1264,100,0,0
3,0,2,0,48,3752,215,0,0
3,0,2,0,47,-287,201,3,0
5,1,1,0,33,555,204,1,0
0,1,0,0,31,1761,332,3,0
5,1,1,0,33,21854,215,0,0
0,0,1,0,47,458,66,0,0
0,0,2,0,58,320,171,0,0
7,0,0,0,48,1223,193,0,0
3,0,2,0,38,580,572,0,0
0,0,-1,0,53,2240,282,1,0
3,0,-1,0,55,2691,278,2,0
5,0,1,0,28,1428,495,0,0
3,0,1,0,49,1743,68,0,0
1,0,0,0,36,606,159,0,0
1,1,0,0,32,665,22,0,0
3,1,1,0,38,4,129,0,0
1,1,1,1,35,663,215,0,0
1,1,0,1,33,8097,500,0,0
1,0,1,1,35,94,208,0,0
0,0,0,0,38,1802,74,0,0
0,1,0,1,33,373,267,4,0
0,0,0,0,43,1530,91,0,0
5,0,1,0,57,169,180,2,0
2,0,0,0,44,3689,134,0,0
7,0,1,0,41,304,1147,0,0
3,0,1,0,52,-164,314,0,0
0,1,-1,0,51,-461,33,0,0
0,1,0,0,26,383,645,0,0
0,1,0,0,34,612,192,0,0
6,0,1,1,26,-285,279,0,0
5,0,1,0,51,241,308,0,0
10,1,1,0,20,215,175,6,0
0,0,0,0,32,1297,250,0,0
1,0,1,0,35,4508,854,0,0
6,1,0,0,30,803,243,0,0
3,1,1,1,35,-177,193,0,1
6,1,1,0,33,239,101,0,0
3,0,1,1,33,-208,306,1,0
0,1,0,0,30,344,179,0,0
1,1,1,0,41,169,116,0,0
1,1,1,0,44,27,723,0,0
3,1,1,0,33,-38,184,0,0
3,0,2,0,48,3267,6,0,0
0,2,0,0,48,-547,275,0,0
5,1,0,0,26,2170,81,1,0
3,1,1,0,31,1139,101,0,0
0,0,1,0,56,2811,150,0,0
3,0,1,1,49,1127,162,1,0
10,1,1,0,21,6,622,0,0
3,0,1,0,55,3919,26,0,0
1,0,1,0,30,854,163,0,0
2,0,1,0,36,24,88,2,0
0,1,0,0,34,1717,269,0,0
3,1,1,0,34,1475,1166,12,0
7,0,0,0,54,231,203,0,0
2,2,0,0,48,3520,73,0,0
3,0,2,0,41,-97,260,0,0
1,0,1,1,49,0,95,0,0
0,0,2,0,53,4086,14,0,0
0,0,0,1,32,101,383,0,0
3,0,1,0,42,376,15,0,0
0,1,0,0,35,2306,86,0,0
3,0,1,0,43,1617,239,0,0
3,2,2,0,51,0,322,0,0
3,0,2,0,39,467,7,30,0
9,2,2,0,37,608,108,0,0
1,1,1,1,36,265,88,1,0
3,0,1,0,38,1391,614,0,0
6,1,-1,1,28,-70,244,0,0
3,1,2,0,32,5418,25,0,0
10,1,1,0,26,268,77,0,0
7,0,0,0,33,1301,184,0,0
3,1,1,0,27,2364,221,0,0
1,2,1,0,34,558,130,5,0
3,0,1,0,46,1603,279,0,0
0,1,0,0,38,38,105,0,0
1,0,0,0,34,178,85,0,0
1,0,1,0,50,3654,215,2,0
0,1,0,0,29,1170,453,0,0
5,1,0,0,29,-197,47,0,0
1,1,1,0,36,2151,134,1,0
1,2,0,1,28,594,54,0,0
3,1,1,1,30,-276,361,0,0
1,1,1,1,30,148,115,0,0
5,0,0,0,43,279,111,0,0
0,1,0,0,35,0,183,0,0
7,0,0,0,30,1785,235,0,0
5,0,1,0,52,225,167,0,0
9,2,2,0,59,2518,675,0,0
3,0,1,1,49,611,179,0,0
4,2,0,0,67,443,441,0,0
3,0,1,0,38,702,92,0,0
6,1,1,0,31,864,100,0,0
0,0,0,0,34,176,61,0,0
0,1,0,0,28,1942,445,0,0
1,1,1,0,43,28,2241,0,0
9,0,2,1,59,5,204,0,0
0,2,0,0,54,2037,96,0,0
3,0,2,0,53,90,124,0,0
0,0,0,0,49,1912,380,0,0
1,1,0,0,32,1813,102,0,0
5,1,1,1,30,585,7,0,0
0,0,0,0,46,1489,375,0,0
6,0,1,0,33,790,391,0,0
3,2,0,0,51,257,190,0,0
0,0,0,0,37,410,337,0,0
4,1,2,0,53,0,114,0,0
0,0,0,0,38,413,252,3,0
3,2,1,0,44,1258,607,0,0
3,0,1,1,41,393,122,0,0
1,0,1,0,33,1166,90,0,0
1,1,0,1,33,594,149,0,0
0,1,0,1,36,0,300,4,0
3,0,2,0,47,0,293,0,0
1,0,1,0,46,0,200,2,0
0,1,0,0,35,1750,422,4,0
5,1,1,0,33,434,351,0,0
0,1,0,0,32,623,335,2,0
6,1,1,0,28,115,66,0,0
0,2,0,0,56,310,75,0,0
6,0,1,0,53,10749,221,0,0
1,0,1,0,31,13,245,0,0
0,0,0,0,41,1468,237,0,0
3,1,1,0,25,-392,346,0,0
6,0,1,0,46,1381,115,1,0
1,0,1,1,30,-206,133,0,0
5,0,2,0,40,1314,284,0,0
9,0,2,0,42,1,59,0,0
1,1,0,0,32,47,693,3,0
1,0,1,0,55,0,336,0,0
5,0,1,0,47,407,67,0,0
5,0,1,1,42,196,186,0,0
0,1,0,0,31,4533,262,3,0
1,0,1,0,43,1358,159,0,0
3,0,2,1,32,1138,164,0,0
-1,0,1,0,55,2206,265,5,0
0,0,1,1,44,491,40,0,0
0,0,0,0,33,1122,187,0,0
8,1,2,0,59,7724,373,0,0
7,0,0,1,35,1178,727,2,0
0,0,0,0,47,1224,189,0,0
0,0,2,0,41,-417,51,0,0
1,1,1,0,33,3806,95,0,0
3,0,2,1,41,-45,121,0,0
1,2,0,0,54,2133,176,0,0
8,0,0,0,43,0,745,1,0
6,1,1,0,25,2,288,0,0
3,1,1,1,24,167,288,2,0
3,0,2,0,46,201,163,0,0
3,1,2,1,41,-137,189,0,1
3,0,1,1,37,140,490,0,0
1,1,1,0,46,747,22,0,0
3,0,2,1,35,159,826,0,0
6,0,1,0,31,-158,214,0,1
0,0,0,1,38,-1007,71,0,1
0,0,0,0,43,144,131,0,0
0,1,0,0,29,36252,501,0,0
3,0,1,0,44,23,388,0,0
1,0,2,1,44,-1379,140,0,0
0,1,0,0,28,41,885,2,0
8,0,0,0,31,591,161,0,0
1,0,1,1,26,370,1061,0,0
1,0,0,0,32,15,226,1,0
8,1,0,0,26,2170,317,0,0
6,0,1,1,45,0,268,0,0
0,0,1,0,34,-311,305,0,0
0,0,0,0,41,6060,71,0,0
1,2,1,0,34,175,21,0,0
5,0,1,0,31,3,37,0,0
3,0,1,0,40,1039,57,0,0
1,1,1,0,39,69,183,0,0
1,0,1,0,60,591,248,0,0
0,0,0,0,41,11103,55,0,0
1,0,1,1,34,46,412,0,0
3,0,2,0,44,194,105,0,0
1,1,0,1,31,1887,389,0,0
9,1,2,0,35,745,522,0,0
1,0,1,0,50,3176,670,0,0
0,2,0,0,34,70,5,6,0
8,0,1,0,31,296,378,0,0
0,0,0,0,49,3842,163,3,0
9,0,2,0,55,211,111,0,0
8,1,0,0,29,7,51,1,0
0,0,0,0,29,20,418,0,0
5,0,1,0,57,11,261,3,0
5,0,1,0,33,920,344,0,0
6,1,0,0,36,72,80,0,0
9,0,1,0,50,34,163,0,0
5,0,0,0,30,400,223,0,0
0,1,0,0,24,1,396,0,0
0,0,0,0,46,1698,90,0,0
3,0,2,0,45,1192,260,0,0
0,0,1,0,37,859,246,0,0
3,0,1,0,45,607,398,0,0
1,2,1,1,44,-357,318,0,0
0,0,0,0,42,6060,316,2,0
6,1,0,0,30,21,4,0,0
1,2,1,0,45,415,74,0,0
4,0,-1,0,83,4216,92,0,0
7,0,0,0,58,2596,15,0,0
1,0,1,0,53,1319,1318,0,0
8,0,0,0,57,42,46,0,0
3,0,2,0,44,-171,441,0,0
4,0,0,0,77,0,847,1,0
1,0,0,0,37,549,239,0,0
0,0,0,0,51,1069,27,0,0
5,0,2,0,39,-439,347,0,0
6,1,2,0,34,496,173,0,0
0,1,0,0,36,202,150,0,0
1,2,0,0,33,39,123,0,0
5,2,1,0,44,2,429,0,0
0,1,0,0,40,171,1241,0,0
3,0,1,0,41,790,173,0,0
1,0,1,0,50,232,90,0,0
0,0,0,1,48,14530,863,0,0
1,0,1,0,33,430,250,0,0
1,0,1,0,54,25,88,0,0
1,0,0,1,31,26,419,6,0
1,1,1,0,28,113,204,1,0
3,2,1,0,39,36,109,0,0
0,0,0,0,41,397,91,0,0
0,0,0,1,50,19447,166,0,0
1,0,0,0,52,0,84,0,0
10,1,-1,0,19,179,62,0,0
1,1,1,0,41,28,51,0,0
7,0,0,0,46,226,561,0,0
3,0,-1,0,34,41,34,0,0
0,2,0,0,53,6649,106,1,0
5,0,1,1,32,51,297,0,0
7,1,0,0,31,3343,365,1,0
5,1,1,0,37,309,58,0,0
3,0,2,0,40,57,1007,0,0
4,0,1,0,60,975,303,1,0
6,0,1,0,34,1637,107,0,0
1,0,1,0,60,0,83,0,0
-1,0,-1,0,58,68,268,0,0
1,0,0,0,50,11804,83,0,0
1,0,1,0,44,1901,165,0,0
0,0,1,0,50,1165,455,0,0
6,0,1,0,42,86,385,0,0
0,1,0,0,35,0,131,0,0
5,0,1,0,55,1232,97,0,0
2,2,0,0,41,958,72,0,0
4,0,1,0,54,1154,125,0,0
1,0,1,0,39,958,141,4,0
3,0,1,0,47,1568,226,8,0
5,0,1,0,32,198,132,0,0
8,0,2,0,63,0,337,0,0
0,0,-1,1,54,831,139,2,0
2,0,0,0,41,340,206,0,0
5,0,1,0,40,275,139,0,0
0,1,0,0,32,469,925,0,0
1,0,0,0,32,-1053,357,0,0
6,0,1,0,41,1785,225,0,0
1,0,1,1,30,-393,435,0,0
0,1,0,0,27,2849,335,0,0
6,0,1,1,51,272,217,0,0
0,0,0,0,37,466,92,0,0
0,0,0,0,28,1918,333,1,0
5,0,1,1,44,399,271,0,0
0,0,0,0,38,950,210,0,0
5,0,1,0,31,1331,927,0,0
0,0,0,0,50,400,343,0,0
3,2,1,0,44,579,198,0,0
3,0,2,0,39,1397,10,0,0
3,0,2,0,45,1145,156,0,0
3,0,2,0,38,3195,244,0,0
3,0,2,0,44,976,164,0,0
-1,0,-1,0,60,652,525,0,0
5,1,1,0,37,515,59,0,0
1,0,1,0,32,106,12,9,0
4,0,0,0,60,614,50,0,0
9,0,2,0,59,96,88,0,0
3,2,-1,0,28,101,126,0,0
6,0,1,0,52,-888,135,0,0
3,0,1,1,35,365,63,0,0
0,0,0,0,32,2,79,0,0
3,0,1,1,46,15,76,0,0
0,1,0,0,29,471,106,0,0
1,0,-1,0,60,132,21,0,0
1,0,1,0,32,908,64,0,0
9,0,1,0,52,3923,20,3,0
6,0,1,0,40,-626,147,0,0
3,0,2,0,34,157,20,0,0
6,2,1,0,42,466,48,0,0
2,0,1,0,51,0,510,0,0
2,0,1,0,52,0,82,0,0
0,1,0,0,30,478,193,0,0
3,0,2,0,38,1,154,0,0
0,0,1,0,58,771,126,0,0
0,0,0,0,53,2385,498,0,0
1,0,1,0,47,0,234,0,0
3,0,1,0,34,587,77,0,0
10,1,-1,0,26,198,161,0,0
6,2,1,0,60,758,282,0,0
4,2,1,0,59,914,192,0,0
1,1,1,0,34,0,113,0,0
5,1,1,0,28,267,198,0,0
3,0,1,0,30,62,241,0,0
3,1,1,0,31,183,120,0,0
0,0,0,0,59,1574,181,0,0
2,2,0,1,48,0,139,0,0
10,1,-1,0,21,330,232,2,0
6,1,1,0,31,0,243,0,0
2,0,0,0,56,16125,167,0,0
4,2,1,1,59,284,265,0,0
3,1,1,0,47,15,62,0,0
1,0,1,0,54,1299,104,0,0
1,2,0,0,39,1832,353,0,0
-1,0,2,0,59,1470,74,0,0
3,1,2,1,37,5473,198,0,0
3,0,1,0,59,5314,200,0,0
4,0,1,0,61,243,194,0,0
2,0,0,1,26,79,346,0,0
10,1,1,0,30,948,150,2,0
2,0,0,0,41,70,14,1,0
10,1,1,0,23,480,742,1,0
6,0,1,0,37,1970,253,0,0
10,1,1,0,22,4038,1380,0,0
7,0,0,0,59,2013,222,2,0
0,2,0,0,49,696,310,0,0
6,0,1,1,44,5781,195,0,0
0,0,0,1,45,0,147,0,0
3,1,2,0,32,354,284,0,0
6,0,1,1,38,-224,222,0,0
7,1,1,0,35,250,170,0,0
5,0,1,1,28,54,226,0,0
1,0,1,0,32,235,688,0,0
3,1,1,0,26,4751,231,0,0
3,0,1,0,44,841,504,0,0
8,1,0,0,27,127,449,0,0
4,0,0,0,59,9676,234,0,0
3,0,1,0,39,130,141,0,0
3,0,1,0,35,848,174,2,0
5,1,1,0,31,255,167,1,0
0,0,2,0,52,324,81,0,0
3,2,2,0,40,369,79,0,0
1,0,1,0,40,59,322,0,0
3,1,1,0,30,17,197,0,0
3,0,2,0,41,13,358,1,0
6,0,1,1,54,472,86,0,0
1,2,0,0,30,317,67,0,0
7,1,0,0,32,2559,889,0,0
3,0,1,0,48,425,693,0,0
0,1,0,0,34,699,66,0,0
3,0,2,0,31,50,300,0,0
3,0,1,1,47,1794,515,0,0
0,0,0,0,32,500,151,0,0
0,1,1,0,29,0,403,0,0
0,0,1,0,27,-41,24,0,0
9,2,2,0,46,2084,1081,0,0
0,0,0,1,29,760,82,0,0
1,1,0,0,33,316,126,0,0
5,1,1,0,28,207,329,0,0
5,0,1,0,54,19213,100,0,0
0,0,0,0,55,0,64,0,0
4,0,1,0,60,2086,182,0,0
1,1,1,0,36,0,21,0,0
8,1,0,0,33,6748,1579,0,0
5,2,-1,0,45,857,49,0,0
10,1,0,0,31,64,208,2,0
0,0,0,0,54,2883,1126,0,0
3,0,2,0,55,828,246,0,0
3,0,1,0,40,30,168,0,0
9,0,2,0,47,1747,325,0,0
0,1,0,0,39,122,787,0,0
3,0,1,0,47,11305,118,0,0
3,0,1,1,34,563,384,2,0
1,0,1,0,43,34,96,0,0
6,0,1,0,37,78,295,0,0
3,1,2,0,44,142,668,0,0
6,0,2,0,47,675,152,0,0
1,0,1,1,50,1616,142,0,0
6,1,1,0,33,310,43,0,0
5,2,1,0,42,490,212,5,0
5,1,0,0,47,0,137,0,0
3,0,1,0,34,649,224,1,0
3,2,1,1,50,204,421,0,0
5,2,1,0,45,-121,197,0,0
3,1,1,0,31,-535,163,0,1
0,0,0,0,48,0,281,0,1
6,2,1,0,37,239,140,0,0
6,1,1,0,29,612,47,5,0
2,0,0,0,49,18904,113,0,0
0,0,0,0,37,0,247,0,0
9,0,1,0,53,2406,393,0,0
0,0,0,0,43,0,240,5,0
3,0,2,0,37,37,24,1,0
6,0,1,1,39,-378,132,0,0
0,2,0,0,36,1057,383,0,0
1,2,1,0,38,410,63,0,0
1,0,1,0,43,481,196,0,0
3,0,1,0,31,-13,260,0,0
1,2,1,0,31,-175,9,0,0
3,0,2,0,31,99,193,1,0
9,1,1,0,36,1015,1008,2,0
1,1,1,0,46,182,160,0,0
3,0,2,0,38,15477,114,0,0
5,2,1,0,30,891,340,1,0
3,0,2,1,44,0,32,3,0
3,0,1,0,37,1407,14,0,0
6,2,1,0,30,78,147,0,0
1,0,1,0,45,77,90,0,0
3,0,1,0,37,14,38,0,0
6,0,1,0,31,447,220,0,0
1,1,0,0,57,711,411,0,0
0,0,0,0,56,363,49,0,0
1,0,0,0,49,523,203,2,0
0,0,1,0,42,2608,201,0,0
0,0,0,0,34,0,263,0,0
1,0,1,0,33,74,94,0,0
0,1,0,0,33,0,30,0,0
3,2,1,0,36,3102,188,1,0
2,0,2,1,45,276,586,1,0
0,0,1,0,51,441,189,2,0
10,1,1,0,28,24,284,2,0
3,2,2,0,59,55,13,0,0
1,1,0,0,33,172,13,0,0
0,1,0,0,41,416,1476,0,0
0,1,0,0,34,681,637,0,0
3,0,2,0,32,187,91,0,0
10,1,1,0,28,39,149,0,0
3,1,1,1,31,530,251,0,0
0,0,1,0,45,1546,171,0,0
9,0,2,0,44,0,174,0,0
8,1,-1,0,32,4,35,0,0
3,0,2,0,46,333,284,0,0
5,0,1,0,51,91,224,0,0
3,2,1,0,38,727,119,0,0
1,0,0,0,34,23,289,0,0
1,1,0,1,31,-749,82,0,0
4,0,2,0,73,542,355,5,0
8,2,1,0,46,3354,522,1,0
3,0,1,0,43,-504,136,0,1
3,2,2,1,52,196,63,0,0
3,1,1,0,29,262,130,0,0
1,1,1,0,35,1501,26,1,0
1,1,-1,0,27,59,792,0,0
2,0,1,0,53,288,69,0,0
3,0,1,1,43,514,34,0,0
5,2,2,1,57,628,191,0,0
5,1,1,0,58,2223,1139,1,0
5,0,1,0,33,482,249,0,0
1,1,1,0,53,0,134,0,0
6,1,1,0,37,1950,370,0,0
3,0,2,0,54,6191,102,0,0
-1,0,-1,0,59,1500,248,1,0
6,1,1,1,49,178,197,0,0
1,2,1,0,47,691,103,0,0
1,1,1,1,44,-27,100,0,0
1,0,1,0,35,-1322,105,0,1
6,0,1,0,31,309,146,0,0
0,1,0,0,28,1530,98,0,0
2,0,2,1,42,66,139,0,1
5,0,1,0,33,0,41,0,0
3,0,1,1,30,313,311,1,0
0,0,1,0,56,238,808,0,0
1,0,1,0,32,1568,161,0,0
3,0,2,0,39,-119,135,0,0
6,1,1,0,32,124,202,5,0
3,0,2,1,54,1357,305,7,0
1,0,1,0,33,241,1108,0,0
3,0,2,0,34,358,100,0,0
3,0,1,0,54,21,439,0,0
1,0,1,0,34,800,103,0,0
3,2,1,0,46,168,255,4,0
2,0,1,0,54,52,44,0,0
5,0,0,0,26,319,88,0,0
0,0,1,0,32,0,277,0,0
0,0,2,0,37,3953,610,1,0
2,1,2,0,42,103,156,0,0
5,0,1,0,34,155,696,0,0
1,2,1,0,57,99,133,2,0
0,2,-1,1,47,582,123,0,0
0,1,1,0,54,602,101,0,0
4,0,1,1,58,4,147,0,0
10,1,1,0,22,107,125,0,0
3,0,1,0,31,754,1022,0,0
6,0,1,0,37,145,74,0,0
10,1,-1,0,24,1082,185,0,0
1,1,1,0,38,50,98,0,0
1,2,1,0,37,531,150,0,0
6,1,1,1,30,603,335,0,0
3,1,2,0,38,1691,265,0,0
3,0,1,0,34,7063,309,9,0
0,0,0,0,33,8339,335,5,0
3,0,1,0,28,1325,242,0,0
1,0,1,1,39,0,60,0,0
6,0,1,0,31,289,262,0,0
6,2,1,0,33,2,165,0,0
0,2,0,0,52,907,104,0,0
0,2,0,0,36,563,10,0,0
3,0,2,1,33,-457,128,1,0
5,0,0,1,39,1022,123,0,0
0,2,0,0,46,6269,249,2,0
1,0,0,0,31,0,67,0,0
6,1,1,0,28,6332,76,0,0
0,1,0,0,31,3295,845,0,0
3,0,1,1,47,1348,255,0,0
6,0,2,0,52,1625,459,0,0
0,0,1,0,35,724,287,1,0
1,1,0,0,30,1922,546,0,0
0,2,2,0,60,2694,295,0,0
1,2,1,0,47,191,228,0,0
6,2,1,0,57,739,352,0,0
0,1,0,0,42,706,132,0,0
5,1,0,0,26,2053,127,0,0
3,0,2,0,32,2,18,0,0
0,0,2,0,60,130,374,0,0
0,0,0,0,34,577,243,1,0
5,1,1,1,27,1110,25,0,1
3,2,2,0,49,235,626,0,0
5,0,1,0,33,0,181,0,0
0,0,-1,0,42,933,212,0,0
3,0,2,0,36,378,1240,0,0
3,0,2,0,42,-25,62,0,0
3,0,-1,0,37,83,161,0,0
4,2,2,1,60,685,89,0,0
1,2,1,1,42,1533,86,0,0
0,1,0,0,36,1496,40,4,0
5,1,1,0,38,435,117,0,0
2,0,0,0,48,269,149,0,0
1,0,0,0,51,5059,189,0,0
0,0,0,0,47,385,145,4,0
3,1,1,0,28,759,710,0,0
3,1,1,0,27,5563,435,0,0
3,2,1,0,45,0,422,0,0
0,2,0,1,54,427,85,2,0
0,1,0,0,29,5359,147,0,0
0,1,0,0,35,2187,229,13,0
3,0,2,0,37,310,474,0,0
3,1,-1,0,32,258,291,0,0
6,0,1,0,36,4721,288,3,0
6,0,1,0,34,2048,307,0,0
1,1,1,0,33,2085,501,0,0
9,0,2,1,32,7,110,0,0
3,0,2,0,58,5279,93,0,0
8,0,1,0,44,728,185,11,0
1,0,0,0,45,43,184,0,0
3,0,1,1,56,297,220,0,0
0,1,0,0,34,90,67,0,0
0,1,0,0,30,3289,111,0,0
5,1,0,1,35,62,67,0,0
0,0,0,0,34,436,28,1,0
3,0,2,0,54,38,115,0,0
6,0,2,0,49,4713,33,0,0
0,1,0,0,31,0,243,0,0
7,0,1,0,39,31,146,0,0
5,0,1,1,40,2621,607,0,0
5,1,1,0,29,0,187,1,0
7,0,1,0,44,0,40,0,0
1,1,0,0,32,100,741,0,0
0,2,1,0,48,635,236,0,0
1,0,1,1,50,0,126,0,0
6,1,-1,0,24,608,184,0,0
1,0,1,0,32,660,226,1,0
4,0,1,0,79,723,295,0,0
0,0,0,0,63,3115,432,0,0
3,0,2,0,60,1477,69,0,0
6,2,2,0,55,2923,104,0,0
7,1,0,0,32,386,482,0,0
0,0,0,0,48,11,102,0,0
1,2,1,1,37,0,134,0,1
0,0,0,0,29,8,41,0,0
0,0,0,1,35,126,371,0,0
3,0,1,0,31,43,405,0,0
3,1,1,1,27,2074,203,0,0
0,0,0,0,34,557,354,1,0
1,0,1,0,32,4790,314,0,0
1,1,0,0,45,5336,99,0,0
1,0,1,1,32,90,57,0,0
6,1,1,0,29,40,105,2,0
3,0,1,0,37,223,144,0,0
8,0,1,0,25,715,254,0,0
0,0,0,0,37,58,98,0,0
3,0,1,0,57,668,508,0,0
6,1,0,0,34,88,206,1,0
3,0,1,0,42,3213,172,0,0
4,0,1,0,44,181,131,0,0
8,0,1,0,42,250,247,0,0
3,0,2,0,39,70,813,0,0
0,0,0,0,34,16,316,1,0
5,2,1,1,51,212,168,0,0
1,2,0,0,45,917,144,0,0
7,0,0,0,53,4397,252,0,0
3,1,2,1,43,-234,541,0,0
0,0,0,1,54,3795,227,1,0
0,1,1,0,28,265,194,0,0
5,0,0,0,57,9311,485,0,0
9,0,2,0,40,0,16,0,0
2,0,0,1,58,0,138,0,1
1,1,0,0,32,4432,115,0,0
0,1,0,0,33,224,342,2,0
6,0,1,1,36,456,294,4,0
0,2,0,0,34,94,46,0,0
5,0,1,0,40,2,29,0,0
6,0,1,0,47,2597,323,0,0
1,0,1,0,47,487,218,1,0
6,0,1,0,39,-697,423,0,1
3,0,1,0,33,1101,399,0,0
5,0,1,0,37,1314,74,9,0
1,1,1,0,40,572,971,0,0
3,0,-1,0,55,23,143,3,0
0,0,0,0,42,477,517,0,0
0,0,0,1,31,5238,156,0,0
3,0,1,0,36,7579,600,0,0
0,0,0,0,34,3047,317,5,0
4,2,1,0,73,7111,284,1,0
0,1,0,0,35,1635,90,0,0
1,0,1,1,40,0,105,1,0
4,2,0,1,54,6102,86,0,0
6,0,1,0,30,1222,444,0,0
1,0,1,0,48,606,231,0,0
3,2,1,0,55,4053,182,0,0
8,0,1,0,53,7,68,0,0
-1,1,1,0,45,0,1487,0,0
3,1,2,0,44,1593,201,3,0
6,0,1,0,42,693,187,0,0
4,0,-1,0,58,928,152,0,0
5,0,1,1,35,10133,382,0,0
0,0,0,0,32,1390,116,0,0
8,1,1,0,53,6248,885,0,0
2,0,0,0,34,355,261,0,0
7,1,0,0,29,270,94,11,0
3,0,2,0,40,780,206,1,0
0,0,0,0,51,2814,178,0,0
3,0,2,0,60,493,671,0,0
0,1,1,0,43,1063,141,0,0
6,2,1,0,41,-376,421,9,0
3,0,1,1,34,406,113,0,0
5,0,1,0,35,-203,1649,0,0
3,0,1,0,44,1910,41,0,0
7,0,1,0,45,976,176,0,0
1,2,1,0,43,-36,292,0,0
0,0,0,0,45,-73,125,0,0
0,1,0,0,31,630,95,2,0
0,2,1,0,60,0,65,6,0
5,1,1,0,27,-145,289,0,0
1,0,0,1,32,4654,276,2,0
0,2,1,0,58,3161,542,0,0
1,0,1,0,36,-456,252,0,0
3,0,1,0,32,95,265,2,0
4,0,1,1,60,194,61,0,0
3,1,1,0,33,778,30,0,0
0,1,0,0,29,2439,263,0,0
1,0,1,0,34,0,144,0,0
5,2,1,0,48,4,7,10,0
0,0,0,0,35,0,229,3,0
5,1,0,0,26,2170,398,0,0
0,0,0,0,47,7,102,0,0
4,0,1,0,61,1058,277,5,0
6,1,1,0,30,188,49,0,0
0,1,0,0,38,427,253,1,0
8,2,1,0,33,1005,229,0,0
1,2,2,0,33,20,172,0,0
1,0,1,0,50,669,88,0,0
1,1,0,0,31,1051,106,0,0
0,1,0,0,31,3625,112,2,0
3,0,1,1,56,1521,19,3,0
4,0,-1,0,71,1741,177,0,0
9,1,2,1,26,-1006,222,0,1
0,1,1,0,37,1981,140,0,0
3,0,2,0,60,38,109,1,0
7,0,0,0,55,1810,296,0,0
8,1,1,0,37,0,125,0,0
8,0,1,0,25,1404,85,0,0
3,1,1,0,32,75,127,0,0
6,0,1,0,27,-1202,749,0,0
8,0,0,0,46,0,85,0,0
3,0,2,0,46,399,353,0,0
4,2,2,0,59,643,354,0,0
3,0,1,0,37,0,1150,0,0
5,1,1,0,44,10386,95,0,0
1,1,0,0,28,558,300,0,0
2,0,2,0,40,0,271,0,0
3,0,2,0,36,244,70,0,0
1,1,0,0,27,11862,285,7,0
3,0,1,0,35,328,484,1,0
3,0,1,0,42,366,324,1,0
6,0,1,0,35,457,69,2,0
3,0,1,1,35,809,60,0,0
6,0,1,0,44,-395,894,0,0
6,0,1,0,31,0,224,0,0
0,1,0,0,35,657,547,0,0
3,0,1,0,42,413,589,0,0
5,1,1,0,26,66,451,3,0
0,0,0,0,36,2813,88,0,0
5,2,1,0,35,-133,160,0,0
1,2,1,0,31,0,138,4,0
3,1,2,0,28,2340,399,0,0
3,0,1,0,38,-40,227,0,0
1,1,1,0,23,4659,158,4,0
3,1,1,0,31,1124,82,0,0
0,1,1,0,35,0,19,0,0
0,0,0,0,36,2178,75,0,0
3,0,2,0,32,902,106,0,0
0,0,2,1,41,102,188,0,0
0,0,0,0,51,751,261,0,0
6,0,1,0,32,580,69,0,0
3,1,1,0,32,118,1275,0,0
5,1,0,0,37,3954,87,2,0
3,0,1,0,31,0,134,0,0
5,0,1,0,35,8652,103,0,0
0,2,2,0,54,0,472,0,0
3,0,2,0,46,-287,113,0,0
3,2,1,0,42,3407,277,0,0
2,2,0,0,40,224,606,0,0
3,0,1,1,34,247,193,0,0
9,1,0,0,28,731,135,0,0
5,1,1,0,37,140,310,0,0
1,1,1,0,32,10,107,0,0
1,1,1,0,39,1435,383,19,0
4,0,1,1,51,35,123,0,0
10,1,2,0,19,245,98,2,0
6,0,2,0,57,1728,164,0,0
10,1,1,0,28,4793,151,0,0
2,0,2,1,43,1318,10,0,0
4,0,0,0,51,746,372,0,0
1,1,1,0,38,615,215,0,0
0,0,0,0,37,332,190,7,0
5,0,1,0,50,1906,174,0,0
7,1,0,0,31,283,134,0,0
5,0,-1,0,45,5511,272,0,0
3,0,0,0,36,-530,36,0,1
0,0,0,0,57,256,304,1,0
7,0,1,0,52,517,77,0,0
3,0,2,0,33,-744,206,0,1
1,1,0,0,31,208,1344,0,0
1,1,-1,0,23,710,374,0,0
5,0,1,0,53,8449,123,0,0
4,1,2,0,39,-79,180,0,0
4,2,2,0,58,47,225,0,0
5,0,1,1,49,652,127,0,0
3,0,1,1,43,388,644,2,0
8,0,1,0,43,775,325,2,0
1,0,0,0,34,823,178,5,0
8,0,0,0,37,594,62,0,0
2,0,2,0,51,1443,574,10,0
9,2,0,0,51,370,109,0,0
1,0,1,0,39,147,151,0,0
9,0,2,0,49,3376,119,0,0
0,2,0,0,33,-1027,205,0,0
10,1,1,0,28,5916,259,5,0
1,0,0,1,47,-512,220,0,0
0,0,0,0,33,4,285,0,0
3,0,2,1,28,459,178,0,0
4,0,1,1,55,2749,58,0,0
3,0,1,0,42,-336,318,2,0
1,2,1,0,42,-280,258,0,0
6,0,2,0,50,1903,175,0,0
0,1,0,0,35,1162,175,0,0
3,1,1,1,45,91,149,2,0
5,0,-1,0,57,596,90,0,0
6,0,1,0,40,71,79,0,0
3,0,1,0,43,0,187,0,0
6,1,-1,0,42,4800,10,0,0
3,0,1,0,46,1287,229,0,0
3,0,1,0,56,385,210,0,0
4,1,0,0,69,2144,417,4,0
0,0,0,0,43,21510,248,0,0
1,0,1,0,32,94,1013,0,0
0,2,0,1,59,-76,264,0,0
1,0,0,0,34,2069,328,0,0
5,1,0,0,32,8866,234,2,0
3,0,2,0,45,956,643,0,0
2,0,0,0,54,0,250,0,0
6,0,1,0,32,387,340,0,0
4,0,1,0,64,1370,174,0,0
6,1,1,0,32,1940,215,0,0
3,0,2,0,29,190,51,0,0
3,0,2,0,36,123,9,0,0
6,1,0,0,30,1,66,0,0
0,1,0,0,33,4409,92,0,0
0,0,0,0,29,16232,39,0,0
4,0,1,0,58,188,141,0,0
10,1,1,1,30,61,133,2,0
0,2,0,1,47,1149,82,0,0
6,0,1,0,47,518,96,0,0
1,0,1,1,33,-163,502,0,0
1,1,1,0,33,719,448,6,0
3,0,1,0,31,892,25,0,0
0,0,0,0,44,1764,70,0,0
3,0,2,0,34,1666,30,0,0
1,0,1,0,47,83,179,0,0
9,0,2,0,46,131,234,0,0
8,0,1,1,48,3287,242,1,0
8,1,1,0,45,0,113,0,0
6,0,1,0,53,6170,838,0,0
7,1,1,0,26,3676,148,0,0
5,1,0,0,37,3954,238,1,0
5,0,1,0,49,197,125,3,0
5,2,-1,0,39,64,147,0,0
1,0,1,0,49,775,135,0,0
0,2,0,0,51,3415,677,0,0
1,1,1,0,30,10152,266,0,0
0,1,1,0,30,-985,28,0,1
10,1,1,0,27,106,127,0,0
3,0,1,0,36,70,100,0,0
0,0,0,0,30,10639,75,0,0
3,1,2,0,31,864,113,0,0
10,1,0,0,25,293,231,0,0
1,2,1,0,30,2262,102,0,0
5,2,1,0,31,1210,350,0,0
1,1,1,0,39,1104,395,0,0
0,2,0,0,42,497,84,0,0
1,0,1,0,42,994,227,6,0
0,0,0,0,30,0,175,0,0
0,0,0,0,43,-69,48,0,0
3,0,1,0,55,630,146,0,0
0,0,0,0,31,91,145,0,0
3,1,1,1,28,517,681,0,0
-1,0,0,0,33,0,27,0,0
7,1,0,0,28,442,474,3,0
9,0,1,1,40,1783,130,0,0
0,1,0,0,32,3,161,0,0
8,0,1,0,52,94,153,13,0
3,0,2,0,34,-1,1057,1,0
0,1,1,0,43,109,64,0,0
1,0,0,0,34,8077,278,0,0
1,0,1,0,31,0,117,0,0
3,0,2,0,35,14,35,0,0
0,0,0,0,43,1684,435,0,0
1,1,1,0,28,-16,251,0,0
1,1,1,0,42,631,171,3,0
5,0,1,1,47,79,136,0,0
5,1,1,0,48,6627,433,0,0
4,0,1,0,54,1851,296,0,0
0,0,0,0,34,676,486,0,0
1,0,1,0,45,1841,154,0,0
4,0,2,0,57,-464,75,6,0
5,0,1,1,35,1,58,0,0
3,0,2,1,51,653,208,0,0
0,1,0,1,31,-26,448,0,0
1,1,1,0,39,0,6,4,0
3,0,1,0,44,1678,120,0,0
3,1,2,1,25,292,1027,0,0
3,0,2,0,42,201,265,3,0
0,1,0,1,30,2,1031,0,0
7,0,0,0,57,894,79,0,0
6,1,1,0,35,0,339,0,0
0,0,0,0,42,365,49,0,0
0,0,0,0,40,8969,153,0,0
0,0,0,0,32,2516,595,0,0
0,0,0,0,43,438,355,0,0
1,0,1,0,36,4613,207,0,0
0,0,0,0,30,1022,97,1,0
6,2,2,0,35,55,165,0,0
3,1,1,0,38,522,347,0,0
6,0,1,0,40,405,87,0,0
3,0,1,0,40,632,611,0,0
8,0,2,0,46,1,43,0,0
3,0,1,0,50,5,170,0,0
4,0,0,0,63,1795,219,0,0
6,0,1,0,46,-522,61,0,0
1,0,0,0,27,77,143,0,0
5,0,1,1,33,0,160,0,0
3,0,2,0,42,402,31,17,0
3,0,1,0,41,0,165,0,0
3,0,2,0,35,4319,266,0,0
2,0,0,0,39,3,12,0,0
6,0,-1,0,38,15,233,0,0
0,0,0,0,31,1215,80,0,0
2,0,0,0,36,3057,2769,0,0
3,2,1,0,36,107,134,0,0
0,1,0,0,25,667,408,0,0
0,2,0,0,39,-980,52,1,0
6,0,1,0,36,183,103,0,0
3,0,1,1,41,629,208,0,0
4,0,1,1,46,23,122,0,0
0,1,0,0,32,751,64,0,0
0,1,0,0,51,0,164,0,0
4,0,2,0,47,-13,295,0,1
3,0,2,0,56,563,51,0,0
6,0,1,0,43,823,293,0,0
1,0,1,0,45,1003,71,0,0
6,0,1,0,34,305,212,0,0
4,2,1,0,57,-331,531,0,0
5,0,1,0,39,8,155,0,0
1,0,1,0,41,1385,145,0,0
1,0,1,0,27,-302,66,0,0
1,0,1,0,34,390,95,2,0
5,1,1,0,49,1150,126,1,0
0,0,0,0,48,2960,86,0,0
0,1,0,0,37,340,90,0,0
0,0,1,0,49,543,213,0,0
0,1,0,0,27,377,91,0,0
0,1,-1,0,46,312,108,0,0
1,0,-1,0,50,413,243,0,0
3,1,1,1,41,98,97,0,0
0,1,1,0,32,138,432,9,0
3,1,1,0,30,447,426,6,1
1,0,1,0,33,83,165,0,0
1,2,1,0,31,-1185,81,0,0
1,0,2,0,56,284,177,9,0
0,0,0,0,32,91,126,2,0
0,0,0,0,45,-191,178,0,0
3,0,2,0,36,6085,186,0,0
1,1,1,1,30,-305,108,0,1
0,0,0,0,45,7154,93,3,0
10,1,2,0,34,3004,49,0,0
0,1,0,0,32,15561,151,0,0
3,0,1,0,43,19,249,0,0
5,0,1,0,34,2,137,0,0
1,1,1,0,29,281,340,0,0
10,1,-1,0,47,107,119,0,0
1,0,1,0,42,122,74,0,0
6,2,1,0,40,694,75,0,0
6,0,2,0,33,0,227,0,0
10,1,1,0,30,1555,115,0,0
1,1,1,0,27,643,317,0,0
0,2,0,1,49,651,79,0,0
0,0,0,0,41,254,183,2,0
0,0,0,0,34,156,63,0,0
1,0,0,0,31,81,189,0,0
6,0,1,1,49,180,392,0,0
0,0,1,0,50,13931,132,0,0
4,0,1,0,58,764,219,0,0
7,0,1,0,48,252,261,0,0
2,0,2,0,30,495,384,0,0
3,0,2,1,33,170,113,4,0
0,0,0,0,31,59,314,0,0
0,0,0,0,35,105,36,3,0
0,1,0,0,59,68,176,0,0
3,0,2,0,42,1401,627,0,0
1,2,1,0,38,-478,154,0,0
3,0,2,1,39,3127,451,0,0
5,1,1,0,34,718,169,0,0
6,2,1,0,50,641,128,0,0
7,0,1,0,29,542,104,0,0
3,0,2,0,40,-166,136,0,0
3,0,1,0,29,-643,277,0,1
9,2,2,0,40,-21,192,0,0
6,0,1,0,41,-459,162,0,0
1,1,1,0,36,966,119,4,0
0,1,0,1,30,112,451,2,0
8,1,1,0,32,1026,289,0,0
0,0,0,0,45,6945,131,3,0
0,0,0,0,42,976,164,0,0
6,1,1,0,31,122,157,2,0
6,0,2,1,40,-45,166,0,0
3,0,2,1,41,-52,642,0,0
5,0,1,0,36,465,160,0,0
3,0,1,0,37,208,466,0,0
3,1,-1,0,45,713,148,0,0
0,1,0,0,32,3367,153,0,0
1,1,1,0,33,4240,508,0,0
5,1,1,0,37,1560,203,0,0
0,1,0,0,37,2163,114,1,0
5,1,1,0,31,-182,181,0,0
1,1,1,0,28,799,295,0,0
0,2,0,0,54,7010,275,0,0
1,1,0,0,35,354,146,0,0
2,1,0,0,29,1028,667,0,0
10,1,1,0,25,293,170,0,0
2,2,0,0,40,992,196,0,0
6,1,1,0,27,2153,256,0,0
0,0,2,0,46,3229,1550,0,0
3,0,-1,0,44,1149,67,0,0
0,0,1,0,39,763,360,2,0
2,0,1,0,35,24,128,1,0
3,0,1,0,46,1004,34,0,0
8,1,0,0,49,631,140,1,0
0,2,0,0,56,722,218,0,0
3,0,2,0,45,456,255,0,0
5,1,1,0,31,527,722,0,0
0,0,0,0,48,1147,155,3,0
5,0,1,0,46,3145,28,0,0
1,0,1,0,32,1539,160,0,0
0,0,0,0,33,864,170,19,0
0,0,0,0,65,1097,131,1,0
0,0,0,0,49,234,55,0,0
0,1,0,1,34,1012,109,0,0
0,1,0,0,33,1021,734,0,0
0,0,0,0,41,30,101,6,0
4,1,2,0,40,-79,396,1,0
0,2,0,0,32,294,1095,5,0
8,0,2,0,48,296,164,0,0
4,0,2,0,59,6,448,0,0
3,0,1,0,25,192,357,0,0
2,0,1,1,40,-125,369,0,0
3,0,1,1,38,292,84,0,0
0,0,0,0,39,1241,138,0,0
3,0,-1,1,29,163,586,0,1
3,0,2,0,55,137,377,0,0
3,0,2,0,44,417,322,0,0
5,0,1,0,31,10,156,0,0
3,0,2,0,43,3917,154,0,0
6,2,1,0,43,1043,57,3,0
5,0,1,0,53,769,59,0,0
3,0,2,1,39,-186,320,0,0
7,0,0,1,35,1340,169,0,0
1,1,1,0,34,347,947,0,0
3,1,2,0,45,1006,124,0,0
3,2,2,0,48,183,940,0,0
7,0,1,0,60,17339,50,0,0
6,1,1,1,29,-293,150,0,0
0,0,-1,0,54,1960,13,0,0
6,1,1,1,33,-56,119,0,0
1,0,1,0,38,299,200,0,0
0,0,0,0,27,2729,218,0,0
3,0,1,0,26,624,188,4,0
0,0,0,0,40,558,50,0,0
6,0,1,0,37,4430,175,0,0
0,0,0,0,46,460,56,0,0
3,0,-1,0,44,391,355,0,0
3,1,1,0,33,4464,217,0,0
5,1,1,0,44,-101,99,0,0
0,1,0,0,31,3981,286,0,0
0,1,0,0,34,395,316,0,0
1,1,1,1,33,211,217,0,0
3,0,2,1,30,1,80,0,0
2,0,0,0,30,5,126,0,0
0,0,0,0,50,24,157,0,0
4,2,2,0,75,18,222,0,0
1,1,1,0,35,2496,9,0,0
0,0,0,0,50,106,388,0,0
0,1,0,0,35,863,481,0,0
1,0,2,1,50,-315,61,1,0
1,0,1,0,55,3899,596,0,0
3,2,1,0,41,793,123,1,0
0,0,0,0,40,0,165,0,1
1,2,1,1,38,-397,91,0,0
6,1,1,0,43,550,107,0,0
0,0,0,0,35,3161,433,0,0
2,0,2,0,45,-100,240,0,0
6,1,1,1,29,166,108,0,0
5,1,1,0,31,121,187,0,0
7,1,0,0,40,1693,353,0,0
6,1,1,0,28,317,21,0,0
4,0,2,0,56,63,122,0,0
7,1,0,0,38,1612,423,0,0
2,0,0,0,40,3571,222,0,0
3,2,1,0,29,302,116,8,0
9,1,2,0,43,103,198,0,0
1,0,1,0,45,34,333,0,0
3,0,2,0,39,49,259,0,0
6,0,1,0,45,770,114,0,0
1,1,0,0,30,699,213,0,0
0,1,0,1,39,313,118,1,0
1,0,1,1,39,192,217,0,0
7,0,1,0,42,13242,149,0,0
4,0,2,1,54,11,48,0,0
5,2,1,0,42,5354,799,0,0
0,0,1,1,48,-1157,125,0,0
6,2,1,0,33,2358,529,0,0
6,0,-1,0,56,616,1812,0,0
8,0,2,0,41,4112,764,0,0
5,1,1,0,27,-550,176,15,0
7,0,1,1,26,492,439,0,0
0,0,0,0,41,-29,41,2,0
4,0,1,0,59,136,301,0,0
1,1,-1,0,53,5331,302,0,0
1,0,1,0,30,1099,232,0,0
2,0,1,0,46,245,78,3,0
0,0,0,0,39,1363,294,0,0
3,0,2,0,43,1558,110,0,0
-1,0,1,0,52,142,112,0,0
1,1,0,0,27,393,165,0,0
8,0,2,0,60,26,196,0,0
3,1,1,0,23,1105,377,0,0
7,0,1,0,35,0,126,0,0
3,0,2,0,36,0,618,0,0
5,0,1,1,36,786,148,0,0
0,1,0,1,32,-248,109,20,0
3,1,1,0,31,116,261,0,0
0,0,0,1,34,159,150,2,0
2,0,0,0,43,1076,78,0,0
1,1,1,0,26,1231,385,5,0
0,0,1,0,35,683,13,0,0
2,0,2,0,30,-98,166,0,0
3,2,1,1,52,1912,123,0,0
5,0,1,0,50,242,69,0,0
1,0,1,1,32,1,123,0,0
0,1,0,0,26,3944,974,0,0
4,0,1,0,59,4414,161,0,0
4,0,0,1,50,4,67,0,0
1,1,1,1,48,469,313,0,0
3,0,1,0,44,878,130,0,0
3,1,0,0,32,3014,291,0,0
6,1,1,0,36,23,256,0,0
3,0,1,0,58,1166,493,0,0
8,2,1,0,54,1664,106,3,0
0,1,0,0,26,1274,101,0,0
3,0,1,1,33,-241,169,0,0
0,0,0,1,39,-190,893,0,0
1,2,1,0,50,0,159,2,0
6,2,1,0,55,1735,375,0,0
8,0,2,0,44,280,193,0,0
-1,1,1,0,57,316,8,0,0
0,1,0,0,30,212,370,0,0
0,0,0,0,40,413,150,0,0
0,2,-1,0,55,2,95,0,0
2,0,1,1,59,2429,79,7,0
4,0,1,1,57,374,236,0,0
6,1,2,0,39,4453,156,0,0
-1,0,2,0,43,0,132,0,0
0,1,0,0,29,985,396,0,0
8,1,1,0,29,523,351,0,0
8,1,0,0,55,1513,60,0,0
3,0,1,0,52,289,45,0,0
6,0,-1,1,36,-19,185,0,0
0,2,1,0,59,0,248,0,0
6,2,-1,0,42,-291,129,0,0
5,1,1,0,22,222,156,0,0
3,0,2,0,48,574,348,0,0
0,0,0,0,51,25856,129,0,0
6,1,1,1,29,487,176,0,0
5,0,1,0,51,788,959,0,0
0,1,0,0,31,1130,224,4,0
3,0,1,0,36,937,29,0,0
5,0,1,1,28,147,82,0,0
1,1,0,0,32,13711,638,3,0
0,0,1,0,33,369,446,0,0
4,0,2,0,65,493,622,1,0
0,0,0,0,35,8000,331,3,0
1,1,1,0,40,34,66,0,0
3,0,2,0,30,837,190,0,0
3,0,1,0,52,148,83,0,0
3,0,1,0,29,484,629,0,0
6,0,1,0,47,759,75,2,0
3,0,1,0,32,2526,25,0,0
3,0,1,0,53,2,851,0,0
9,2,2,0,28,1,923,0,0
0,1,1,0,32,6,228,0,0
7,2,0,0,37,1513,510,0,0
5,0,-1,0,58,4318,307,0,0
6,1,1,0,35,11,294,0,0
0,0,0,0,44,17,352,0,0
0,0,0,0,43,13044,36,0,0
5,1,0,0,36,3954,432,0,0
9,0,0,0,43,0,103,0,0
3,2,1,1,59,1774,14,0,0
7,2,1,0,55,0,94,0,0
5,1,-1,0,52,872,82,1,0
0,0,0,0,29,30,139,0,0
1,0,1,0,33,806,108,0,0
2,0,1,1,52,0,199,0,0
3,1,1,0,26,341,225,0,0
6,0,0,0,53,-3,133,0,0
3,0,1,0,36,718,91,0,0
7,1,0,0,38,982,176,0,0
0,1,0,1,35,53,80,0,0
3,0,1,0,32,0,298,0,0
7,0,0,0,36,1234,106,0,0
6,1,1,0,28,168,128,0,0
5,0,0,1,33,21,202,0,0
9,2,1,0,37,37,155,0,0
2,0,1,1,48,725,105,0,0
3,2,2,0,40,54,10,3,0
1,0,1,1,41,-804,269,0,0
0,1,0,0,49,1,59,0,0
3,1,1,0,28,1025,168,0,0
5,0,1,1,58,2160,1090,0,0
3,0,1,0,45,4509,135,0,0
10,1,1,0,25,154,382,3,0
3,1,1,0,31,-4,110,0,0
5,0,1,1,28,170,492,0,0
5,2,0,0,36,125,172,0,0
4,0,0,0,57,1292,151,1,0
7,2,0,0,42,216,144,0,0
3,0,1,0,50,1400,189,0,0
6,1,2,0,28,307,132,0,0
3,0,2,1,33,5151,124,5,0
3,1,2,0,31,2488,14,0,0
1,0,1,0,46,0,173,0,0
6,0,2,0,49,1830,261,1,0
0,0,0,1,53,2094,95,0,0
6,0,2,1,51,314,713,0,0
6,0,1,0,39,2813,723,0,0
3,1,2,0,33,92,127,0,0
1,0,1,0,47,0,81,0,0
6,0,1,0,32,2796,143,0,0
0,1,1,0,30,222,254,0,0
1,0,1,1,42,-350,149,0,0
6,0,1,0,35,-315,330,2,0
0,2,0,0,59,258,33,1,0
10,1,1,0,29,209,311,0,0
6,0,1,0,57,1556,340,0,0
6,1,1,0,27,814,62,0,0
3,0,1,0,35,535,265,0,0
6,2,1,1,53,36,25,1,0
1,0,1,0,48,505,113,0,0
2,0,0,0,51,3921,168,0,0
0,0,0,0,52,2920,131,0,0
6,1,1,0,33,48,303,0,0
0,0,0,0,37,293,304,4,0
3,0,1,1,30,364,331,0,0
0,0,0,0,34,527,272,0,0
3,0,1,0,46,211,36,0,0
3,0,2,0,35,51,593,0,0
7,0,0,1,59,3800,70,0,0
1,0,0,0,39,4313,272,0,0
0,0,0,0,51,656,268,0,0
0,0,1,1,30,-559,98,2,0
1,0,0,0,53,395,107,0,0
5,1,1,0,37,728,129,2,0
1,1,1,0,30,2573,67,0,0
5,0,1,0,38,4196,193,0,0
0,0,0,0,30,-328,242,0,0
3,0,2,1,57,1592,78,0,0
-1,0,-1,0,56,33,26,0,0
0,1,1,0,27,0,239,0,0
4,2,0,0,47,1431,127,0,0
3,1,1,0,26,0,340,0,0
5,1,0,0,51,394,968,0,0
4,0,2,0,79,3481,82,0,0
0,1,0,0,31,12,330,0,0
6,1,1,1,40,464,183,0,0
3,0,2,1,48,1092,79,8,0
6,0,1,1,32,426,383,1,0
10,1,0,0,27,5741,72,1,0
7,0,2,0,40,92,92,0,0
0,2,0,0,48,700,488,0,0
0,1,1,0,41,764,230,0,0
3,0,1,0,31,77,371,0,0
0,1,1,0,35,0,495,0,0
4,0,2,0,70,6538,394,0,0
3,0,1,0,46,679,723,0,0
6,2,1,0,44,206,78,1,0
4,2,0,0,72,402,194,0,0
3,0,1,0,48,101,549,0,0
0,0,0,0,27,159,295,0,0
5,0,1,0,38,1767,893,0,0
3,0,-1,0,43,285,22,0,0
8,1,0,0,40,79,570,1,0
1,1,1,0,27,357,382,0,0
0,0,0,0,46,3115,134,0,0
4,0,1,0,59,0,247,0,0
5,1,0,0,29,8,468,0,0
1,0,0,0,43,2643,331,0,0
5,2,1,0,32,335,501,0,0
0,0,0,0,54,0,144,0,0
1,1,1,1,47,-504,108,0,0
0,0,0,0,33,621,1435,5,0
0,0,0,0,32,184,238,0,0
0,0,0,0,39,942,564,4,0
6,0,1,0,37,1092,266,0,0
6,0,1,0,55,151,88,0,0
8,1,2,0,36,0,63,0,0
8,2,0,0,36,734,276,0,0
9,0,2,0,55,578,189,0,0
0,0,0,1,41,852,157,0,1
1,1,1,0,29,468,37,3,0
0,1,0,0,40,2258,115,2,0
7,1,0,0,30,48,144,1,0
6,1,1,0,31,11386,356,0,0
5,0,1,1,60,2552,255,4,0
1,0,1,0,28,7102,156,9,0
5,1,1,0,28,-36,379,0,0
6,0,2,0,41,510,316,0,0
1,0,1,1,34,1194,219,0,0
10,1,1,0,20,291,172,5,0
10,1,0,0,26,1134,464,0,0
6,0,1,1,30,-43,79,2,0
1,0,1,0,43,7876,209,0,0
5,0,1,1,51,1535,365,0,0
1,1,1,1,29,290,293,0,0
4,0,1,0,44,2692,583,0,0
3,0,1,1,51,955,221,0,0
0,0,0,0,37,1113,265,2,0
3,0,2,0,34,1451,765,0,0
3,0,2,0,56,-116,1014,0,0
3,0,2,0,46,5164,267,0,0
0,2,0,0,44,0,71,0,0
9,0,2,0,37,0,347,0,0
4,0,2,0,60,1906,79,2,0
5,1,0,0,32,3188,65,1,0
6,1,1,0,27,-20,757,0,0
1,2,1,1,41,1499,59,0,0
0,0,1,0,41,5585,772,0,0
0,2,0,0,53,2245,125,0,0
1,0,0,0,49,523,712,3,0
5,1,1,0,26,255,190,0,0
3,0,2,0,39,640,220,2,0
10,1,0,0,25,-380,108,0,0
5,0,1,0,30,166,30,0,0
2,0,1,1,32,126,538,0,0
3,0,1,0,35,86,128,0,0
0,0,0,0,49,0,102,0,0
1,0,1,0,41,0,168,0,0
8,0,2,1,55,1221,108,0,0
0,0,0,0,39,613,211,2,0
5,1,1,0,30,1223,112,0,0
5,0,1,0,40,1313,171,0,0
1,2,1,1,34,1107,345,0,0
10,1,1,0,26,3096,107,0,0
5,0,1,0,33,3519,161,0,0
3,0,1,1,29,100,152,2,0
9,0,-1,0,62,2021,361,0,0
9,0,1,0,50,388,173,4,0
9,0,1,0,31,12,81,0,0
0,2,-1,0,41,465,1508,0,0
3,0,2,0,46,7934,123,0,0
7,0,1,0,34,-370,748,0,0
2,2,0,0,41,0,176,0,0
1,2,1,0,40,5674,84,0,0
1,0,1,0,53,206,87,0,0
1,0,-1,0,53,6921,130,2,0
0,1,1,0,28,311,23,0,0
3,0,2,0,59,1939,172,0,0
5,0,1,1,32,2468,131,0,0
0,2,0,0,52,590,354,0,0
0,0,0,0,52,601,249,0,0
3,0,2,0,49,1050,84,0,0
0,2,0,0,67,361,411,0,0
0,0,0,0,36,1313,80,0,0
8,2,1,0,58,7798,247,0,0
0,0,0,1,40,-63,196,0,0
8,0,1,0,45,7203,572,0,0
0,2,0,0,57,429,245,0,0
6,0,0,1,33,546,253,0,0
0,0,0,0,40,2763,566,2,0
2,0,0,0,49,4976,36,1,0
0,1,0,1,35,0,71,0,0
3,1,1,0,36,7123,26,0,0
6,0,1,0,30,475,192,0,0
1,0,1,0,35,295,882,0,0
5,0,1,1,35,0,17,0,1
0,2,0,1,59,844,100,0,0
0,0,2,1,35,0,260,0,0
0,1,0,0,48,648,462,0,0
3,0,1,1,57,5935,90,1,0
0,0,0,0,32,0,104,0,0
6,1,1,1,26,-189,538,0,0
2,0,1,1,57,-525,337,0,1
6,1,1,0,36,328,194,0,0
3,2,2,0,52,2800,149,0,0
3,0,2,0,37,1222,206,0,0
3,0,1,0,45,6879,99,1,0
3,1,1,1,26,463,248,0,0
5,1,1,1,29,428,54,2,0
6,1,1,0,29,441,69,0,0
0,1,0,0,33,6807,512,1,0
4,2,2,0,41,-233,1156,0,0
0,0,0,0,30,357,78,2,0
0,0,2,0,57,0,97,0,0
5,0,1,0,33,7,612,1,0
5,0,1,1,45,0,368,0,0
3,0,1,0,37,1818,273,0,0
2,0,1,0,58,318,430,0,0
2,0,2,0,52,657,91,1,0
3,0,2,1,51,505,130,0,0
0,0,1,0,38,242,88,0,0
3,0,1,0,29,297,240,0,0
3,2,1,0,39,412,210,0,0
6,0,-1,0,55,2944,672,0,0
0,2,0,0,50,5164,146,0,0
6,1,1,0,35,1701,175,3,0
5,1,1,0,31,6981,627,0,0
0,0,2,0,55,338,8,5,0
3,1,1,0,26,-29,196,0,0
3,0,1,0,62,272,146,2,0
3,0,2,0,28,15,87,0,0
1,0,1,0,55,570,94,0,0
6,0,1,0,30,208,324,0,0
1,2,0,0,43,1088,341,0,0
3,0,2,0,50,280,61,0,0
1,0,1,0,43,38,273,0,0
0,1,0,0,31,1494,275,0,0
0,1,0,0,29,21,107,3,0
5,0,1,0,32,2711,193,0,0
0,2,0,0,53,3370,180,3,0
6,0,2,0,62,276,80,0,0
8,1,1,0,37,48,40,0,0
0,1,0,0,36,1283,92,0,0
1,0,1,0,36,26,73,0,0
1,1,-1,0,37,7245,143,0,0
2,2,0,0,52,81,214,0,0
3,0,2,0,43,50,90,0,0
3,0,1,0,56,1119,265,0,0
1,1,0,0,30,-111,266,0,0
6,2,1,0,48,858,353,0,0
3,0,2,1,45,153,706,0,1
7,0,1,0,46,390,208,0,0
5,1,1,0,29,200,261,0,0
9,2,2,0,59,502,27,0,0
3,1,1,0,26,940,237,0,0
4,0,1,0,59,3812,498,0,0
0,0,0,0,51,938,98,3,0
9,0,0,0,52,554,44,0,0
2,0,1,0,41,1249,391,0,0
0,0,0,0,49,2881,120,0,0
3,1,1,0,26,396,302,0,0
4,0,2,0,59,1423,584,0,0
5,0,-1,0,46,1106,14,0,0
0,0,1,0,29,160,844,0,0
3,0,1,0,37,2364,40,0,0
7,0,1,1,46,-30,164,2,0
0,0,0,0,38,0,537,2,0
0,1,0,0,34,3,16,0,0
1,0,1,0,46,9299,1148,2,0
6,0,1,0,44,5780,525,0,0
0,1,0,0,30,12857,150,0,0
6,0,1,0,33,403,274,0,0
6,1,-1,0,36,281,515,0,0
8,0,1,1,56,-246,461,2,0
2,2,1,0,55,538,306,2,0
1,1,1,0,35,204,236,0,0
2,0,1,0,40,0,117,0,0
3,0,2,0,56,397,240,0,0
10,1,2,0,22,3472,529,4,0
5,2,1,0,47,1139,106,0,0
5,0,1,1,57,92,49,0,0
0,0,-1,0,34,-353,328,0,1
3,0,-1,1,49,507,16,0,0
0,1,1,0,34,0,132,0,0
5,1,0,1,32,138,57,0,0
5,2,0,0,33,1586,39,0,0
10,1,1,0,28,1377,688,0,0
5,1,1,0,29,209,605,0,0
3,2,2,1,59,1,214,0,0
3,0,1,0,37,2697,430,0,0
0,1,0,1,31,684,148,0,0
10,1,2,0,21,3472,66,0,0
9,0,2,0,34,-1,272,0,0
1,0,2,0,43,117,84,0,0
0,0,0,0,53,-1112,53,1,0
4,2,2,0,57,2439,32,0,0
0,1,0,0,46,3,85,0,0
1,0,1,0,54,0,986,8,0
5,1,0,0,32,1583,100,1,0
6,0,2,1,52,-585,201,0,0
0,2,0,0,39,1315,1337,1,0
4,0,2,0,59,-1,229,0,1
9,0,2,0,42,1371,125,0,0
1,1,1,0,33,49,151,0,0
6,0,1,1,40,376,268,0,0
0,0,0,0,33,519,260,0,0
3,0,1,1,32,17332,165,0,0
1,1,1,0,43,145,341,0,0
5,1,1,0,24,66,825,0,0
5,1,-1,0,28,174,184,0,0
6,0,1,0,43,0,105,0,0
5,0,1,0,47,4307,88,0,0
3,0,2,0,53,634,475,0,0
0,2,1,0,46,10,273,0,0
0,1,0,0,27,2648,917,0,0
8,0,1,0,52,2142,104,0,0
1,0,1,0,44,358,179,0,0
1,2,1,0,32,-399,180,0,0
0,0,0,0,34,3301,164,6,0
8,2,2,0,45,407,196,0,0
3,0,2,0,36,1177,330,4,0
1,2,1,0,43,64,55,0,0
4,0,2,0,72,4657,132,16,0
0,0,0,0,51,3134,92,0,0
6,0,1,0,27,311,50,1,0
3,0,1,0,53,-76,173,4,0
3,0,2,0,49,1898,159,0,0
8,0,0,0,47,0,232,0,0
0,0,0,0,40,226,262,0,0
2,0,1,1,56,535,345,0,0
0,0,0,0,34,1036,78,7,0
0,1,1,0,26,2613,326,0,0
5,1,-1,0,29,175,597,0,0
3,0,1,0,53,21522,146,0,0
4,0,1,0,41,287,236,0,0
7,2,1,0,49,6116,43,0,0
3,1,1,0,38,530,17,0,0
0,0,0,0,46,1446,359,0,0
1,2,1,0,33,0,177,0,0
0,2,0,0,47,17964,165,0,0
3,0,1,0,44,236,596,0,0
5,2,1,1,30,83,118,1,0
8,2,1,0,36,5,169,2,0
1,1,1,0,29,156,111,3,0
0,0,0,0,32,500,24,0,0
0,0,0,0,44,647,226,0,0
7,0,2,0,33,1862,65,0,0
0,0,0,0,46,699,241,0,0
3,0,2,0,32,233,391,0,0
5,0,0,0,29,26,45,0,0
0,1,0,0,35,1632,430,0,0
0,1,0,0,36,11767,226,0,0
3,0,-1,0,46,401,306,0,0
3,2,2,0,51,886,167,0,0
6,0,2,1,56,486,1877,0,0
1,0,0,0,38,216,141,0,0
0,2,-1,0,56,2986,124,0,0
1,0,2,0,45,3388,36,0,0
1,0,0,0,33,1746,184,0,0
9,0,-1,0,52,2337,190,11,0
4,2,2,0,79,79,1106,0,0
2,0,1,0,42,1002,109,0,0
0,1,1,0,31,783,221,1,0
3,2,1,0,44,272,219,2,0
3,0,1,1,28,100,132,0,0
3,0,1,0,45,226,170,2,0
0,0,0,0,34,255,78,0,0
3,2,1,0,37,33,326,0,0
3,1,1,0,32,435,373,0,0
3,0,1,0,44,-674,257,0,0
5,1,1,1,42,-149,33,0,0
5,0,1,0,48,844,12,0,0
2,2,0,0,44,316,244,0,0
9,0,2,0,39,-44,228,0,0
1,0,1,0,34,5553,258,0,0
0,0,2,0,48,5348,105,0,0
1,0,1,0,27,7102,141,0,0
1,0,1,1,49,-205,6,1,0
7,0,1,0,58,0,272,0,0
6,0,1,0,31,-163,135,2,0
3,0,1,0,31,0,97,1,0
10,1,-1,0,32,376,192,5,0
1,0,1,0,58,385,64,0,0
5,0,1,0,35,0,326,0,0
1,0,1,0,47,536,778,2,0
2,0,0,0,50,221,319,1,0
2,0,1,0,36,134,98,0,0
1,0,1,0,36,331,239,0,0
5,2,1,0,48,-513,54,1,0
3,1,1,0,26,0,82,0,0
0,0,1,0,41,1273,73,0,0
8,1,1,0,21,1333,120,0,0
1,1,0,0,30,3086,84,1,0
3,0,2,0,37,2378,460,0,0
5,1,0,0,30,253,146,0,0
1,0,1,0,57,1753,539,0,0
8,0,0,0,59,279,41,0,0
5,2,1,1,35,3636,808,0,0
0,1,0,0,33,8038,60,0,0
4,2,2,0,57,0,1037,0,0
5,2,1,0,52,774,79,0,0
3,1,1,0,37,5818,652,0,0
3,0,2,0,36,442,238,3,0
4,0,1,0,49,329,264,0,0
1,0,1,0,49,195,211,0,0
1,0,1,0,38,238,376,0,1
4,0,2,0,73,5539,338,0,0
0,0,0,0,36,396,64,5,0
7,0,0,0,36,15,64,0,0
1,0,1,0,46,152,72,0,0
2,0,2,0,55,-24,176,0,0
2,1,-1,0,53,717,594,0,0
4,0,1,0,59,836,106,0,0
0,1,0,0,30,1456,227,0,0
1,0,1,0,41,1602,142,0,0
3,0,1,0,50,95,468,0,0
3,0,2,1,42,560,139,0,0
6,0,2,0,44,1161,402,5,0
5,2,1,1,56,-429,229,0,0
3,0,2,1,36,0,18,0,0
3,0,1,0,35,306,12,0,0
8,1,-1,0,31,167,316,0,0
6,0,1,0,37,-601,210,0,0
2,0,1,0,36,419,34,0,0
6,0,1,1,44,0,471,0,0
5,2,1,1,34,-220,115,0,0
4,0,-1,0,58,937,155,0,0
5,0,1,0,34,1651,246,0,0
3,0,1,1,34,6411,226,0,0
0,2,0,0,40,-319,59,0,0
2,0,0,0,42,2249,362,6,0
3,0,1,0,33,53,113,0,0
0,0,0,0,31,827,38,0,0
3,0,2,0,45,0,137,0,0
0,1,0,0,55,7025,139,0,0
1,0,1,0,47,-18,105,0,0
3,0,1,0,43,704,28,1,0
3,1,1,0,32,232,232,0,0
3,2,1,0,32,739,171,0,0
0,0,0,0,33,1412,480,0,0
3,0,2,0,29,220,187,0,0
0,0,-1,0,43,587,11,9,0
1,1,1,0,44,1548,62,0,0
6,2,2,0,38,188,597,0,0
0,0,0,0,38,0,22,0,0
3,0,2,1,33,-306,851,0,0
1,0,1,0,58,3399,1628,8,0
3,1,1,0,25,-191,958,0,0
6,0,1,0,43,354,49,0,0
3,0,1,0,33,-257,92,0,0
1,1,0,1,47,31,63,0,0
3,2,1,0,50,-441,203,0,0
5,0,2,1,52,2281,82,1,0
2,0,-1,1,37,983,225,0,0
6,0,1,0,26,104,7,0,0
0,0,1,0,56,145,224,0,0
5,1,-1,0,32,393,169,0,0
1,0,1,1,41,261,222,0,0
3,0,1,0,59,13718,107,0,0
1,2,1,0,34,89,101,0,0
0,1,0,0,51,3087,86,0,0
3,0,1,1,26,0,51,0,0
2,0,1,1,38,593,1484,0,0
7,0,0,0,31,81,57,0,0
0,1,0,1,30,443,80,0,0
0,1,0,1,42,1113,89,12,0
5,0,1,0,45,205,180,3,0
8,2,1,0,58,0,598,0,0
3,0,-1,0,51,1883,57,0,0
3,0,1,1,56,448,556,2,0
0,1,0,0,35,3140,130,0,0
3,1,1,0,28,339,353,0,0
3,1,1,0,30,0,768,0,0
0,0,0,0,38,1101,78,1,0
0,0,1,0,31,8629,957,2,0
4,0,2,0,69,2398,161,1,0
1,1,1,1,49,-188,454,0,0
6,0,1,1,39,-495,51,0,0
1,1,1,0,33,-479,235,0,0
0,2,0,0,52,12,33,0,0
0,0,0,0,46,349,295,1,0
3,1,1,1,26,535,252,0,0
0,0,0,0,33,133,308,0,0
0,1,1,0,35,356,7,12,0
3,1,1,0,41,6393,128,0,0
3,0,2,0,28,113,534,0,0
7,1,0,0,37,1286,37,0,0
0,0,1,0,50,0,214,0,0
3,0,1,0,56,1210,935,0,0
6,0,1,0,54,770,151,0,0
1,0,1,1,48,17,81,0,0
5,1,0,0,27,4991,123,0,0
1,0,1,1,53,1982,160,0,0
6,1,1,0,31,205,465,0,0
0,2,0,0,49,557,145,5,0
5,1,1,1,45,375,10,6,0
6,1,1,1,29,447,106,0,0
0,2,0,0,43,3820,86,0,0
5,1,1,1,36,0,109,1,0
6,0,1,0,31,891,44,0,0
6,1,1,0,36,0,1002,0,0
10,1,1,0,20,1191,274,0,0
9,0,2,0,55,1563,128,0,0
4,0,2,0,59,249,432,0,0
2,0,0,1,51,3188,339,0,0
5,1,0,0,43,664,119,0,0
9,2,1,1,37,226,380,3,0
3,2,1,0,29,-300,192,0,0
1,2,1,0,37,0,283,0,0
3,0,2,0,55,158,176,0,0
1,1,0,1,21,61,141,0,0
7,0,1,0,58,372,315,0,0
3,0,1,0,47,-98,112,0,0
3,0,-1,0,48,459,134,1,0
4,0,1,0,74,1714,127,0,0
1,0,0,1,33,525,499,1,0
7,0,1,0,59,0,203,0,0
1,2,0,0,31,0,127,0,0
4,0,1,0,81,1,65,0,0
6,0,1,0,58,0,241,0,0
0,0,0,0,39,285,838,0,0
1,1,0,1,31,4979,33,0,0
3,0,0,1,35,199,176,0,0
1,1,1,0,27,-69,4,0,0
1,0,1,0,59,0,249,0,0
0,0,1,0,43,16,154,0,1
5,1,-1,0,52,2227,242,0,0
1,0,1,0,34,-346,115,0,0
0,1,0,0,36,1804,170,1,0
0,0,0,0,48,370,134,2,0
4,0,2,0,61,8729,480,0,0
0,0,0,0,59,3401,111,0,0
6,1,1,0,30,101,85,0,0
2,2,0,0,37,66,1164,0,0
5,1,1,0,38,2329,261,0,0
6,0,1,0,27,54,97,1,0
1,1,1,0,29,738,29,0,0
0,0,0,0,46,1375,308,0,0
7,2,0,0,50,59,67,0,0
6,0,1,0,32,393,211,2,0
6,0,1,0,54,812,113,0,0
1,0,1,0,55,273,84,3,0
0,1,0,0,27,1414,95,0,1
0,0,2,0,60,295,126,0,0
0,0,0,0,35,0,197,1,0
3,0,2,0,55,-317,152,0,0
1,0,1,1,38,217,93,0,0
6,1,1,0,38,7695,193,0,0
1,0,1,0,37,720,58,0,0
1,0,0,0,53,431,74,0,0
3,0,1,0,29,1238,478,1,0
1,0,1,0,41,112,1081,1,0
9,0,0,1,30,113,230,0,0
1,0,0,0,40,99,220,2,0
1,0,1,0,33,303,355,5,0
3,1,1,0,31,1291,72,0,0
7,0,1,0,47,523,7,0,0
3,0,2,0,37,0,362,4,0
1,2,1,0,54,0,87,0,0
3,1,2,0,59,-86,16,0,0
3,1,1,0,31,5607,261,0,0
1,0,1,0,32,186,418,0,0
3,0,1,0,33,86,364,0,0
-1,0,-1,0,50,1533,157,0,0
5,0,1,0,43,1220,349,1,0
0,0,0,0,44,736,71,0,0
9,0,2,1,60,726,94,0,0
3,0,1,0,50,1604,267,0,0
5,0,1,0,55,602,350,5,0
1,1,-1,0,32,317,394,0,0
9,0,1,0,58,4840,366,0,0
0,1,0,0,34,417,270,15,0
4,0,0,0,60,872,37,0,0
1,1,1,0,38,12,150,0,0
9,2,0,0,51,1613,870,0,0
0,0,0,0,43,690,171,0,0
1,0,1,0,60,0,641,0,0
4,0,1,0,55,0,636,0,0
3,0,2,0,51,-17,134,0,1
1,0,1,1,28,272,183,0,0
5,0,1,0,54,1335,448,0,0
7,0,2,0,55,468,214,0,0
0,0,0,1,40,-37,408,0,0
5,1,1,0,29,1448,217,7,0
10,1,1,0,23,-116,109,0,0
7,0,2,0,32,1074,38,2,0
5,0,0,0,41,226,157,0,0
0,0,0,0,32,3442,475,0,0
3,0,1,0,34,156,393,0,0
5,0,1,0,37,637,1084,0,0
3,0,1,0,39,1382,397,0,0
0,0,0,1,49,964,201,0,0
5,2,1,1,29,120,197,0,0
4,0,1,0,79,909,114,1,0
3,0,1,0,32,-53,648,1,1
1,0,1,0,31,-119,9,0,0
4,0,2,0,60,71188,205,0,0
7,0,1,0,57,7747,102,0,0
3,1,2,0,38,0,350,0,0
3,0,2,0,59,0,173,0,0
0,1,0,0,27,212,373,0,0
1,1,0,1,30,419,299,0,0
6,0,1,1,37,3429,151,11,0
0,1,0,0,29,2907,150,0,0
3,0,1,1,44,-182,10,0,0
0,0,0,0,33,148,717,0,0
0,0,0,1,49,78,257,0,0
0,1,1,0,24,86,1075,0,0
4,0,0,0,66,2262,155,0,0
0,0,0,0,35,267,192,0,0
1,0,0,0,30,606,551,0,0
3,1,1,0,31,39,123,0,0
0,1,0,0,51,5341,184,0,0
0,0,0,1,39,691,517,1,0
3,0,1,0,26,484,48,0,0
0,0,0,0,28,3589,348,0,0
5,1,1,0,32,8619,267,0,0
0,0,0,0,57,16,200,0,0
5,1,1,0,47,15,71,4,0
0,1,0,0,39,307,182,0,0
3,0,2,0,46,938,92,0,0
3,1,1,0,32,1721,184,2,0
3,0,-1,0,53,2785,1165,0,0
4,0,1,0,59,82,308,0,0
5,0,1,0,40,4775,215,0,0
5,1,0,0,29,1501,316,0,0
5,0,1,0,36,854,130,0,0
3,0,2,0,34,174,405,0,0
1,1,1,0,35,7530,117,0,0
5,2,1,1,32,5,82,2,1
0,0,0,0,34,812,156,1,0
0,0,0,0,40,207,39,0,0
4,1,-1,0,49,332,163,0,0
0,1,0,0,29,368,160,0,0
0,0,1,0,40,-63,248,0,0
3,0,2,0,52,1515,20,0,0
4,0,2,0,55,4424,67,0,0
1,2,0,0,46,532,491,0,0
0,0,0,1,30,1942,436,3,0
7,0,0,0,31,3220,74,0,0
9,0,0,0,45,2424,452,0,0
4,0,2,0,56,681,204,0,0
3,0,1,0,37,3653,525,0,0
6,2,1,0,53,4554,8,0,0
6,0,1,0,49,823,780,0,0
1,1,1,0,29,404,286,0,0
5,1,-1,0,39,0,62,0,0
7,2,0,0,40,1077,309,0,0
-1,1,1,0,39,914,20,0,0
2,2,0,0,49,315,240,0,0
5,1,1,0,26,1327,171,0,0
8,0,1,0,28,655,606,0,0
9,1,-1,0,35,4378,376,0,0
1,0,0,0,53,2600,656,0,0
9,0,2,1,51,1093,18,0,0
10,1,1,0,28,2015,110,2,0
5,1,1,0,31,68,570,0,0
1,2,1,1,31,24,352,0,0
8,0,1,0,47,3533,319,2,0
8,0,1,0,52,5091,309,0,0
0,1,1,0,30,1299,515,0,0
3,0,2,0,54,211,160,0,0
6,1,1,0,30,177,187,2,0
0,1,0,0,31,0,97,2,0
5,2,1,0,40,83,327,6,0
1,0,1,0,30,-910,124,1,0
10,1,-1,0,27,598,126,1,0
6,1,1,0,36,260,132,0,0
0,1,0,0,27,446,205,0,0
8,1,1,0,35,127,162,0,0
6,0,1,0,56,1121,176,0,0
3,0,2,0,59,616,253,2,0
3,0,2,0,54,10662,256,0,0
1,1,1,0,31,77,229,0,0
0,2,0,0,45,220,89,0,0
5,1,-1,0,51,196,98,0,0
3,0,-1,0,37,722,362,3,0
3,0,1,0,33,58,144,0,0
0,1,0,0,35,-292,166,6,0
3,0,1,0,39,0,209,0,0
6,0,1,0,40,113,126,0,0
0,0,0,0,36,928,239,0,0
0,1,1,0,33,99,160,0,0
0,0,0,0,43,5082,99,0,0
3,2,2,0,36,0,97,1,1
7,1,0,0,50,21,157,1,0
0,0,0,0,42,160,97,0,0
3,0,1,0,36,362,274,0,0
5,1,1,1,43,-247,751,4,0
1,0,0,1,33,0,94,0,0
0,1,1,0,27,35,255,0,0
6,0,1,0,55,408,314,0,0
1,0,1,1,33,0,163,0,0
0,0,0,1,45,-190,92,0,1
6,0,1,0,26,77,619,4,0
3,0,1,0,38,1556,191,0,0
0,0,0,0,36,763,50,0,0
3,0,2,0,45,302,258,0,0
0,2,0,0,45,0,392,0,0
10,1,1,0,25,2975,799,0,0
9,0,-1,0,51,2337,133,5,0
4,0,0,0,55,8037,114,0,0
3,0,1,1,45,-183,8,0,0
9,0,1,0,54,1182,118,2,0
3,0,1,0,31,1005,429,0,0
3,0,2,0,66,2552,186,0,0
5,0,2,0,52,576,139,1,0
3,0,2,1,50,888,160,0,0
0,0,0,0,33,3696,305,3,0
6,0,1,0,32,61,529,0,0
2,2,1,0,44,-143,66,0,0
4,0,1,0,55,39,281,0,0
6,0,1,0,32,3839,76,0,0
0,0,0,0,30,4948,376,0,0
7,1,1,0,32,4,233,0,0
5,0,-1,0,56,1848,147,1,0
6,1,1,0,37,2,220,0,0
5,1,1,0,37,0,137,0,0
2,0,0,0,37,836,223,2,0
1,2,1,1,36,515,104,3,0
6,0,1,0,31,28,101,0,0
3,1,1,0,26,49,489,0,0
5,1,1,0,37,810,376,1,0
1,1,1,0,30,54,194,0,0
3,0,1,0,32,1331,286,0,0
0,0,0,0,56,1388,132,0,0
3,1,2,0,56,739,95,0,0
9,2,1,1,41,637,678,0,0
3,1,2,0,37,147,192,0,0
6,1,0,0,33,-452,692,0,0
3,0,1,0,37,16,250,0,0
3,0,1,0,47,8229,784,0,0
3,0,1,0,34,1221,182,8,0
8,0,1,0,52,-307,272,0,0
10,1,1,0,22,123,267,7,0
1,1,0,0,30,655,384,0,0
4,0,0,0,51,580,694,0,0
8,0,1,0,45,-407,320,2,0
3,1,1,0,48,-269,167,3,0
1,1,1,0,30,163,72,0,0
4,1,2,0,54,466,151,0,0
0,0,0,1,37,489,12,0,0
7,0,0,0,39,1492,1106,0,0
0,0,0,0,33,641,347,0,0
3,0,1,0,30,2583,436,0,0
1,1,1,0,38,614,116,0,0
5,0,1,0,60,12980,115,0,0
4,0,0,0,68,2820,154,2,0
0,1,0,0,31,725,345,1,0
4,0,1,1,58,158,156,0,0
6,0,1,0,35,372,202,1,0
6,1,1,0,33,-27,165,0,0
3,1,1,0,34,1239,90,0,0
5,1,1,0,35,289,48,0,0
1,2,1,1,37,1176,282,0,0
0,0,0,0,39,13021,425,0,0
1,1,0,0,52,1308,361,0,0
0,0,0,0,56,0,486,0,0
0,0,0,0,55,655,167,0,0
5,1,1,0,44,-497,115,2,0
6,0,1,0,32,1670,223,2,0
0,2,0,0,40,1315,466,5,0
3,2,2,0,52,196,119,0,0
0,0,0,1,32,141,10,0,0
4,0,2,0,58,121,50,0,0
10,1,1,0,36,624,518,1,0
0,0,0,0,43,0,360,0,0
1,0,1,0,31,246,159,0,0
6,1,2,1,32,-56,418,0,0
5,1,1,1,29,-309,215,0,0
9,0,2,0,50,85,714,0,0
0,1,0,0,45,2048,310,1,0
6,2,2,0,42,0,216,0,0
5,1,1,0,49,-412,31,0,0
0,0,0,0,42,199,497,0,0
5,1,1,0,38,1560,9,3,0
3,0,2,0,56,2765,222,0,0
5,0,1,0,47,1210,493,0,0
6,0,1,0,40,1438,207,2,0
0,0,0,0,38,76,167,3,0
6,0,1,1,40,-212,71,1,0
3,0,2,0,44,0,226,0,0
6,0,1,0,50,1595,882,0,0
3,0,2,0,34,72,93,0,0
7,2,0,1,45,75,236,0,1
6,0,1,0,32,250,202,0,0
1,0,0,0,37,183,51,1,0
3,0,2,0,57,42,384,0,0
0,1,0,1,27,154,75,0,0
0,0,0,0,57,-871,214,0,0
1,2,0,0,48,2328,129,0,0
5,1,1,0,29,488,105,0,0
1,0,1,0,54,1331,657,0,0
0,1,1,0,43,1029,145,0,0
6,0,1,0,50,892,189,0,1
1,1,1,0,43,54,62,0,0
1,2,0,0,42,343,87,0,0
5,2,1,0,41,322,87,0,0
2,0,2,0,52,592,122,0,0
1,1,1,0,24,820,665,0,0
3,0,1,0,39,203,143,0,0
0,1,0,0,28,1069,675,0,0
5,2,1,0,45,246,119,0,0
0,2,0,0,39,224,194,1,0
3,0,2,1,50,859,40,0,0
0,2,0,0,41,934,93,0,0
2,0,0,0,38,7752,138,0,0
5,0,1,0,30,692,290,0,0
2,0,1,0,49,89,351,0,0
9,2,1,0,41,43,198,0,0
3,0,2,0,41,686,888,0,0
5,0,1,0,33,471,214,0,0
3,1,1,0,39,16917,129,0,0
3,0,2,0,42,1687,14,3,0
6,2,1,0,55,322,342,0,0
3,0,1,0,33,523,18,5,0
0,2,0,0,55,347,115,0,0
3,0,1,0,43,101,153,0,0
6,0,1,0,27,202,212,0,0
0,0,0,0,38,0,219,0,0
2,0,0,1,54,651,121,0,0
5,0,1,1,58,1464,53,0,0
6,1,1,0,30,3485,142,0,0
1,2,-1,0,51,1328,119,1,0
3,0,1,0,35,667,178,0,0
2,0,1,0,50,854,198,0,0
3,0,1,0,30,125,238,0,0
1,0,1,0,33,484,205,9,0
4,0,2,0,60,155,115,0,0
3,1,1,1,28,7,125,0,0
10,1,1,0,26,132,217,0,0
5,0,0,0,33,55,384,0,0
9,0,0,0,57,3,142,0,0
1,2,1,0,43,6835,187,2,0
5,2,0,0,50,432,329,0,0
3,0,2,1,44,2,46,0,0
0,0,0,0,38,216,1307,0,0
8,1,0,0,41,7968,404,4,0
3,0,-1,0,43,-715,67,0,1
8,1,1,0,34,233,11,4,0
4,0,1,0,61,86,149,0,0
2,0,1,0,44,4389,149,0,0
1,0,-1,0,40,698,223,0,0
10,1,0,0,32,64,598,5,0
0,0,0,0,36,369,193,2,0
6,1,1,0,30,-143,85,0,0
5,0,1,0,39,150,55,7,0
0,0,0,0,28,22,59,0,0
6,1,1,0,30,1599,152,0,0
8,0,1,0,39,-455,542,0,0
3,0,2,0,42,208,82,0,0
3,1,2,0,49,3018,93,0,0
0,0,0,0,31,777,245,0,0
0,1,1,0,34,1863,143,0,0
5,1,1,0,27,914,131,0,0
0,0,1,0,30,850,507,0,0
3,0,1,0,46,961,48,0,0
6,0,1,0,37,20,151,0,0
0,0,0,0,45,1529,160,0,0
0,1,0,0,31,1858,453,0,0
8,0,2,0,31,3837,340,0,0
3,0,1,1,50,-812,8,0,1
2,1,1,0,37,-22,317,0,0
1,0,1,0,32,344,179,1,0
1,0,1,0,40,1259,234,0,0
3,0,1,0,41,433,75,0,0
1,0,0,0,34,4,70,0,0
0,0,0,0,42,0,66,0,0
6,0,1,0,33,233,155,0,0
3,0,1,1,31,-282,108,0,0
5,0,1,0,38,766,461,1,0
2,1,0,1,43,744,619,0,0
1,0,1,0,35,4922,393,17,0
3,0,1,0,53,6112,211,1,0
3,0,2,0,46,771,708,0,0
1,1,0,0,34,23919,384,0,0
6,0,1,0,27,0,991,0,0
0,0,1,0,59,1021,89,0,0
0,0,0,0,44,786,15,0,0
6,1,1,0,26,50,153,0,0
3,0,2,1,56,284,124,4,0
1,0,0,0,28,739,316,0,0
5,1,1,1,31,2076,178,7,0
3,0,2,1,41,1052,335,0,0
1,0,1,0,52,1815,131,0,0
3,1,1,0,25,2,264,0,0
0,1,0,1,32,1512,133,0,0
7,0,1,1,52,6353,361,0,0
3,1,2,0,32,121,758,0,0
5,1,1,0,29,43,179,0,0
3,1,2,0,27,3342,761,4,0
3,0,1,0,34,0,195,0,0
1,0,1,0,45,144,299,0,0
8,1,2,0,33,396,382,0,0
1,0,1,0,56,2847,327,0,0
1,2,1,0,41,0,386,0,0
1,0,1,0,31,660,115,0,0
0,0,-1,0,38,546,437,2,0
0,0,0,0,34,0,244,0,0
10,1,1,0,23,0,217,7,0
9,0,2,0,40,224,138,0,0
6,1,2,0,37,3715,6,0,0
2,0,1,0,51,2156,84,0,0
0,0,0,0,51,437,109,0,0
3,0,1,1,38,-3,172,0,0
7,1,0,0,31,-282,131,0,1
6,0,1,1,40,0,226,0,0
0,0,1,0,29,0,85,0,0
2,0,2,0,43,346,9,0,0
8,0,1,0,44,0,398,4,0
6,0,1,0,33,968,204,0,0
1,0,1,0,45,118,208,0,0
3,0,1,1,58,590,136,1,0
0,2,0,0,37,488,328,2,0
1,1,0,0,32,1534,199,0,0
0,0,0,0,45,634,227,0,0
0,1,0,0,33,1909,191,0,0
3,0,1,1,56,-199,428,0,0
2,0,0,0,43,210,646,0,0
3,0,2,0,56,-160,96,0,1
8,1,1,0,40,11,43,0,0
3,0,1,0,35,74,248,0,0
3,2,2,0,52,-100,7,15,0
3,0,2,0,54,781,103,0,0
3,1,1,0,28,1106,73,0,0
0,1,0,1,41,1113,388,0,0
0,2,-1,0,57,2986,1563,3,0
0,2,0,0,52,95,91,0,0
0,0,0,0,31,392,119,0,0
0,0,1,1,50,0,55,0,0
3,0,1,0,40,1023,64,11,0
2,0,0,0,37,342,212,0,0
2,2,0,0,55,372,225,0,0
1,0,-1,0,49,1359,119,0,0
3,0,1,0,51,502,93,0,0
7,1,0,1,25,-44,201,0,0
1,1,1,0,35,2144,188,0,0
3,0,2,0,31,263,75,0,0
0,1,0,1,26,0,145,1,0
3,0,2,0,58,309,156,0,0
0,0,0,0,33,3090,162,0,0
6,0,1,0,55,0,110,0,0
5,0,1,0,35,3187,445,3,0
0,1,1,0,33,1615,178,3,0
3,1,1,0,30,522,197,0,0
6,1,1,0,32,995,119,0,0
3,0,1,0,34,2542,228,0,0
4,2,2,0,79,2787,617,1,0
0,0,0,0,37,0,227,0,0
0,0,2,0,57,0,455,0,0
3,0,2,0,39,2805,102,0,0
5,0,1,0,38,337,624,0,0
3,0,-1,0,46,83,38,0,0
0,0,0,0,39,2939,608,3,0
3,0,1,1,30,501,994,1,0
8,0,1,0,49,207,181,0,0
3,2,2,0,41,0,509,0,0
9,1,1,0,38,465,180,3,0
1,0,1,0,43,3049,383,0,0
1,0,1,0,36,0,120,0,0
6,0,1,0,51,121,122,0,0
4,1,2,0,48,0,9,0,0
3,0,2,1,33,5151,73,4,0
1,1,-1,0,32,491,474,0,0
1,0,1,0,46,591,81,0,0
10,1,1,0,19,329,252,0,0
1,0,0,0,31,8,71,0,0
6,2,1,1,58,1109,180,0,0
3,0,1,0,30,8,473,0,0
4,2,1,0,69,4189,138,2,0
6,1,1,1,44,762,778,0,0
4,0,2,0,54,2243,281,0,0
0,0,0,0,35,1285,100,0,0
5,0,1,0,35,2238,42,0,0
0,0,0,0,30,2694,192,0,0
1,1,1,1,36,301,367,0,0
2,0,2,0,30,386,253,0,0
0,0,0,0,40,3812,58,0,0
3,0,1,0,46,3999,202,0,0
7,0,-1,0,47,14,142,0,0
0,0,0,1,35,354,117,2,0
3,0,2,0,50,1549,445,6,0
7,0,1,1,31,731,188,0,0
6,1,1,0,35,-2,15,0,0
10,1,0,0,26,294,208,0,0
2,0,2,0,35,29397,166,0,0
3,1,1,0,38,0,240,4,0
4,0,0,0,58,1669,109,0,0
5,0,1,1,29,544,97,0,0
7,0,0,0,43,310,84,0,1
7,2,0,0,35,1354,736,0,0
0,0,0,0,56,3120,666,0,0
3,0,2,0,43,1518,94,0,0
5,0,1,0,57,16873,219,1,0
6,2,1,1,43,372,618,2,0
0,0,-1,0,45,1525,36,0,0
0,2,0,0,31,895,202,0,0
0,0,0,1,56,67,88,0,0
0,0,2,0,58,0,77,0,0
5,0,1,0,51,0,96,0,0
6,1,2,0,36,183,167,0,0
3,0,1,1,30,-109,160,0,0
5,0,2,0,51,2,295,0,0
1,1,0,0,34,1039,342,0,0
4,0,1,0,70,616,89,0,0
7,1,0,0,29,3290,430,3,0
7,1,1,0,34,360,371,0,0
1,1,1,0,42,-1129,555,0,1
7,0,0,0,54,542,48,0,0
1,1,1,0,41,200,353,2,0
3,1,1,0,30,0,5,0,0
6,0,1,0,35,1317,69,0,0
0,0,1,0,44,0,167,0,0
4,2,1,0,58,63,509,0,0
1,0,1,0,47,599,99,0,0
10,1,1,0,23,8494,158,0,0
1,1,1,0,27,1235,191,0,0
7,1,1,0,28,1536,294,0,0
4,0,2,0,70,579,82,1,0
1,1,1,0,35,-158,349,0,0
5,0,0,0,36,0,62,0,0
5,0,1,0,36,0,83,0,0
3,0,1,0,36,89,62,2,0
0,2,1,0,54,300,562,0,0
3,0,2,0,43,197,48,0,0
1,0,1,0,37,-318,25,0,0
6,0,2,0,31,46,37,0,0
0,0,0,0,43,1379,383,0,0
1,2,0,0,36,1174,192,0,0
3,0,-1,0,50,0,599,0,0
1,1,0,0,45,2033,243,2,0
1,0,1,1,35,712,97,0,0
3,0,1,0,33,1402,63,0,0
0,2,-1,0,58,3498,175,0,0
3,0,1,1,40,60,36,0,0
3,0,2,0,45,353,204,1,0
6,0,-1,0,41,4,284,0,0
0,0,0,0,55,134,1650,0,0
6,0,-1,0,53,164,139,0,0
3,0,1,0,50,283,226,0,0
5,1,1,1,36,268,719,0,0
3,0,1,0,41,1020,276,0,0
5,2,1,0,58,1713,544,0,0
0,0,0,0,35,341,824,0,0
7,1,1,0,44,125,109,0,0
3,0,2,0,34,1217,142,3,0
3,0,1,0,34,34,379,0,0
3,2,2,0,30,511,157,0,0
3,1,2,0,36,263,172,0,0
0,1,0,0,30,9634,781,0,0
6,2,1,0,37,523,35,0,0
2,0,1,1,46,0,115,0,0
3,2,2,0,45,942,362,0,0
6,1,1,0,37,887,553,0,0
6,1,1,0,24,14,241,0,0
6,1,1,0,25,199,173,5,0
3,0,-1,0,33,2655,195,0,0
1,1,1,0,39,-237,64,0,0
1,2,1,1,44,303,51,0,0
3,1,1,0,37,238,200,0,0
0,2,0,1,43,-410,189,0,0
0,0,2,1,48,247,145,0,0
3,0,2,0,52,1271,131,0,0
1,0,0,0,26,2026,43,0,0
10,1,1,0,26,1510,58,0,0
6,0,0,1,46,-780,128,0,0
3,0,2,0,47,-12,18,0,0
3,0,1,0,44,575,477,0,0
7,0,0,0,39,127,77,0,0
5,1,1,0,31,296,161,0,0
6,0,1,1,34,81,90,0,0
9,0,1,0,46,271,1013,0,0
5,2,1,1,31,525,278,0,0
3,0,2,0,48,104,103,0,0
0,2,0,0,43,2367,114,2,0
1,2,0,0,30,33,87,0,0
0,0,0,0,48,1733,318,0,0
8,0,0,0,39,1108,191,0,0
7,1,0,0,37,1549,48,0,0
3,0,2,0,58,5788,130,0,0
8,1,1,0,26,632,218,0,0
0,1,1,0,42,1064,14,0,0
1,0,1,0,52,1033,198,0,0
0,0,-1,0,64,2352,181,7,0
3,0,-1,0,44,3373,48,1,0
1,0,1,0,37,318,83,4,0
1,0,0,0,42,1397,135,0,0
0,0,1,0,33,171,100,0,0
6,0,1,0,36,321,160,0,0
5,1,1,0,47,3696,250,4,0
7,0,1,0,42,513,98,0,0
3,0,1,1,35,80,38,2,0
5,0,1,0,57,169,369,0,0
0,1,0,0,45,1395,67,0,0
0,0,0,0,45,2,192,0,0
6,0,1,0,35,0,183,0,0
0,1,0,0,28,20,144,0,0
0,2,0,0,43,1,306,0,0
1,0,1,0,51,1174,301,0,0
1,1,1,0,36,310,115,0,0
3,1,1,0,25,495,131,0,0
3,1,1,0,28,75,7,0,0
3,1,1,0,44,-292,179,0,0
6,1,1,0,44,-389,207,0,0
5,1,1,0,45,-198,130,0,0
3,0,2,0,25,0,64,0,0
0,0,0,1,45,81,61,0,0
3,0,2,1,45,692,102,0,0
3,1,1,0,28,2486,26,1,0
1,1,0,0,35,2658,768,3,0
5,1,1,1,40,-109,170,0,0
0,1,0,0,49,151,97,0,0
5,0,1,0,37,6127,1038,0,0
5,0,1,0,55,865,96,3,0
1,1,1,0,27,489,356,0,0
6,0,1,0,27,0,1608,0,0
1,2,1,0,42,12584,21,0,0
0,0,0,0,33,3713,175,0,0
1,0,1,0,51,195,105,1,0
0,0,1,1,57,-868,186,0,0
5,0,0,0,30,-750,208,0,0
1,0,1,0,39,130,202,0,0
4,0,1,0,58,1604,358,0,0
5,0,1,0,53,4464,162,0,0
3,1,1,0,33,22,76,1,0
1,1,1,1,40,96,181,0,1
7,0,1,0,44,5068,256,0,0
3,0,2,0,47,269,145,0,0
0,1,0,0,30,3340,238,0,0
5,0,1,0,37,1026,389,0,0
3,0,1,1,30,2289,133,0,0
4,2,0,0,56,-458,406,3,0
6,0,1,1,45,0,370,0,0
0,0,1,0,32,1423,223,0,0
3,0,1,0,34,152,275,0,0
2,0,1,0,38,830,68,0,0
0,0,0,0,31,4761,239,0,0
0,1,1,0,32,2018,1238,0,0
0,2,0,0,56,94,121,0,0
3,0,1,0,50,9585,182,0,0
1,0,1,0,57,792,65,0,0
0,0,0,0,45,1323,550,0,0
0,2,0,0,52,2909,110,0,0
3,0,1,0,38,264,15,0,0
3,0,2,0,34,277,68,0,0
3,0,1,1,31,283,37,0,0
0,0,0,0,37,2283,303,4,0
0,0,0,0,31,1331,268,0,0
0,0,2,0,26,1349,275,0,0
3,1,1,1,36,2962,181,0,0
0,0,1,0,50,421,22,0,1
1,1,0,0,26,777,260,1,0
10,1,1,0,22,2412,238,0,0
6,0,1,0,31,1004,96,0,0
0,0,0,0,46,189,45,1,0
5,0,1,0,40,0,368,0,0
3,0,2,0,46,143,279,0,0
6,2,1,0,39,892,34,1,0
3,1,1,1,25,1243,1341,0,0
1,1,1,1,26,0,65,0,0
2,0,1,0,30,946,1065,1,0
1,1,1,0,26,174,67,0,0
4,0,1,0,53,4968,94,1,0
3,1,1,0,26,2007,194,5,0
3,0,2,0,34,298,220,0,0
5,0,1,0,35,3863,125,1,0
5,0,1,0,48,368,430,2,0
2,0,1,0,55,5838,115,0,0
9,0,0,0,31,2190,25,18,0
0,0,0,0,41,0,161,0,0
4,0,1,1,57,939,267,0,0
5,0,1,0,27,-517,172,0,1
5,0,-1,0,56,1784,71,0,0
1,1,1,0,28,-219,386,0,0
3,0,0,0,49,1784,753,0,0
0,0,0,0,43,3186,380,1,0
5,0,1,0,46,2148,176,0,0
2,2,1,0,49,2908,322,0,0
0,1,0,0,25,219,458,0,0
1,0,1,0,40,694,431,9,0
3,2,2,0,44,3953,661,0,0
6,1,1,0,31,1987,55,0,0
1,0,1,0,56,23,857,0,0
6,2,1,0,35,440,101,0,0
1,1,1,0,26,276,106,4,0
6,0,1,0,36,526,333,1,0
1,0,1,0,36,480,213,0,0
5,0,1,0,43,264,113,0,0
3,0,2,0,35,22,1190,2,0
6,0,-1,1,30,280,674,0,0
0,0,0,0,59,5865,250,0,0
0,0,0,1,33,968,95,0,0
6,0,1,0,53,1242,168,0,0
1,1,1,1,29,769,67,0,0
10,1,1,0,23,1234,250,0,0
1,0,1,0,26,915,384,0,0
1,0,1,1,46,2527,201,0,0
9,0,2,0,37,166,151,0,0
1,0,1,0,48,1981,291,2,0
3,0,2,1,44,-82,181,0,0
0,1,0,0,44,825,427,0,0
1,1,1,0,35,225,7,0,0
3,0,1,0,30,-6,461,0,0
5,2,1,0,47,207,244,4,0
10,1,2,0,19,608,236,2,0
3,0,1,0,30,1312,285,0,0
3,0,2,0,46,0,73,0,0
7,2,0,0,36,1354,1723,2,0
5,1,1,0,49,0,325,0,0
6,0,2,0,40,-9,920,0,0
5,2,1,0,38,1533,366,4,0
1,1,1,0,49,3972,37,0,0
1,2,1,0,39,0,35,0,0
3,1,2,0,43,2,783,0,0
6,2,1,1,40,49,191,0,0
5,0,2,0,42,-306,308,1,0
3,0,2,0,53,1311,61,0,0
0,0,0,0,36,0,142,3,0
1,1,0,0,37,-1,223,7,0
6,1,1,0,31,900,221,6,0
1,0,1,0,52,1373,157,0,0
4,2,1,1,57,24,407,0,0
1,0,1,0,42,994,365,0,0
0,0,0,0,33,806,124,0,0
5,0,1,0,31,23,322,0,0
3,0,1,0,52,665,57,0,0
5,0,0,0,33,79,249,2,0
3,0,2,0,46,346,402,0,0
4,0,2,0,54,1925,348,0,0
4,0,1,0,54,785,86,0,0
5,1,1,0,31,19,1978,0,0
10,1,1,0,28,217,238,1,0
0,1,0,0,31,3,406,0,0
4,0,2,0,60,17413,200,0,0
1,0,1,0,30,-189,105,0,0
3,0,2,0,40,592,80,2,0
1,1,1,0,32,3297,99,0,0
6,1,1,0,31,-205,481,1,0
6,0,2,1,52,821,426,0,0
3,0,1,0,46,781,152,0,0
3,0,1,0,43,948,185,2,0
2,0,2,0,44,5038,199,0,0
5,1,1,0,34,5057,73,0,0
1,0,1,0,45,2922,153,0,0
7,1,1,0,55,2607,38,0,0
3,0,2,0,35,767,1408,0,0
4,0,-1,0,57,230,177,3,0
2,0,-1,0,56,88,172,0,0
0,2,0,1,54,2171,1034,0,0
1,2,1,0,45,23,62,0,0
9,0,2,0,59,182,133,0,0
4,0,1,0,55,493,647,0,0
3,0,1,0,30,246,191,7,0
0,0,-1,0,55,559,271,0,0
1,0,1,1,37,1450,112,0,0
3,0,1,0,57,2058,23,0,0
5,0,0,0,38,4297,206,0,0
2,0,1,0,34,-868,198,0,1
0,0,0,0,66,2169,282,0,0
6,0,1,0,38,1970,701,1,0
6,0,2,1,43,-2122,141,0,0
7,0,2,0,47,574,137,0,0
-1,0,-1,0,35,0,159,0,0
9,0,2,0,34,4,55,0,0
7,0,0,0,43,2501,153,0,0
10,1,1,0,26,374,478,0,0
0,1,0,0,49,0,205,0,0
8,0,1,0,46,926,385,0,0
9,1,0,0,36,561,274,0,0
5,2,1,0,39,-427,8,0,0
10,1,1,0,27,3096,62,1,0
6,1,1,1,32,2459,162,0,0
3,2,2,0,45,-207,878,0,0
0,1,0,0,32,819,114,0,0
6,1,1,0,30,3405,276,0,0
3,0,2,0,58,3109,295,4,0
6,0,-1,0,54,7864,145,0,0
1,0,0,0,31,2166,577,2,0
4,2,2,0,83,46,115,0,0
5,1,1,0,33,92,157,0,0
3,0,1,1,33,137,305,0,0
1,0,1,0,49,3466,161,2,0
3,1,1,0,26,-23,315,0,1
8,0,1,0,36,923,6,0,0
5,1,1,0,36,728,230,0,0
3,1,1,0,26,3145,1141,1,0
0,0,0,0,36,2987,307,0,0
3,1,1,0,25,913,113,0,0
1,0,1,1,37,507,157,0,0
1,0,1,1,48,480,371,0,0
3,0,2,0,47,0,98,0,0
0,0,0,0,35,272,251,2,0
5,0,1,0,33,2374,706,0,0
6,0,1,0,30,129,1446,0,0
8,1,1,0,34,1586,355,0,0
1,0,1,0,38,10596,195,4,0
5,0,1,0,35,5250,363,0,0
5,0,1,0,34,131,94,0,0
4,2,1,0,54,13,197,0,0
3,2,2,0,58,2716,163,0,0
1,0,1,0,42,3082,285,0,0
6,1,1,0,28,3028,183,0,0
7,0,1,0,37,3396,69,0,0
3,0,1,1,55,328,335,0,0
1,1,1,0,41,5329,397,0,0
10,2,2,0,35,2755,177,3,0
3,1,1,0,32,427,11,0,0
6,0,2,0,43,2557,166,5,0
0,0,0,0,44,446,63,0,0
2,2,1,0,30,151,108,0,0
3,1,-1,0,38,10,266,0,0
10,1,1,0,22,2139,133,0,0
6,0,1,0,36,878,108,0,0
6,2,1,0,39,-152,179,0,0
1,0,1,0,43,308,137,4,0
0,0,0,0,36,2326,7,0,0
10,1,-1,0,24,3298,227,0,0
5,0,1,1,52,350,460,0,0
0,2,2,0,55,3629,87,0,0
5,1,1,0,26,0,204,0,0
3,0,1,1,56,302,378,0,0
3,0,1,0,57,1540,564,0,0
4,0,-1,0,60,209,391,1,0
0,0,0,0,41,326,788,0,0
1,1,1,0,26,3244,390,0,0
3,0,1,1,34,1924,161,1,0
1,0,1,0,41,978,55,0,0
8,1,1,0,28,434,257,0,0
1,0,0,0,33,2586,117,0,0
0,0,0,0,35,4286,357,0,0
3,0,1,0,48,1143,93,0,0
1,0,1,0,40,26,230,0,0
1,1,-1,0,54,447,742,0,0
3,0,2,0,46,1204,139,0,0
3,0,1,0,37,194,566,0,0
3,1,-1,0,31,6281,257,3,0
1,1,1,0,30,124,60,0,0
-1,0,-1,0,43,1517,45,0,0
2,1,0,1,43,744,90,4,0
10,1,0,0,24,235,98,1,0
3,0,1,0,50,181,599,0,0
0,0,0,0,40,572,133,2,0
3,0,1,0,30,-529,416,0,0
-1,1,0,0,27,6421,147,0,0
0,2,-1,0,60,404,95,0,0
2,0,0,0,50,8649,141,0,0
0,1,0,0,46,134,40,0,0
0,1,0,0,29,874,231,2,0
0,0,0,0,48,1600,448,0,0
3,0,2,0,33,827,18,0,0
1,0,0,1,54,758,554,0,0
5,0,1,0,57,367,107,0,0
2,0,2,1,30,501,323,0,0
0,0,0,0,38,0,77,0,0
4,2,2,0,83,1097,181,0,0
3,0,2,0,34,2798,297,0,0
0,0,0,0,35,22569,72,0,0
1,1,0,0,36,46,459,0,0
5,2,1,0,31,-579,150,0,0
0,2,0,0,39,224,208,0,0
4,0,1,0,56,3738,156,6,0
0,0,0,0,53,8563,69,0,0
2,1,1,0,53,62,1044,0,0
3,0,1,0,34,467,195,2,0
0,0,1,0,48,2204,45,0,0
10,1,1,0,26,91,174,0,0
6,2,1,0,35,1529,20,0,0
9,0,1,0,54,736,268,1,0
10,1,1,0,27,980,503,0,0
1,0,1,0,28,58,16,1,0
4,0,1,0,76,852,283,0,0
5,1,1,0,30,387,75,0,0
-1,0,-1,0,60,7337,122,0,0
3,1,2,0,44,10984,258,0,0
1,0,0,1,44,1818,88,2,0
1,1,1,1,33,641,242,0,0
1,1,1,0,30,2544,108,0,0
8,0,1,0,57,3867,71,0,0
3,0,1,0,32,3514,226,0,0
3,0,-1,0,41,665,142,0,0
0,0,0,0,57,1318,142,0,0
6,0,1,0,35,33,181,0,0
10,1,1,0,24,125,263,1,0
0,1,0,0,28,1351,267,0,0
6,1,1,0,30,20,404,1,0
1,2,-1,0,44,1823,43,0,0
7,1,0,0,31,1820,68,0,0
8,0,1,0,58,4497,128,0,0
9,1,-1,0,61,893,324,0,0
0,2,0,0,59,7813,75,0,0
0,0,-1,0,41,2457,285,0,0
0,0,0,0,32,1522,302,0,0
7,1,0,0,26,16563,245,0,0
6,2,1,0,43,0,106,0,0
0,2,0,0,47,266,128,0,0
4,2,2,0,84,1680,113,3,0
0,1,0,0,37,833,212,0,0
6,0,1,0,52,820,135,0,0
0,0,0,1,32,8300,460,0,0
3,0,2,0,50,59,184,0,0
3,0,1,0,36,873,44,0,0
0,0,0,0,33,1047,512,0,0
1,1,1,0,33,-173,342,0,1
3,0,1,0,43,607,172,0,0
5,1,1,0,35,1836,623,0,0
0,0,0,1,35,47,44,0,0
3,1,1,1,34,53,346,0,0
0,1,0,1,26,55,165,0,0
3,2,1,0,33,714,208,2,0
5,0,1,0,29,1937,6,0,0
3,0,2,0,59,699,98,6,0
5,0,1,0,38,3091,13,0,0
3,1,1,0,48,2288,114,0,0
0,0,0,0,32,1852,175,0,0
0,1,0,0,34,682,472,0,0
2,2,0,0,31,0,164,0,0
1,1,1,0,26,206,89,0,0
0,1,0,0,38,3646,1710,1,0
3,0,1,0,38,0,152,0,0
6,0,1,1,49,725,70,0,0
5,0,1,0,59,2145,273,0,0
0,1,0,0,33,134,79,0,0
0,0,0,0,58,14922,68,0,0
8,0,1,0,56,670,86,0,0
8,0,1,0,32,0,303,0,0
1,1,1,1,32,309,346,3,0
1,1,1,0,38,283,193,0,0
7,0,0,0,45,510,639,0,0
3,0,2,0,53,1294,71,0,0
0,1,0,1,34,2347,555,0,0
4,0,1,0,60,2674,96,0,0
5,0,1,0,35,430,611,4,0
3,0,2,0,34,0,746,0,0
5,0,1,0,34,95,114,22,0
0,0,1,0,40,4025,107,0,0
2,0,0,0,37,404,55,0,0
0,1,1,1,31,99,125,0,0
1,2,1,0,46,648,281,0,0
6,1,1,0,42,3403,215,1,0
0,1,0,0,32,1134,85,0,0
0,0,0,0,39,429,80,0,0
1,0,1,1,60,216,214,0,0
1,0,1,0,30,32,73,0,0
4,2,1,0,58,219,133,0,0
3,0,1,1,28,1296,764,0,0
5,0,1,0,47,996,247,0,0
6,0,2,0,47,586,68,0,0
5,1,-1,0,40,419,112,0,0
3,0,2,0,31,4728,114,3,0
1,1,1,0,39,-225,220,0,0
4,1,2,0,50,208,51,0,0
2,0,1,1,50,0,344,0,0
3,0,1,1,51,0,109,0,0
7,0,0,0,34,13354,26,0,0
10,1,0,0,34,1322,170,0,0
0,0,0,0,43,3529,190,0,0
0,0,0,0,60,21088,187,0,0
0,1,0,0,32,41,686,0,0
6,1,1,0,25,-61,203,0,0
3,1,1,0,30,573,116,0,0
5,0,1,0,33,-297,398,0,0
3,1,1,0,30,315,1407,0,0
3,0,1,0,32,0,189,1,0
0,0,0,0,56,616,156,0,0
7,0,0,0,35,560,46,0,0
1,1,1,0,31,198,366,0,0
0,0,0,0,49,735,50,0,0
5,0,2,0,46,-335,272,0,0
3,1,1,0,29,1958,643,0,0
3,0,1,1,40,565,297,0,0
3,0,1,0,45,431,29,0,0
4,0,2,0,58,742,5,0,0
3,1,2,0,42,1628,590,0,0
5,0,2,0,41,1316,127,0,0
0,2,0,1,34,27,190,0,0
1,1,1,0,31,2544,252,3,0
1,1,1,0,30,846,75,0,0
5,2,1,1,34,564,445,0,0
1,0,1,0,24,432,212,0,0
0,0,0,0,52,809,121,0,0
0,0,0,0,30,1996,1133,1,0
4,0,2,0,56,21,324,0,0
3,1,2,0,26,941,1165,0,0
6,0,1,0,37,0,12,0,0
5,0,1,0,54,3398,71,0,0
3,0,1,0,50,2087,371,0,0
5,0,1,1,30,215,95,0,0
8,0,1,0,59,1625,198,2,0
3,2,2,0,35,289,296,0,0
1,0,1,1,39,13165,147,0,0
6,1,1,0,25,93,130,0,0
0,0,0,0,31,4148,316,9,0
3,0,2,0,31,-848,559,0,0
0,0,0,0,61,87,190,0,0
1,0,1,0,35,194,134,0,0
3,1,2,0,36,851,168,0,0
4,1,1,0,54,515,205,0,0
0,1,0,0,32,8436,245,2,0
0,1,1,0,35,329,375,0,0
0,0,0,0,41,1199,286,0,0
3,0,1,0,24,0,154,0,0
3,0,2,0,59,748,184,0,0
3,0,-1,0,37,1795,511,0,0
1,1,0,1,32,1100,67,0,0
1,0,1,0,39,-735,144,2,0
3,0,2,0,33,1002,92,4,0
3,0,1,0,50,1984,212,0,0
3,0,2,1,30,2,7,0,0
3,0,2,0,30,1480,360,0,0
1,0,0,1,32,52,188,0,0
1,0,1,0,44,2857,318,0,0
5,0,1,1,34,0,136,0,0
5,1,1,0,34,557,224,0,0
2,1,0,0,35,-15,554,0,0
6,0,1,0,33,162,135,2,0
4,0,2,0,61,197,113,0,0
1,0,0,1,52,7,175,0,0
0,1,0,0,31,924,231,3,0
3,2,1,0,33,-238,73,0,0
0,1,0,0,29,1566,233,0,0
0,0,0,0,31,512,96,0,0
9,0,2,0,32,3786,93,0,0
1,0,1,0,37,24,136,2,0
3,1,2,0,52,0,131,0,0
3,0,2,0,58,0,573,0,0
3,0,2,0,34,147,80,0,0
1,0,0,0,30,2166,316,0,0
3,0,1,0,59,1407,232,0,0
5,1,1,0,30,223,862,0,0
0,1,0,0,28,-62,17,0,0
8,2,2,0,41,487,163,1,0
1,1,0,1,33,696,193,8,0
4,0,1,1,58,295,136,0,0
0,0,0,0,44,4968,76,0,0
5,0,1,1,35,-428,147,0,0
1,1,1,0,27,292,45,0,0
0,0,0,0,44,309,676,0,0
3,0,1,0,32,0,386,0,0
1,1,1,0,31,102,460,2,0
3,0,2,0,32,3314,330,0,0
4,2,1,0,45,229,181,0,0
4,0,1,0,70,6422,122,0,0
4,2,1,0,60,1091,441,0,0
5,0,-1,0,46,76,181,0,0
5,1,1,0,31,622,420,0,0
4,0,1,0,61,1058,218,3,0
1,0,0,0,30,239,73,0,0
0,0,-1,0,47,4567,921,0,0
1,0,-1,0,48,74,181,0,0
6,0,1,0,32,386,222,0,0
1,1,0,0,41,431,128,3,0
7,0,0,0,30,-1083,401,2,1
1,0,1,1,52,230,89,0,0
0,1,1,0,32,1088,317,2,0
3,0,1,0,29,933,180,0,0
6,0,1,0,46,12,225,0,0
9,0,2,0,66,1230,288,3,0
3,1,2,0,30,0,1329,0,0
3,0,1,0,49,-581,123,0,0
1,0,1,1,55,150,285,0,0
3,0,2,0,51,844,184,0,0
3,1,1,1,29,482,1097,0,0
0,0,0,0,48,1949,683,0,0
5,0,0,0,38,1209,98,0,0
5,0,1,0,40,0,29,0,0
4,0,0,0,53,7132,88,0,0
3,0,1,0,51,2964,177,0,0
5,0,1,0,37,1093,160,0,0
1,0,2,0,52,-50,129,0,0
1,0,1,0,49,12531,77,0,0
6,0,1,0,35,4170,1777,0,0
3,0,2,0,52,863,224,3,0
4,0,-1,0,63,538,373,0,0
3,1,1,0,40,1101,214,0,0
-1,1,-1,0,39,0,28,0,0
5,2,1,0,47,1939,150,1,0
5,1,1,1,36,9002,793,0,0
3,0,1,0,31,1039,44,0,0
0,1,0,0,24,66,109,0,0
6,0,0,0,29,0,113,0,0
5,0,1,0,36,498,151,1,0
5,1,-1,0,41,350,103,0,0
3,0,2,0,46,7982,263,0,0
5,1,1,1,22,1157,336,0,0
0,1,0,0,35,-208,127,0,0
6,0,1,1,49,486,43,0,0
1,1,1,1,55,1199,91,10,0
1,0,1,1,49,175,70,0,0
1,0,-1,0,52,370,101,0,0
1,1,1,0,30,3107,1516,0,0
1,0,1,1,41,305,61,0,0
7,1,0,1,36,134,36,0,0
0,1,0,0,32,3981,362,1,0
0,0,0,0,36,144,164,0,0
5,0,-1,0,58,5763,52,0,0
0,1,0,0,32,593,86,0,0
1,0,0,1,41,816,520,1,0
5,0,1,0,57,3927,61,0,0
3,0,2,0,39,3705,77,0,0
1,2,1,0,50,396,716,0,0
5,0,1,0,42,1030,148,0,0
1,0,1,0,31,1263,364,0,0
3,0,2,0,56,547,84,0,0
3,0,2,0,52,2569,258,0,0
5,1,1,1,37,3049,153,0,0
6,0,2,0,55,255,285,0,0
3,0,1,0,40,123,247,3,0
3,0,2,0,45,0,81,0,0
3,0,1,0,27,1295,1106,0,0
0,0,0,0,41,615,37,0,0
0,0,0,0,44,792,630,0,0
3,0,2,1,57,282,261,0,0
4,0,1,0,72,0,189,0,0
5,0,1,0,46,517,29,0,0
5,0,1,0,38,0,210,3,0
5,1,1,1,31,33,194,0,0
1,0,-1,0,52,2709,48,0,0
3,0,2,0,31,290,408,0,0
3,1,1,0,25,0,244,0,0
1,1,0,1,35,18,111,0,0
5,0,1,0,38,1973,155,0,0
6,1,1,1,48,133,143,0,0
0,0,0,0,37,7974,176,7,0
0,2,0,1,37,1170,106,0,0
9,0,2,0,44,398,187,0,0
5,0,1,1,46,-121,214,0,0
1,1,1,0,23,598,166,0,0
2,0,1,0,63,3904,360,4,0
3,1,0,0,28,727,144,0,0
0,1,0,0,34,5086,213,0,0
3,0,2,1,41,-516,554,0,0
9,2,1,0,51,-76,91,0,0
2,0,0,0,34,1076,136,0,0
5,1,1,1,38,623,44,0,0
-1,0,-1,0,46,613,51,0,0
1,0,1,0,39,616,170,0,0
5,2,1,0,42,63,88,0,0
1,0,1,1,56,654,62,0,0
0,0,0,0,34,38,52,0,1
0,0,0,0,36,673,689,0,0
8,0,1,0,53,1561,689,0,0
5,1,1,0,39,4039,140,0,0
1,1,1,1,33,541,118,0,0
5,1,0,1,25,11,236,0,0
3,0,1,0,45,2644,36,0,0
3,0,2,1,44,-544,181,0,0
3,0,2,0,55,7303,166,0,0
1,2,-1,0,43,4389,618,0,0
7,1,1,0,29,272,123,0,0
3,1,0,0,34,42,297,0,0
0,0,0,1,40,132,170,0,0
3,0,2,0,52,779,30,0,0
3,0,1,0,39,5201,317,0,0
1,1,1,1,42,0,51,0,1
1,1,1,0,29,938,358,0,0
4,0,2,0,54,117,165,0,0
3,0,1,0,51,1022,311,0,0
7,1,1,0,27,923,139,0,0
1,1,1,0,36,94,274,0,0
3,0,2,0,39,111,201,0,0
0,0,2,0,56,0,153,0,0
7,1,0,0,30,251,537,0,0
0,1,0,1,34,-64,693,0,0
1,2,1,1,28,477,93,0,0
6,1,2,0,30,5746,125,0,0
3,0,2,0,46,0,65,0,0
8,0,2,0,45,1292,70,0,0
3,1,1,1,33,3975,515,1,0
0,1,0,0,34,94,45,0,0
3,0,2,0,42,2103,384,0,0
5,1,1,1,33,223,15,4,0
9,0,2,0,36,4324,565,0,0
0,1,0,0,36,2745,306,0,0
0,0,0,0,36,6641,105,0,0
1,0,1,0,39,3494,344,0,0
5,0,1,0,46,739,250,0,0
10,1,1,0,27,253,242,0,0
4,2,2,0,89,1323,207,1,0
3,0,1,1,59,1376,61,0,0
9,0,2,0,42,4279,98,0,0
9,2,2,0,57,492,181,0,0
0,0,0,1,59,2020,250,0,0
1,2,1,0,48,0,76,0,0
0,1,0,0,31,6413,517,0,0
5,1,1,0,39,720,154,5,0
3,0,2,0,50,-37,78,0,0
4,2,1,1,56,275,323,0,0
6,1,1,0,24,496,297,2,0
3,0,1,0,37,700,138,0,0
3,0,2,1,51,620,88,0,0
0,0,0,1,34,436,118,0,0
3,1,2,0,52,-2,349,0,1
3,0,2,0,29,707,210,0,0
0,2,0,0,59,51,129,0,0
5,0,1,0,34,247,401,0,0
4,0,0,0,53,1691,916,0,0
1,1,1,1,48,-347,84,0,0
6,2,1,0,43,553,362,0,0
3,0,1,1,52,4269,44,0,0
3,0,2,0,43,190,168,0,0
4,0,0,1,53,1452,442,3,0
1,2,1,0,57,63,242,0,0
9,0,-1,0,60,15681,140,0,0
6,0,1,0,39,87,114,0,0
0,1,0,0,42,100,64,0,0
7,1,0,0,35,1129,64,2,0
0,0,0,0,60,6,787,0,0
6,0,1,0,35,66,110,1,0
0,0,0,0,53,18931,224,23,0
0,0,2,0,43,73,182,0,0
1,2,1,0,57,204,97,0,0
3,0,1,1,34,699,576,0,0
7,1,0,0,28,222,13,0,0
3,1,1,0,46,2612,414,0,0
1,1,0,0,32,1059,115,0,0
5,0,1,0,57,2,144,0,0
0,0,1,0,45,672,227,1,0
3,1,2,0,31,817,160,0,0
0,0,0,0,55,685,174,0,0
6,0,1,0,33,386,317,5,0
8,0,1,0,38,-673,364,0,0
7,0,2,0,52,314,131,0,0
6,0,1,0,31,29,240,0,1
3,0,2,0,53,1794,557,0,0
3,0,2,0,45,0,574,0,0
8,0,-1,0,57,288,42,0,0
3,2,1,0,34,-294,163,0,0
1,0,1,0,30,743,142,0,0
3,2,2,0,47,551,662,0,0
9,2,2,0,51,94,77,4,0
0,2,0,0,35,3254,337,0,0
6,0,1,1,30,52,295,0,0
1,1,1,0,40,153,125,0,0
0,0,0,1,31,183,46,0,0
3,2,2,0,36,102,306,0,0
3,0,1,0,53,974,197,0,0
1,0,0,0,33,602,87,0,0
8,1,1,1,27,0,392,0,0
3,0,1,0,48,1405,629,0,0
1,1,-1,1,45,7108,1212,0,0
0,0,0,0,35,3481,388,0,0
3,0,2,0,40,98,240,5,0
0,2,-1,0,57,0,235,0,0
0,0,0,0,40,995,96,0,0
2,0,1,1,44,781,194,0,0
6,1,1,1,27,266,232,0,0
0,1,0,1,37,230,374,0,0
7,0,1,0,48,1559,344,2,0
6,2,1,1,55,72,384,0,0
6,2,1,0,39,229,238,0,0
1,1,1,0,49,1245,115,2,0
1,0,1,0,32,344,68,2,0
4,0,1,1,56,2749,38,2,0
3,0,2,0,46,2118,64,0,0
6,1,1,0,31,187,241,1,0
8,1,2,0,36,1729,341,0,0
9,0,2,0,45,403,144,0,0
10,0,-1,0,20,292,385,1,0
0,1,0,0,36,3343,307,0,0
6,2,1,0,47,287,63,0,0
4,0,1,0,53,340,138,0,0
1,0,1,0,35,1057,144,0,0
0,1,0,0,31,83,144,0,0
4,0,0,0,77,7802,421,2,0
10,1,1,0,25,115,796,0,0
3,0,1,0,42,413,456,2,0
0,0,0,0,46,1388,515,0,0
1,1,1,0,34,1313,237,0,0
-1,1,2,0,36,3415,150,0,0
0,0,1,0,36,396,327,0,0
5,0,1,1,26,8,46,0,0
1,1,1,0,36,18,67,0,0
3,1,2,0,27,1209,283,0,0
6,1,-1,0,39,257,408,0,0
2,1,0,1,37,1467,349,0,0
6,0,1,0,38,-314,66,0,0
7,0,0,0,31,259,47,0,0
1,1,0,0,31,23,121,0,0
4,2,2,0,57,914,404,0,0
1,0,0,0,55,1320,387,0,0
2,1,1,0,24,69,35,0,0
10,1,1,0,26,706,118,2,0
7,2,0,1,58,3,129,0,0
3,1,1,0,39,169,38,0,0
3,1,1,0,28,43,190,0,0
0,0,0,0,48,2460,106,0,0
4,0,1,0,66,203,376,0,0
3,1,2,0,35,-123,1106,0,0
3,0,2,1,51,3754,202,0,0
1,0,1,0,27,-392,228,0,0
0,1,0,0,40,3840,232,2,0
7,1,0,0,52,1623,21,0,0
0,0,0,0,34,498,216,0,0
5,0,2,0,40,189,160,0,0
0,1,0,0,25,943,512,0,0
0,1,1,0,27,565,170,11,0
4,0,0,0,77,699,425,0,0
1,1,0,0,32,47,213,0,0
3,0,1,0,32,335,240,1,0
2,0,1,0,46,122,178,0,0
1,0,1,0,33,0,120,0,0
3,0,2,1,41,4593,190,0,0
3,2,1,0,41,-104,32,0,0
6,0,1,1,44,182,209,0,0
1,1,1,0,23,632,248,0,0
0,0,0,0,35,416,163,0,0
4,0,1,0,56,4577,133,0,0
0,0,0,0,35,2682,156,0,0
3,0,2,0,44,1485,428,0,0
6,0,1,0,31,-163,200,0,0
0,0,0,0,42,0,34,0,0
5,0,1,0,49,682,86,0,0
3,0,2,0,28,324,175,0,0
1,1,1,0,30,938,171,3,0
6,0,1,1,34,1611,197,0,0
1,1,1,0,33,199,178,0,0
8,2,1,0,43,1854,323,0,0
5,1,1,0,23,4681,507,0,0
2,1,-1,0,52,0,9,0,0
1,2,1,0,55,3450,110,0,0
5,0,1,0,27,1417,143,3,0
1,1,1,0,30,44,187,0,0
0,0,0,0,34,10031,65,0,0
5,1,1,1,26,-35,304,0,0
5,2,1,0,41,2550,894,2,0
6,1,1,0,32,671,237,3,0
0,0,1,0,42,0,458,0,0
6,1,0,0,31,620,189,0,0
6,0,1,0,46,184,836,0,0
3,2,2,0,49,514,221,0,0
1,0,1,0,44,5163,48,0,0
8,2,2,0,48,840,196,0,0
1,0,1,0,57,0,236,0,0
5,2,1,1,60,663,385,1,0
0,2,0,0,42,245,103,0,0
5,0,2,1,43,392,87,0,0
5,0,1,0,28,-97,129,0,0
1,0,1,0,42,4466,158,0,0
7,1,1,0,35,690,1012,0,0
5,2,1,0,46,2232,121,0,0
0,1,0,0,29,4210,119,0,0
5,0,1,0,36,304,249,0,0
0,0,0,0,36,495,91,5,0
3,0,1,0,52,6429,138,0,0
0,1,0,0,57,73,41,0,0
5,0,1,0,28,897,395,1,0
6,1,1,0,33,772,323,3,0
1,1,0,0,41,6029,254,0,0
3,0,0,0,39,10483,218,0,0
6,2,1,0,32,1156,81,1,0
6,1,1,0,38,-196,60,1,0
3,1,1,0,46,324,293,0,0
3,1,1,0,30,1073,1130,0,0
1,2,1,0,31,26,62,0,0
0,1,0,0,39,3281,90,0,0
10,1,1,0,27,89,68,0,0
3,0,2,0,48,559,1231,0,0
0,2,0,0,48,1328,339,0,0
0,0,0,0,56,616,225,1,0
8,0,1,1,42,-283,96,0,0
6,0,1,0,44,808,67,0,0
5,0,1,1,44,238,306,0,0
3,0,2,1,29,243,109,0,0
6,1,2,0,35,739,605,0,0
7,2,1,0,43,484,180,6,0
3,0,1,1,34,80,494,0,0
7,0,0,0,53,1907,72,0,0
3,0,1,1,52,1500,109,0,0
3,0,1,0,41,598,69,11,0
1,0,0,0,39,11766,15,1,0
3,0,2,0,48,762,81,0,0
5,1,1,0,48,2091,94,0,0
0,0,0,0,54,55,112,0,0
7,1,2,0,46,2032,424,0,0
3,0,2,1,48,783,90,0,0
0,0,0,0,35,62,469,2,0
5,0,2,0,53,234,53,0,0
3,0,1,0,46,0,264,0,0
0,0,0,0,46,1217,236,0,0
4,0,1,0,58,2836,248,0,0
8,0,1,0,53,94,493,14,0
3,0,1,1,36,2103,71,0,0
6,2,1,1,36,0,687,0,1
3,0,1,0,29,137,343,3,0
3,0,1,0,25,109,306,0,0
-1,0,0,0,60,2450,297,0,0
10,1,1,0,37,681,187,1,0
0,0,0,0,42,2665,280,11,0
3,0,1,0,35,86,127,2,0
6,0,2,1,58,374,420,0,0
0,1,0,0,30,5074,153,0,0
3,1,2,0,27,377,645,0,0
1,1,0,0,34,299,205,0,0
6,0,2,1,51,56,149,0,0
0,0,0,1,42,157,136,0,0
3,2,2,0,30,2597,49,3,0
4,2,1,0,71,3104,271,1,0
5,0,1,0,55,332,217,0,0
0,1,0,0,29,437,504,1,0
0,0,0,0,32,62,166,0,0
1,0,1,0,39,-72,207,0,0
3,0,1,0,39,161,98,0,0
0,2,0,0,39,1968,648,0,0
0,1,0,0,34,1228,263,0,0
3,0,1,0,40,4795,57,0,0
3,1,2,0,37,851,151,1,0
4,0,1,0,72,676,188,0,0
3,0,1,0,49,2039,451,2,0
0,0,0,0,54,6525,133,3,0
3,0,1,0,57,2887,819,0,0
0,0,0,0,45,7620,85,0,0
1,2,1,0,46,256,105,0,0
0,1,0,0,27,170,76,0,0
4,2,0,0,77,4659,161,0,0
7,1,0,0,27,168,271,2,0
5,2,1,0,39,676,281,0,0
1,0,1,0,63,896,276,0,0
4,0,2,0,59,1064,88,0,0
5,0,1,0,43,71,180,0,0
1,0,0,0,44,1146,178,0,0
6,0,1,0,52,2257,102,1,0
5,1,1,0,35,321,143,3,0
0,0,0,0,37,3236,291,5,0
0,0,0,0,50,1822,6,0,0
1,1,1,0,29,590,124,0,0
3,1,1,0,30,16,127,0,0
0,1,0,0,31,617,1161,2,0
4,0,1,0,59,1341,154,1,0
2,2,1,0,56,179,47,0,0
0,2,1,0,39,132,170,0,0
5,1,0,0,29,261,136,0,0
6,0,0,0,46,523,172,0,0
0,1,0,0,44,3355,312,0,0
0,2,0,0,40,-78,67,0,0
1,1,0,0,34,482,69,0,0
1,1,1,0,37,255,447,0,0
0,0,2,1,41,469,344,0,0
3,0,1,0,41,1245,123,1,0
5,0,1,0,32,7522,240,0,0
3,1,1,1,29,-138,271,0,0
1,0,1,0,44,106,164,0,0
1,2,1,0,48,94,87,0,0
7,0,1,0,59,170,62,0,0
2,0,0,0,32,721,128,0,0
8,1,1,0,29,12,298,0,0
2,0,1,0,58,2,684,0,0
6,1,0,0,24,1385,1277,0,0
8,1,2,0,27,1459,153,0,0
3,2,1,0,34,176,67,5,0
4,0,2,0,59,0,493,0,0
6,2,0,0,54,413,39,0,0
0,0,0,0,48,1348,124,0,0
0,2,0,0,53,50,669,3,0
6,0,1,0,31,-214,198,0,0
1,0,1,0,44,378,203,0,0
6,1,1,0,31,-475,232,0,0
0,0,0,1,38,881,79,0,0
0,0,0,0,58,1517,7,0,0
3,0,2,0,38,1131,102,0,0
10,1,1,0,23,922,81,3,0
8,0,1,0,59,1047,438,3,0
10,1,0,0,29,559,143,0,0
4,2,2,0,59,217,574,0,0
3,1,1,0,38,48,43,0,0
0,1,0,0,36,3139,182,0,0
0,0,0,0,34,7384,69,0,0
3,0,1,0,30,2080,466,0,0
9,0,2,0,35,0,65,0,0
1,1,0,0,35,973,109,0,0
6,0,1,0,43,0,483,0,0
9,0,0,0,34,401,448,0,0
0,0,2,0,50,791,17,0,0
9,0,2,0,43,522,86,0,0
0,1,0,0,48,505,320,0,0
1,0,1,0,49,2718,114,0,0
3,0,1,0,41,10,179,0,0
1,2,1,0,36,253,54,0,0
2,0,-1,0,47,-1445,379,0,1
4,2,2,0,56,694,144,1,0
1,0,1,0,59,519,90,0,0
3,0,1,1,39,474,219,0,0
3,0,-1,0,56,260,250,0,0
7,0,0,1,28,112,145,0,0
8,1,0,0,32,507,362,0,0
5,1,1,1,27,-34,171,0,0
6,2,1,0,44,0,389,0,0
0,2,0,0,50,0,128,0,0
0,0,1,0,57,0,725,0,0
3,1,1,0,39,0,722,0,0
8,1,1,0,32,71,233,0,0
4,0,1,0,70,1853,314,0,0
6,2,0,1,44,2279,105,1,0
1,0,0,1,45,-302,80,0,0
10,1,1,0,25,2354,226,0,0
1,1,1,0,46,4367,65,1,0
4,1,2,0,83,3349,89,0,0
1,1,1,1,23,-782,197,0,0
5,0,1,0,43,0,804,0,0
4,0,1,0,57,5313,283,1,0
6,1,1,0,33,1659,133,6,0
0,0,0,0,51,257,129,0,0
0,0,0,0,33,0,301,1,0
0,2,0,0,32,5306,201,0,0
1,1,0,0,32,720,234,0,0
1,0,1,0,46,0,96,0,0
0,0,0,0,36,530,221,0,0
5,2,1,1,47,136,70,0,0
0,0,0,0,47,2261,87,0,0
7,2,0,0,44,2938,107,0,0
10,1,1,0,28,5916,93,0,0
0,1,1,0,36,1785,136,0,0
0,1,0,0,32,151,118,0,0
3,0,1,0,34,320,413,3,0
5,0,1,0,60,1880,196,0,0
5,0,2,0,43,15,304,0,0
4,0,1,0,57,573,53,0,0
2,0,1,0,49,348,139,0,0
0,1,0,0,34,275,196,23,0
1,0,1,0,24,691,93,0,0
1,0,1,0,33,58,57,0,0
9,1,1,0,28,781,52,0,0
5,0,1,0,52,31,120,0,0
6,0,2,1,35,14,151,0,0
1,0,1,0,50,20,57,1,0
3,0,1,0,37,151,202,0,0
8,1,1,0,36,851,368,0,0
4,0,2,0,80,1468,330,0,0
3,0,1,0,35,243,41,0,0
1,0,0,0,34,7050,130,0,0
0,1,0,0,31,35,27,0,0
1,0,1,0,46,520,61,0,0
0,0,0,0,50,6739,68,0,0
2,1,0,1,35,793,163,0,1
5,0,1,0,30,1794,1035,0,0
6,2,2,0,57,818,208,0,0
0,0,0,0,36,2283,213,0,0
0,0,0,0,62,1456,522,0,0
4,0,2,0,57,37,259,0,0
5,1,1,1,41,-109,1038,1,0
0,0,0,0,52,0,306,0,0
0,0,0,0,36,605,204,0,0
9,0,0,1,58,94,207,0,0
3,0,1,0,38,648,179,0,0
1,1,0,0,26,1066,112,1,0
10,1,-1,0,31,2882,158,0,0
5,0,1,0,33,1293,245,2,0
6,0,1,1,39,453,184,0,0
3,0,1,0,48,10724,238,0,0
1,1,0,0,30,1,88,0,0
1,1,1,1,34,103,147,0,1
3,0,2,0,28,-124,116,0,1
1,1,0,1,53,-167,289,0,0
10,0,1,0,38,134,91,0,0
1,0,1,0,57,29,122,0,0
1,0,1,0,54,10185,559,2,0
0,0,0,0,35,1906,102,5,0
6,0,1,0,51,5885,172,0,0
1,0,1,0,31,297,551,0,0
1,0,0,0,34,149,739,0,0
1,0,1,0,38,10,86,5,0
4,0,0,0,59,41242,161,0,0
3,1,1,0,28,121,542,0,0
9,0,1,0,46,1000,96,0,0
6,0,1,1,27,221,554,0,0
0,0,0,0,29,451,54,1,0
6,0,1,0,37,144,724,0,0
1,0,1,0,40,2228,150,0,0
0,1,0,0,61,2,122,0,0
3,1,1,0,29,783,166,0,0
1,1,1,0,34,-89,209,0,0
0,0,1,0,33,4040,132,0,0
1,1,0,1,32,569,348,0,0
4,0,1,1,56,-1122,220,0,1
0,2,1,0,59,1175,228,0,0
3,0,2,0,48,147,158,0,0
1,0,1,0,50,0,295,0,0
5,1,1,0,36,16,119,0,0
5,0,1,0,59,0,982,0,0
9,0,2,0,52,3798,1208,0,0
0,1,0,1,39,26,52,4,0
3,0,2,0,51,-1,110,0,0
0,2,0,0,51,-227,404,0,0
0,2,0,0,51,-202,504,0,0
0,2,1,0,55,204,1973,0,0
7,0,0,0,37,129,128,0,0
3,0,2,1,46,327,145,0,0
2,0,1,1,43,469,89,0,0
0,1,0,0,30,756,321,0,0
1,0,1,0,42,679,146,0,0
3,0,1,0,29,9,349,0,0
0,0,0,0,32,663,106,0,0
0,1,0,0,29,2344,265,0,0
0,0,0,0,42,2440,199,0,0
0,1,1,1,30,308,175,0,0
8,1,0,0,32,1611,175,2,0
3,2,1,1,38,2048,123,0,0
3,1,1,0,32,123,329,0,0
0,1,0,0,31,0,11,0,0
6,1,1,0,28,0,188,2,0
8,0,0,0,41,28,358,0,0
3,0,1,0,29,-475,538,0,0
0,1,0,0,23,2143,180,0,0
0,0,0,1,33,4020,251,0,0
0,0,0,0,58,1907,258,7,0
0,2,0,0,36,5195,55,0,0
0,0,0,0,50,724,144,0,0
3,0,2,0,32,827,230,0,0
6,0,1,0,41,1141,228,0,0
3,1,1,0,28,-871,36,0,1
3,1,1,0,36,641,735,0,0
5,2,0,0,46,3749,69,0,0
1,1,0,0,42,166,226,0,0
3,0,2,0,45,186,554,0,0
0,0,0,0,59,0,87,0,0
0,0,-1,0,44,2982,55,0,0
4,0,2,0,77,2223,365,1,0
4,2,2,0,75,3881,136,0,0
3,0,1,0,58,343,265,0,0
3,1,1,0,35,113,143,0,0
5,0,1,1,37,2061,867,4,0
0,1,0,0,31,1619,327,0,0
1,0,-1,0,62,4727,80,4,0
7,0,1,0,41,28,49,0,0
3,0,2,0,51,-283,38,0,1
6,0,1,0,32,241,266,0,0
9,0,2,0,55,16,64,0,0
0,1,0,0,27,10,17,0,0
0,2,0,1,54,22,259,0,0
0,0,2,0,34,2200,168,0,0
4,0,1,0,60,0,143,0,0
0,0,0,0,49,470,79,0,0
1,0,0,0,55,647,150,0,0
1,1,1,0,32,3586,71,0,0
2,0,0,0,47,-497,176,0,0
0,0,0,0,47,4495,156,0,0
3,1,1,0,28,-193,580,0,0
3,2,-1,0,59,124,26,0,0
10,1,2,0,19,1247,94,0,0
1,0,1,0,34,966,16,7,0
10,1,0,0,21,2764,78,2,0
1,1,1,0,56,751,85,0,0
3,0,1,0,35,913,738,0,0
8,2,1,0,55,309,467,1,0
7,0,0,0,40,1498,62,0,0
1,2,1,0,54,0,161,0,0
1,1,0,0,33,34,13,0,0
2,0,0,0,36,1722,349,0,0
3,0,1,1,39,1386,193,0,0
9,0,1,0,36,0,76,0,0
4,2,1,0,53,-24,303,0,0
3,2,1,0,44,338,133,1,0
6,1,-1,0,38,1610,76,0,0
7,2,1,0,33,1904,1584,0,0
5,0,1,0,30,1081,222,0,0
3,0,1,0,44,1786,452,0,0
1,2,1,0,37,23,289,0,0
0,1,0,0,37,24,280,0,0
0,0,0,1,52,1065,159,0,0
1,1,0,0,27,1976,394,1,0
3,0,1,0,46,2485,174,0,0
1,1,-1,0,42,344,26,0,0
0,2,0,0,56,3885,51,0,0
10,1,1,0,25,3713,323,3,0
3,0,2,0,50,377,221,0,0
5,1,1,0,23,366,22,0,0
3,0,-1,0,48,279,211,0,0
10,1,1,0,23,1029,68,0,0
1,1,1,0,38,864,364,1,0
0,0,0,0,53,1319,427,1,0
0,1,0,1,30,9,582,0,0
1,0,1,0,42,162,139,0,0
0,1,0,0,48,5689,262,0,0
6,0,1,0,31,37,546,0,0
5,2,1,0,49,1709,106,0,0
5,1,1,0,34,63,678,0,0
0,0,0,0,52,751,165,5,0
0,0,1,0,42,-32,77,0,0
1,0,-1,0,45,473,147,0,0
1,0,1,1,55,1004,224,0,0
0,0,1,0,49,3286,73,0,0
6,1,1,0,26,76,177,0,0
6,0,1,1,41,115,299,0,0
0,0,2,1,56,199,331,1,0
0,0,0,1,36,61,452,0,0
1,0,1,0,41,248,156,0,0
0,0,1,0,46,0,155,0,0
8,1,2,0,53,183,835,0,0
5,0,1,0,27,436,410,0,0
1,2,1,0,32,2870,91,0,0
1,0,1,0,52,930,94,0,0
6,0,1,0,30,586,187,0,0
10,1,2,0,25,373,819,0,0
0,2,0,0,51,119,200,2,0
4,0,2,0,60,415,49,0,0
1,0,0,0,35,432,104,0,0
1,1,1,0,41,-320,128,0,0
5,0,1,1,44,429,35,32,0
1,2,1,1,45,-357,618,2,0
9,0,2,1,56,58,227,0,0
0,2,0,1,39,2193,550,0,0
1,0,1,0,40,3056,103,0,0
2,0,1,1,51,0,432,1,0
0,0,0,0,52,7900,90,0,0
8,1,1,0,26,387,506,0,0
8,1,1,0,24,572,442,0,0
2,0,1,0,33,5809,219,0,0
3,0,1,0,43,15740,252,0,0
1,0,1,0,39,4861,119,2,0
0,0,0,0,46,625,127,0,0
3,0,1,0,55,67,267,0,1
6,0,1,0,31,442,69,2,0
0,0,2,0,59,2345,399,0,0
1,1,1,0,28,335,122,0,0
6,1,1,0,26,1445,171,0,0
7,1,0,0,33,544,155,0,0
3,1,1,0,26,65,161,0,0
4,0,2,0,60,1216,156,0,0
3,0,1,0,30,365,381,0,0
6,0,2,0,45,323,197,0,0
0,1,0,0,34,621,97,0,0
3,1,2,0,30,383,135,0,0
1,0,1,0,53,100,205,0,0
0,1,0,0,30,30,220,0,0
0,2,1,0,50,2,208,0,0
0,1,0,0,41,203,90,0,0
1,1,0,0,33,3689,445,0,0
0,0,0,0,32,1651,189,0,0
1,1,1,0,34,1174,136,0,0
4,0,1,0,71,1651,791,0,0
5,0,1,0,29,97,136,0,0
3,1,-1,1,33,129,482,1,0
3,0,2,0,46,1596,417,0,0
6,1,1,0,27,246,453,0,0
3,0,1,0,45,82,250,0,0
3,2,2,0,50,15,173,7,0
-1,1,1,0,33,9,238,0,0
10,1,1,0,31,334,195,2,0
0,1,1,0,31,0,87,0,0
1,1,1,1,39,3,102,0,0
1,0,1,0,55,741,973,0,0
5,2,1,1,50,81,64,0,0
1,1,1,0,41,-3,413,0,0
4,2,2,0,70,275,82,0,0
7,1,1,0,46,526,326,3,0
0,1,0,1,38,171,60,3,0
5,0,1,0,45,356,42,0,0
3,0,1,0,35,592,74,0,0
5,0,1,0,46,-358,358,0,0
0,0,0,0,33,32,27,0,0
1,0,0,0,35,202,175,0,0
1,0,0,0,36,4388,52,0,0
8,2,1,0,53,1242,280,0,0
3,1,2,0,34,359,154,0,0
8,1,0,0,31,3252,145,0,0
1,0,1,0,50,797,354,0,0
1,1,2,0,53,481,399,0,0
8,1,0,1,39,97,379,0,0
3,0,1,0,45,751,176,0,0
3,0,1,1,39,276,441,0,0
1,0,1,0,37,1784,372,0,0
0,0,0,0,52,3163,56,0,0
6,0,1,1,37,343,104,7,0
5,0,1,0,36,234,219,0,0
7,1,0,0,24,2376,122,0,0
5,1,0,0,33,2,132,0,0
0,0,0,0,48,3766,206,0,0
10,1,-1,0,27,1444,130,2,0
3,0,2,0,31,1644,247,0,0
2,1,1,0,36,67,67,0,0
1,0,1,1,43,1667,1213,0,0
4,2,2,0,69,482,260,0,0
5,0,1,0,52,693,271,0,0
1,0,-1,0,55,84,166,0,0
0,0,0,0,44,1242,384,0,0
1,0,1,0,57,589,223,4,0
1,0,1,0,42,9324,67,0,0
5,0,-1,0,40,9110,234,3,0
6,0,1,0,58,12180,121,0,0
3,0,1,0,34,745,400,4,0
0,2,1,1,32,-352,275,0,0
2,0,1,1,34,223,103,0,0
0,1,0,0,27,791,620,0,0
1,1,1,0,38,0,124,0,0
5,0,-1,0,48,3756,65,0,0
3,0,2,0,33,1165,420,0,0
3,0,2,0,33,2615,143,0,0
0,0,1,1,34,29,94,0,0
1,0,0,0,34,3743,722,0,0
10,1,1,0,26,352,202,0,0
0,0,0,0,40,2014,209,0,0
6,1,1,0,27,339,182,0,0
3,0,2,0,57,2892,235,0,0
6,2,2,0,39,471,161,0,0
4,2,1,1,53,451,277,0,0
0,1,0,1,32,3886,151,0,0
0,0,0,0,56,412,179,0,0
3,1,2,1,26,1538,97,0,0
2,0,2,0,51,1443,172,0,0
6,1,1,0,38,9609,1687,0,0
8,1,1,0,38,1354,364,4,0
0,1,0,0,38,1495,339,0,0
3,0,2,0,29,6,39,2,0
0,0,1,0,39,18,102,1,0
0,0,0,1,35,1100,127,0,0
3,1,2,0,43,30,379,0,0
6,2,1,0,34,44,118,0,0
1,2,1,0,36,556,154,1,0
3,0,2,1,46,4170,118,3,0
0,1,0,0,38,900,156,0,0
6,2,1,0,30,0,89,0,0
0,0,0,0,31,2229,90,0,0
-1,1,-1,0,30,6929,341,0,0
8,2,1,0,54,6745,39,0,0
5,2,-1,0,48,-70,243,0,0
3,0,2,0,43,2519,257,9,0
5,1,1,0,31,78,360,1,0
3,0,2,0,29,79,22,0,0
0,0,0,0,48,60,376,7,0
1,0,2,0,48,788,36,0,0
3,0,1,0,59,437,73,0,0
1,0,1,0,58,5618,361,1,0
-1,0,1,0,45,11285,13,0,0
1,0,1,0,41,1278,532,0,0
7,0,1,0,40,2,158,0,1
3,1,0,0,42,1736,179,0,0
1,1,1,0,37,3,90,0,0
9,1,0,0,52,0,431,0,0
9,0,0,1,39,4,185,0,0
0,0,2,1,42,-679,159,2,0
0,1,0,0,34,2343,39,0,0
0,1,0,0,35,362,256,0,0
1,2,1,0,33,370,145,0,0
10,1,1,0,30,3096,123,0,0
7,2,1,0,39,0,210,0,0
3,1,2,0,32,3595,171,0,0
0,0,0,1,33,544,111,0,0
5,0,1,0,48,112,139,0,0
1,1,0,0,38,2496,193,0,0
3,2,1,0,42,1450,394,0,0
3,0,2,0,60,3820,186,0,0
2,2,1,1,51,1,300,0,0
0,2,0,0,42,0,450,1,0
3,1,2,1,28,348,305,0,0
5,0,1,0,37,749,219,0,0
10,1,-1,0,24,358,245,1,0
4,0,2,0,59,1245,205,0,0
8,0,0,1,33,302,670,0,0
3,0,1,1,32,257,74,1,0
5,2,1,0,38,258,191,0,0
3,0,1,1,36,1132,258,0,0
1,1,0,1,35,144,202,20,0
3,1,2,1,28,0,380,0,0
4,2,2,0,61,3624,342,0,0
5,0,2,0,59,6187,114,0,0
3,0,-1,0,46,990,420,0,0
0,0,0,0,29,205,787,0,0
2,0,0,1,41,143,141,0,0
7,0,0,0,33,263,79,3,0
5,2,2,0,59,191,252,0,0
3,0,2,0,55,431,68,0,0
3,0,1,0,52,1797,92,1,0
9,0,2,0,54,774,290,0,0
6,2,1,0,31,39,13,0,0
1,1,0,0,26,1118,209,0,0
0,0,0,0,36,495,157,2,0
10,1,1,0,28,69,532,0,0
0,0,0,0,32,5878,159,0,0
1,0,1,0,47,636,416,0,0
0,0,0,0,26,775,35,0,0
6,1,1,0,27,44,11,0,0
0,1,0,0,31,241,241,0,0
6,1,1,0,51,516,370,1,0
9,0,2,0,36,78,2692,0,0
6,1,1,1,26,-90,240,0,0
2,0,1,0,57,2464,113,0,0
6,1,1,0,36,174,223,0,0
0,1,0,0,32,312,208,2,0
5,0,1,0,45,434,76,0,0
9,2,2,0,82,1381,844,4,0
7,2,0,0,46,8717,343,0,0
0,1,0,0,40,-50,306,1,0
1,2,1,1,55,61,113,0,0
4,2,1,1,53,-172,66,0,0
3,0,-1,0,57,3196,161,0,0
5,1,0,0,29,14,106,2,0
2,0,1,1,43,641,251,0,0
3,1,1,1,26,177,235,0,0
1,0,0,0,42,3530,33,0,0
7,0,0,0,38,3139,177,0,0
0,1,0,0,35,252,89,0,0
3,1,2,0,44,0,184,0,0
1,0,1,1,59,2528,216,0,0
0,1,0,0,33,168,155,0,0
3,0,2,0,46,881,126,0,0
5,0,1,1,49,167,51,0,0
5,1,1,0,33,61,286,0,0
7,0,0,0,29,3931,73,0,0
0,0,1,0,49,48,526,0,0
1,1,0,0,37,3943,1138,1,0
3,0,1,0,35,225,160,2,0
0,0,1,0,44,13054,471,12,0
5,1,0,0,29,507,20,0,0
0,0,0,0,51,812,248,0,0
1,1,1,0,49,0,484,0,0
3,0,2,1,46,1726,195,0,0
3,1,1,0,46,57,194,0,0
3,0,2,0,41,89,58,2,0
1,1,1,0,38,1711,234,0,0
3,0,1,0,56,339,114,0,0
3,0,1,0,43,667,228,0,0
1,0,-1,0,49,1355,300,0,0
4,0,2,0,52,752,339,2,0
0,2,0,1,44,0,128,0,0
10,1,1,0,25,1790,242,0,0
2,0,1,0,34,393,174,3,0
6,0,1,0,37,321,222,2,0
2,1,-1,1,39,879,99,0,0
3,1,2,0,32,1450,72,1,0
10,1,2,0,24,474,249,1,0
7,0,2,0,41,-8,643,0,0
5,2,1,0,29,589,262,1,0
3,0,1,0,31,64,302,0,0
2,0,1,0,36,227,294,0,0
1,0,1,1,30,2278,47,0,0
3,1,2,0,39,581,620,2,0
4,2,2,0,76,3049,170,0,0
6,1,0,0,34,3119,306,0,0
3,0,2,0,27,2591,129,0,0
3,0,1,0,35,1993,462,0,0
3,1,1,0,26,-350,80,3,0
3,2,2,0,45,1805,758,0,0
0,0,0,1,50,67,156,0,0
3,1,2,0,23,2594,193,0,0
3,0,2,0,39,0,112,0,0
2,0,2,0,59,124,531,7,0
1,0,1,0,36,2394,184,0,0
7,0,0,0,52,605,191,0,0
3,0,1,0,39,-220,282,2,0
3,0,2,0,37,704,165,0,0
1,0,0,0,31,3338,264,0,0
6,0,1,0,32,3268,147,0,0
1,0,0,1,56,655,326,0,0
3,0,2,0,44,67,220,0,0
0,0,0,0,59,3342,467,6,0
3,0,2,0,36,44,11,0,0
6,0,1,1,35,70,197,4,0
2,1,0,1,38,-274,103,2,0
3,1,2,0,48,185,193,0,0
1,2,1,0,40,-375,60,0,0
2,0,0,0,57,729,475,0,0
9,0,2,0,48,379,402,0,0
3,0,1,0,39,1307,158,0,0
6,0,-1,0,44,67,202,0,0
3,0,2,1,31,2085,488,0,0
4,0,1,0,39,439,56,0,0
1,0,0,0,33,48,34,0,0
5,0,1,0,28,172,282,2,0
0,1,0,0,49,370,386,0,0
4,0,1,0,62,569,288,8,0
7,1,1,0,45,2762,18,0,0
3,1,1,0,30,363,171,0,0
6,2,1,0,37,135,460,0,0
5,0,1,0,36,75,52,0,0
5,0,1,0,34,2984,11,0,0
3,0,2,0,47,9346,19,0,0
2,2,1,0,37,1190,268,0,0
1,2,1,0,31,0,194,0,0
0,0,0,1,45,726,199,0,0
9,0,1,0,54,378,371,0,0
0,0,-1,0,39,76,200,1,0
1,1,1,0,39,-529,18,0,0
0,1,0,0,28,185,651,0,0
2,2,1,1,59,0,206,0,0
0,0,0,1,33,0,83,0,0
5,1,1,0,30,910,298,0,0
3,0,1,1,30,68,393,0,0
1,2,2,1,49,1807,122,0,0
3,0,2,1,55,2384,331,0,0
6,0,1,1,38,304,131,0,0
5,0,1,0,26,0,755,0,0
1,2,1,0,54,83,190,0,0
3,1,0,0,37,1222,212,0,0
0,0,0,0,49,17432,102,0,0
6,0,1,0,27,0,198,0,0
3,2,1,1,49,10613,1226,0,0
5,1,1,0,40,100,221,1,0
3,1,2,1,34,-2,199,0,1
1,0,1,0,28,880,188,0,0
3,0,1,0,33,0,521,0,0
5,1,0,1,30,2351,91,0,0
3,0,1,0,50,16,290,11,0
6,0,1,0,34,404,208,1,0
3,0,2,0,41,5560,280,3,0
3,0,1,0,37,771,262,4,0
6,1,0,1,30,-477,1532,0,0
0,2,0,1,47,0,18,0,0
1,1,1,0,23,158,139,0,0
3,0,1,1,45,146,294,15,0
3,0,1,0,50,562,280,0,0
0,1,0,0,45,0,197,0,0
3,0,1,1,40,992,297,0,0
9,0,-1,0,60,491,503,0,0
5,2,0,0,31,-2,300,0,0
1,0,1,0,32,286,60,4,0
3,0,1,0,32,7365,124,0,0
0,0,0,0,30,3134,124,0,0
3,0,1,1,52,1405,753,0,0
3,0,2,0,43,126,170,0,0
1,0,1,0,39,3528,226,0,0
1,1,1,0,35,399,496,3,0
3,0,1,0,36,536,274,0,0
0,1,0,0,35,68,1085,0,0
1,1,1,0,38,260,53,0,0
0,0,0,0,62,0,113,3,0
8,0,1,0,51,234,735,0,0
4,2,2,0,81,519,488,0,0
6,0,1,0,40,0,184,2,0
2,1,2,0,25,-65,129,0,0
1,0,1,1,36,146,284,0,0
4,0,1,0,59,1896,134,0,0
6,0,1,1,47,600,8,0,0
4,0,0,0,58,2199,65,0,0
6,1,1,0,37,-244,178,0,0
8,0,-1,0,42,190,704,0,0
0,0,0,0,41,783,126,0,0
1,1,1,0,36,35,493,0,0
8,0,0,0,32,0,106,0,0
2,0,2,0,34,1188,1503,0,0
0,1,0,0,29,428,293,0,0
0,1,0,0,40,1509,333,3,0
3,0,2,0,27,1002,583,0,0
3,0,1,0,35,682,141,0,0
-1,0,1,0,46,1482,139,0,0
0,0,2,0,44,558,268,0,0
1,1,1,0,42,-853,189,0,0
1,0,1,0,57,7554,141,0,0
7,0,0,0,49,503,310,1,0
2,0,1,0,43,104,635,0,0
3,0,1,0,37,395,219,0,0
5,0,1,0,53,849,3102,0,0
2,0,0,0,41,221,57,0,0
1,1,1,0,41,1680,76,0,0
3,1,1,0,23,39,76,0,0
0,0,0,0,39,225,554,0,0
7,0,1,0,57,11494,198,0,0
6,1,1,1,39,300,180,0,0
3,0,1,1,43,2706,44,0,0
8,0,1,0,46,3533,235,0,0
3,0,2,0,39,105,294,0,0
9,0,2,0,25,669,367,0,0
1,0,1,1,41,0,107,0,0
3,0,1,1,48,426,186,0,0
4,0,2,0,86,0,141,0,0
0,0,1,0,43,452,107,0,0
3,0,2,0,56,0,152,0,0
1,0,0,0,36,52,101,0,0
7,0,2,0,43,0,81,0,0
8,0,0,0,26,0,319,0,0
0,2,0,0,45,0,5,0,0
10,1,1,0,26,2784,264,0,0
5,0,1,0,36,0,93,0,0
4,2,1,0,90,1,152,0,0
6,0,1,0,33,3444,487,0,0
1,0,1,0,52,0,144,1,0
5,0,0,1,34,69,296,2,0
0,0,2,0,42,-417,81,3,0
5,0,1,0,47,5401,824,0,0
1,2,1,0,43,0,333,0,0
2,0,0,0,32,28,287,0,0
3,0,2,0,40,-56,316,0,1
3,0,2,0,32,1518,35,0,0
6,2,1,0,49,1162,159,0,0
3,0,2,0,39,2226,158,0,0
1,1,1,0,34,5731,101,0,0
4,0,1,0,59,163,464,0,0
0,0,0,0,39,3590,198,0,0
6,1,1,0,53,1162,322,0,0
1,1,1,0,31,3500,347,0,0
0,0,0,0,40,9366,69,0,0
7,0,0,0,66,147,411,0,0
3,1,1,0,30,411,115,0,0
3,1,1,0,32,235,482,0,0
1,0,1,0,46,198,153,6,0
3,0,2,1,36,871,2,0,0
1,1,1,0,31,4,172,0,0
1,0,1,0,35,463,309,0,0
6,0,1,0,28,0,334,6,0
6,0,1,0,44,972,294,0,0
7,2,0,0,49,3293,111,6,0
1,0,1,0,32,221,224,0,0
3,0,1,0,54,1223,369,0,0
3,0,1,0,36,0,54,0,0
3,1,-1,0,35,484,344,3,0
6,1,1,0,30,122,501,0,0
6,1,-1,0,32,2378,1132,0,0
4,0,1,0,58,1227,277,0,0
1,0,0,0,32,0,520,0,0
3,0,2,0,41,254,25,3,0
6,1,1,0,34,1758,14,0,0
4,0,1,0,64,1220,138,0,0
3,0,1,0,45,1723,166,0,0
3,1,1,0,31,509,183,0,0
0,0,0,0,40,351,338,3,0
5,0,2,1,52,2390,216,0,0
1,0,0,0,32,1352,221,0,0
0,0,0,0,38,5506,74,0,0
7,1,1,1,29,3672,1210,0,0
1,0,1,0,25,691,333,2,0
4,0,1,0,50,1227,380,0,0
1,0,0,0,27,10451,45,0,0
1,1,0,0,27,4003,584,0,0
3,0,2,0,53,1388,139,0,0
10,1,1,0,21,491,161,0,0
3,0,1,0,33,152,351,0,0
1,1,1,0,35,449,245,0,0
0,0,1,0,73,683,181,0,0
2,2,0,0,41,252,57,0,0
0,0,0,0,42,298,137,10,0
6,1,1,0,27,430,116,0,0
1,0,0,0,49,2950,91,0,0
3,0,1,1,40,0,53,0,0
6,0,1,0,41,138,136,0,0
4,0,2,0,80,1548,331,0,0
8,2,1,1,55,283,220,0,0
2,2,1,0,38,36,84,0,0
1,0,1,0,41,483,319,0,0
3,0,2,0,36,-1168,216,0,1
1,0,1,0,51,176,217,0,0
4,2,1,0,59,5845,1060,0,0
2,0,0,1,34,475,1156,0,0
0,0,0,0,35,193,565,1,0
0,2,0,0,53,195,217,0,0
5,2,1,0,30,4,61,0,0
7,1,-1,0,24,1179,78,1,0
8,0,0,0,36,154,556,0,0
0,0,0,0,57,297,633,0,0
2,0,1,0,50,665,238,0,0
0,1,0,0,31,1308,323,0,0
1,0,1,0,40,-357,700,0,0
3,0,2,0,38,451,128,0,0
3,0,2,0,33,139,548,0,0
1,0,0,0,36,4139,175,0,0
3,0,2,1,47,1452,181,2,0
0,2,0,0,34,36,77,0,0
1,0,0,0,47,831,316,0,0
3,0,2,0,39,85,329,0,0
0,0,0,0,42,8794,166,0,0
5,0,1,0,27,941,124,0,0
1,0,1,0,32,-684,11,3,0
3,0,2,1,41,33,125,0,0
6,0,1,0,55,841,140,4,0
0,0,0,1,41,141,146,0,0
1,1,0,0,37,3943,37,0,0
5,0,-1,0,57,17,54,0,0
0,2,0,0,42,20,64,0,0
4,0,2,0,64,2140,881,2,0
9,0,2,1,45,0,161,0,1
3,1,1,0,27,3145,374,2,0
1,2,1,0,43,353,153,0,0
3,0,2,0,32,415,777,0,0
4,0,1,0,57,12917,91,0,0
1,1,1,0,27,3,68,0,0
3,0,1,1,44,249,173,0,0
3,0,2,0,39,-388,691,0,0
4,2,2,0,54,22,23,0,0
1,0,1,0,44,5102,205,0,0
5,1,1,0,37,18,574,0,0
1,0,0,0,52,646,220,0,0
9,0,-1,0,51,2337,46,7,0
6,2,1,0,41,1400,191,0,0
0,0,0,0,38,1463,425,0,0
0,1,0,0,50,267,338,0,0
0,0,0,0,33,0,535,1,0
0,0,0,0,39,21111,695,0,0
10,1,1,0,27,2614,143,0,0
0,2,0,1,54,380,501,2,0
3,0,1,0,47,310,145,0,0
3,0,1,0,49,0,67,0,0
1,1,1,0,24,-192,125,0,0
3,0,2,1,47,214,168,0,0
0,0,0,0,49,734,42,3,0
3,0,1,1,49,165,682,0,0
9,2,1,0,52,334,422,0,0
1,2,1,0,44,106,17,1,0
8,0,1,0,57,468,329,0,0
1,1,1,0,36,144,87,2,0
1,0,0,0,33,980,172,0,0
3,0,0,1,37,359,3422,0,0
3,0,2,0,38,563,287,0,0
8,1,0,0,35,4959,91,0,0
6,0,1,0,50,320,294,4,0
3,0,1,0,40,475,332,0,0
1,0,1,0,35,1255,445,0,0
5,2,1,0,39,7,550,0,0
1,0,1,0,32,396,41,0,0
0,0,0,1,37,59,319,1,0
5,0,1,0,30,1310,3284,0,0
0,1,0,0,32,0,57,0,0
2,0,-1,0,38,1134,249,3,0
1,0,1,0,37,952,536,0,0
1,0,0,0,31,162,141,0,0
6,0,1,0,34,1337,330,3,0
0,0,0,0,58,68,172,0,0
3,0,2,0,54,-219,276,0,0
7,0,1,1,46,0,166,0,0
0,0,2,1,57,2911,276,0,0
5,1,1,0,29,1277,165,1,0
3,1,1,1,37,5742,588,0,0
1,0,1,0,57,28,163,1,0
1,0,1,1,30,-146,167,0,0
3,1,1,0,28,61,428,0,0
7,0,0,0,33,277,57,0,0
2,2,0,0,42,626,201,0,0
6,2,1,0,37,532,199,0,0
6,2,1,0,35,6,111,0,0
5,0,1,0,58,3635,273,0,0
1,0,0,1,33,525,139,0,0
1,1,1,0,33,0,91,4,0
0,0,0,0,35,495,266,1,0
1,2,1,0,40,6,26,0,0
5,1,0,0,47,1192,217,0,0
5,1,1,1,28,1143,260,0,0
0,0,0,1,35,0,86,0,0
3,0,2,0,55,119,118,0,0
6,0,1,0,31,395,196,3,0
6,1,1,0,28,525,81,0,0
8,0,1,0,27,1167,394,0,0
0,2,0,0,51,6,193,0,0
8,1,1,0,35,-126,168,0,1
0,0,0,0,39,1301,185,1,0
5,2,2,0,45,429,147,1,0
6,1,0,0,26,1140,984,0,0
0,2,0,0,30,106,149,0,0
9,0,1,0,33,826,256,0,0
1,0,1,0,33,2746,188,0,0
5,0,1,0,39,1891,147,0,0
8,0,1,0,38,205,359,0,0
3,0,1,0,48,333,24,0,0
4,2,1,1,49,224,79,0,0
5,0,1,0,52,2323,45,0,0
0,0,0,0,55,42,318,0,0
0,2,0,0,54,487,828,0,0
3,2,2,0,45,104,206,0,0
6,0,0,0,36,562,90,0,0
10,1,1,0,27,1625,180,0,0
7,1,1,0,39,759,100,0,0
3,0,1,0,39,576,212,0,0
0,0,1,0,53,478,66,2,0
1,0,1,0,39,625,185,2,0
1,1,0,0,37,6101,141,0,0
1,1,0,0,33,137,88,0,0
6,0,1,1,32,204,307,0,0
6,0,1,0,47,284,266,0,0
5,0,1,0,50,2695,312,2,0
0,0,0,0,28,318,4,0,0
1,0,1,0,33,6947,250,0,0
5,2,1,0,46,2087,111,4,0
3,1,1,1,32,681,589,0,0
0,0,1,0,70,4,511,4,0
5,0,1,0,29,1,56,0,0
5,0,1,0,49,3620,346,0,0
3,0,1,0,46,7,110,0,0
4,2,2,0,58,2538,307,0,0
9,0,2,0,31,25,169,0,0
1,0,1,0,34,30,193,0,0
0,0,0,0,41,15449,136,0,0
5,2,1,0,45,479,83,0,0
0,1,0,1,32,-307,447,2,0
0,0,1,0,37,4056,114,0,0
3,0,1,1,37,121,302,0,0
1,0,1,0,37,1063,413,0,0
0,2,0,0,50,405,82,0,0
1,0,1,0,50,85,130,0,0
5,1,1,0,41,734,332,0,0
3,1,1,0,36,3111,445,0,0
0,0,0,0,58,1101,99,0,0
10,1,-1,0,25,92,297,0,0
6,0,1,1,51,122,499,0,0
3,0,2,0,35,526,914,0,0
0,0,0,0,30,0,127,0,0
5,1,1,1,38,245,251,4,0
1,2,0,0,33,2558,680,2,0
1,0,1,0,35,2779,118,0,0
0,1,0,0,25,710,119,0,0
4,0,2,0,66,8,56,0,0
3,0,1,0,41,13,106,0,0
3,1,1,0,27,2,15,10,0
5,2,1,0,39,952,62,0,0
3,2,1,0,38,158,242,0,0
2,0,0,0,34,4343,85,0,0
3,0,2,0,57,23,25,0,0
6,0,0,0,35,260,134,0,0
0,0,0,0,43,1781,69,0,0
5,1,1,1,43,-495,131,0,0
0,1,0,0,26,1284,97,0,0
3,2,1,0,47,25,166,0,0
0,0,0,0,33,1514,447,2,0
0,0,1,0,52,173,48,0,0
1,1,1,0,39,102,272,0,0
0,0,0,0,39,0,112,0,0
0,0,1,0,40,4025,139,4,0
9,0,1,1,42,314,727,0,0
10,1,0,0,31,410,112,0,0
6,0,1,1,33,0,35,0,0
1,0,0,0,38,-267,220,0,0
3,0,2,0,57,24,109,0,0
0,0,1,0,50,2130,203,0,0
0,0,0,0,37,-113,219,0,0
6,2,1,0,57,-752,102,0,0
0,0,0,0,61,997,106,0,0
7,1,0,0,37,2087,167,0,0
0,1,0,0,30,4808,272,0,0
0,0,0,0,41,49,312,0,0
0,0,0,0,40,1213,53,0,0
3,0,1,0,40,195,99,5,0
0,0,0,0,33,89,61,0,0
0,2,0,0,39,115,345,0,0
3,1,1,0,45,0,768,5,0
3,1,1,0,30,583,453,0,0
0,0,0,0,52,6,57,0,0
3,0,2,0,49,364,134,0,0
1,1,0,0,38,23,194,0,0
0,2,0,0,55,0,360,0,0
1,0,0,0,39,93,162,0,0
5,0,-1,0,37,734,1106,0,0
0,0,0,1,39,139,189,0,0
1,0,1,0,48,-38,331,0,0
3,1,2,0,33,279,113,0,0
0,1,0,0,29,266,176,1,0
1,0,1,0,35,2779,182,2,0
3,0,1,0,41,2913,1058,0,0
0,0,0,1,42,-556,682,3,0
1,0,0,0,29,1489,430,0,0
4,2,1,1,60,598,96,0,0
3,0,1,1,40,1161,292,0,0
8,2,0,0,35,8903,336,0,0
1,0,1,0,33,318,108,14,0
2,0,1,0,33,137,136,0,0
6,0,0,0,28,599,189,0,0
5,1,1,1,26,3529,57,0,0
7,0,0,0,50,1503,128,0,0
5,1,1,0,36,10041,91,1,0
1,1,0,0,29,1891,129,0,0
0,0,0,1,61,0,85,0,0
0,0,0,0,32,8,175,0,0
5,2,1,0,53,2647,494,0,0
3,2,1,0,56,9898,147,0,0
3,0,2,0,39,-432,159,0,0
5,0,1,0,32,1974,104,0,0
3,1,2,0,28,-30,108,0,0
10,1,-1,0,29,145,105,0,0
1,1,1,0,31,46,313,0,0
1,0,1,1,30,152,213,0,0
0,0,0,0,55,1161,8,0,0
0,2,0,0,40,490,477,0,0
3,1,1,0,28,-208,136,2,0
8,0,1,0,55,4733,70,2,0
5,2,1,0,32,2294,342,2,0
3,0,2,0,46,1823,135,0,0
3,0,2,1,41,492,157,0,0
3,0,2,0,37,-738,303,0,0
3,0,1,1,33,0,443,0,0
7,2,0,0,52,10653,336,0,0
9,0,2,0,55,1537,359,0,0
5,2,1,1,50,237,169,0,0
0,2,0,0,52,50,84,0,0
0,0,0,0,33,1674,284,0,0
5,0,0,0,37,2741,204,0,0
3,0,1,0,35,1454,323,4,0
4,0,2,0,60,71,121,0,0
6,0,1,1,53,1065,211,0,0
1,0,0,1,52,523,113,0,0
0,0,1,0,43,392,332,0,0
3,0,2,0,50,8139,256,0,0
6,2,1,0,40,0,97,0,0
0,0,0,0,43,479,168,2,0
5,0,0,0,36,289,150,0,0
3,2,1,0,37,368,194,0,0
0,0,0,0,37,578,401,0,0
5,0,1,0,40,1831,492,0,0
3,0,1,1,37,453,98,0,0
0,2,0,0,43,2367,83,3,0
1,0,0,0,50,917,107,0,0
0,0,1,0,34,333,90,0,0
0,1,0,0,54,0,133,0,0
3,0,1,0,30,10395,121,0,0
1,0,1,0,59,1,159,3,0
0,1,0,0,42,2124,161,0,0
1,0,0,0,36,3043,254,0,0
0,0,0,0,55,1402,125,1,0
0,2,0,1,52,0,278,0,0
0,0,1,1,32,1215,211,0,0
0,0,0,0,35,739,13,4,0
-1,0,-1,0,46,677,425,1,0
0,0,0,0,39,12,130,0,0
3,1,1,0,25,0,112,0,0
3,0,2,0,49,126,60,0,0
0,0,0,0,37,64,219,1,0
6,0,1,1,42,-141,211,3,0
1,0,-1,0,48,67,328,0,0
0,0,0,0,29,13186,322,2,0
5,0,1,0,56,1270,80,2,0
5,1,2,1,26,528,102,0,0
3,0,2,0,39,119,271,0,0
4,0,1,0,64,243,144,1,0
6,1,0,0,32,1763,163,0,0
6,0,2,1,40,2469,202,0,0
6,0,1,0,49,892,102,0,0
3,0,2,0,58,5,177,0,0
1,0,1,0,49,3657,328,0,0
0,2,0,0,56,2096,209,0,0
3,1,1,0,42,419,88,0,0
10,1,1,0,28,970,297,0,0
5,1,1,0,25,1099,131,0,0
10,1,-1,0,36,417,304,1,0
1,0,0,0,43,610,454,0,0
4,0,1,0,58,1067,445,0,0
0,0,0,0,30,944,251,0,0
4,0,-1,0,56,230,58,0,0
0,0,0,1,33,332,706,0,0
0,0,0,1,54,1460,341,7,0
3,0,2,0,40,119,795,2,0
3,1,1,0,32,413,270,0,0
0,1,0,0,30,872,61,2,0
3,0,2,0,48,1757,90,0,0
0,1,1,1,43,-1164,76,0,1
3,0,-1,0,42,1154,341,3,0
3,0,1,0,56,2750,115,0,0
0,1,0,0,38,1746,139,0,0
3,0,2,1,47,-169,172,1,0
0,0,0,0,39,1425,775,0,0
4,0,2,0,53,1068,200,0,0
1,0,1,0,47,-54,172,0,0
1,0,1,1,37,427,335,0,0
4,2,1,0,60,514,187,10,0
6,0,1,0,35,0,146,0,0
10,1,0,0,30,25,89,0,0
8,0,1,0,36,733,335,0,0
6,1,1,1,26,0,240,0,1
3,0,2,0,37,2939,191,0,0
3,0,1,0,45,1103,828,0,0
6,1,1,0,30,-114,396,0,0
6,0,1,1,21,0,168,0,0
0,0,0,0,49,0,78,0,0
0,1,-1,0,29,345,106,0,0
3,1,1,0,31,726,719,0,0
0,0,0,0,29,55,235,0,0
2,1,1,0,27,2,25,0,0
5,1,1,0,37,22,28,5,0
2,1,1,0,26,0,339,0,0
1,2,1,0,33,9,91,0,0
6,2,1,1,49,3649,150,0,0
1,0,1,0,58,950,49,1,0
3,0,1,0,33,3576,124,2,0
7,1,0,0,37,1188,310,0,0
3,0,2,0,46,10333,579,0,0
1,2,1,0,45,3271,388,0,0
0,1,0,0,39,5073,1182,4,0
3,0,1,0,24,1222,369,0,0
0,0,0,0,33,310,179,0,0
3,1,1,0,24,-286,327,0,0
5,0,1,0,39,0,283,5,0
1,1,1,0,42,-15,89,1,0
1,1,0,0,34,2257,62,0,0
5,2,1,0,39,458,744,0,0
8,2,1,0,48,201,140,0,0
0,0,0,0,37,46,154,0,0
3,2,2,1,46,-17,81,0,1
-1,0,1,0,63,556,122,0,0
0,0,0,0,37,255,562,10,0
0,0,0,0,35,0,199,0,0
6,1,2,0,31,181,93,2,0
4,0,2,1,61,0,280,0,0
5,2,1,1,49,1718,211,0,0
6,0,1,0,32,0,105,0,0
5,0,1,1,26,383,238,0,0
3,0,1,1,48,341,251,0,0
4,0,0,0,59,422,647,0,0
4,2,2,0,68,695,233,0,0
3,0,1,1,43,314,247,2,0
0,2,0,1,36,-1,268,0,1
0,2,0,0,49,-2049,169,0,0
3,0,1,0,34,-29,200,2,0
1,0,1,0,41,1946,327,0,0
3,0,2,0,59,-209,215,0,0
3,1,1,0,24,476,161,0,0
1,1,1,0,48,2374,83,0,0
3,0,-1,0,45,850,211,0,0
7,1,-1,0,31,7118,210,2,0
0,1,0,0,50,297,119,0,0
5,2,2,0,41,4070,140,0,0
6,1,1,0,30,21,104,0,0
0,1,0,0,25,553,113,1,0
3,2,2,0,51,37,341,0,0
0,0,0,0,28,12,202,0,0
0,0,1,0,44,0,96,0,1
4,0,0,0,72,3561,511,7,0
1,1,1,0,27,285,139,0,0
10,0,1,0,38,140,12,0,0
2,0,1,1,33,0,982,0,0
3,0,1,0,59,10054,175,6,0
5,0,1,0,46,466,169,0,0
4,0,-1,0,78,3208,351,0,0
1,0,1,1,38,54,236,2,0
2,0,1,0,48,2247,60,0,0
0,2,0,0,57,2549,193,0,0
5,0,1,0,48,476,489,0,0
0,0,0,0,44,612,88,0,0
3,0,2,0,36,398,278,0,0
4,0,1,0,57,718,170,0,0
3,2,2,0,50,2554,51,0,0
0,0,0,0,31,2603,280,0,0
0,0,1,0,40,156,357,0,0
3,0,2,0,38,0,583,0,0
3,0,2,1,29,1101,165,0,0
7,1,0,0,35,4693,227,0,0
0,0,0,0,32,2431,646,0,0
5,0,1,1,37,-557,284,0,0
0,0,1,0,51,140,45,0,0
10,1,0,0,26,376,237,0,0
3,0,2,0,38,362,100,0,0
5,1,1,0,37,1097,1555,0,0
0,1,0,0,25,145,121,0,0
1,0,0,0,49,0,218,0,0
3,1,1,1,30,49,210,0,0
2,1,0,0,28,16,48,0,0
3,1,1,0,53,5715,287,0,0
1,1,1,0,32,337,213,1,0
7,1,1,0,53,731,251,0,0
3,0,2,0,35,4924,252,0,0
5,1,1,0,30,278,148,0,0
0,0,0,1,44,870,118,1,0
0,0,0,0,38,0,138,0,0
7,1,0,0,36,4844,1137,0,0
3,0,2,0,39,0,262,0,0
5,2,1,0,46,3163,128,0,0
6,1,2,0,33,92,63,0,0
0,1,0,0,48,86,281,6,0
3,0,1,0,38,530,59,0,0
-1,0,-1,0,47,1728,98,0,0
3,0,1,0,32,99,166,0,0
1,2,0,0,46,477,114,0,0
0,0,1,0,39,1585,82,0,0
0,0,0,0,41,226,227,0,0
6,1,1,0,38,4317,216,0,0
1,0,1,0,43,5342,689,0,0
3,0,1,0,44,289,300,0,0
9,0,1,0,59,345,38,0,0
3,2,2,1,42,419,96,0,0
10,1,1,0,30,25,44,0,0
3,0,1,0,36,0,189,0,0
1,0,0,0,50,133,155,0,0
3,2,1,0,38,-138,644,0,0
9,0,2,0,38,0,267,0,1
3,0,2,0,31,19,241,0,0
1,0,0,0,32,0,277,0,0
5,0,1,0,29,22171,44,3,0
6,0,1,0,49,1084,99,0,0
5,0,1,0,49,2732,558,0,0
6,0,1,0,37,658,175,0,0
3,0,2,0,47,556,147,4,0
3,1,1,0,40,3,998,0,0
6,2,1,0,55,-555,81,0,0
1,0,1,0,56,107,52,0,0
7,0,0,0,43,64,230,0,0
3,0,1,0,36,535,121,3,0
8,0,1,0,53,582,96,0,0
-1,0,0,0,46,8564,397,1,0
1,0,1,1,59,135,416,0,0
3,0,2,0,53,2295,65,0,0
3,0,1,0,34,362,151,0,0
0,1,0,0,28,9314,276,0,0
5,0,2,1,52,813,113,0,0
0,0,0,0,38,1199,482,0,0
1,0,1,1,28,158,77,0,0
3,1,1,0,26,17891,239,0,0
0,0,1,0,39,-473,318,0,0
3,0,1,1,37,2066,34,0,0
3,0,2,0,31,251,212,0,0
8,0,1,0,48,926,382,6,0
3,0,1,0,40,11084,113,0,0
1,1,1,0,42,-15,71,0,0
7,1,0,0,35,935,259,0,0
6,2,1,0,50,2015,715,1,0
0,0,0,0,30,942,146,0,0
6,0,1,0,37,616,18,0,0
4,0,2,0,56,-299,68,0,0
0,2,0,0,58,5701,521,0,0
3,0,1,0,43,1376,235,0,0
3,2,1,1,47,-332,48,0,0
7,0,0,0,36,12132,146,0,0
6,0,1,1,38,0,1473,0,0
0,0,0,0,31,233,241,10,0
6,0,-1,0,51,3413,146,0,0
5,0,1,0,35,614,242,0,0
3,2,2,0,51,-19,829,11,0
0,2,0,0,45,6572,42,0,0
7,1,1,0,37,125,56,0,0
3,0,2,0,41,1,117,0,0
9,2,1,0,51,9228,655,0,0
8,0,0,0,34,0,201,0,0
3,0,2,0,36,347,167,0,0
5,0,1,1,35,5768,145,0,0
8,1,0,0,46,705,398,0,0
5,0,1,0,33,519,175,0,0
0,0,0,0,47,19,186,0,0
3,0,2,1,59,0,160,0,0
1,1,1,0,45,410,891,0,0
7,0,0,0,40,271,124,4,0
3,0,2,0,34,425,1389,0,0
0,1,0,1,55,6507,109,0,0
3,0,1,1,39,660,180,2,0
6,0,1,0,24,110,27,0,1
-1,0,-1,0,54,895,335,0,0
0,1,0,0,43,8224,70,0,0
0,0,0,0,32,2213,73,0,0
6,0,1,0,39,636,15,0,0
0,1,1,0,44,3684,31,3,0
3,0,2,0,36,0,8,0,0
5,2,1,0,36,1573,17,0,0
3,2,2,0,60,92,70,0,0
3,0,2,1,37,-106,690,0,0
0,1,0,0,48,906,289,0,0
1,2,-1,0,41,143,141,0,0
0,0,0,0,34,4,33,0,0
5,0,1,1,41,120,489,0,0
5,0,1,0,32,3473,112,0,0
6,0,1,0,40,1836,750,0,0
0,0,1,0,36,339,279,1,0
10,1,1,0,21,2488,661,1,0
1,0,1,0,55,-308,781,0,1
0,1,1,0,41,3234,2770,0,0
3,0,0,0,47,3745,113,1,0
2,0,1,0,42,2239,176,0,0
9,0,1,0,45,4068,184,0,0
5,0,2,0,38,-175,86,0,0
0,0,0,0,43,1158,236,1,0
0,1,0,1,48,-295,121,2,0
2,0,0,0,53,420,100,0,0
7,0,1,0,37,4153,35,0,0
5,2,1,0,36,-37,151,0,0
8,1,1,0,26,4,8,0,0
7,0,1,0,32,-33,158,3,0
1,1,1,0,33,5235,67,0,0
5,0,1,0,46,664,295,0,0
3,0,2,0,34,-398,47,0,0
5,0,1,0,55,994,490,0,0
1,1,0,0,34,-1,787,0,1
0,2,0,0,59,6144,56,0,0
1,1,0,0,32,1527,270,2,0
5,1,1,0,28,579,60,0,0
8,0,2,0,58,1183,1721,0,0
6,0,1,0,29,-443,238,0,0
3,0,-1,0,35,53,495,0,0
3,0,2,0,43,1202,295,0,1
3,0,1,0,44,5414,166,0,0
3,0,1,0,32,231,51,0,0
6,2,1,0,35,305,327,0,0
1,2,1,0,47,1573,130,0,0
4,2,1,0,50,4861,61,0,0
3,0,1,0,53,143,122,0,0
1,1,1,0,34,85,1182,0,0
3,0,1,1,54,285,63,5,0
4,1,1,0,73,1050,73,0,0
1,2,1,0,52,0,39,0,0
1,0,1,0,40,998,133,0,0
0,0,0,0,30,805,134,1,0
0,0,0,0,32,2102,220,0,0
5,2,1,0,59,3304,250,0,0
6,0,1,0,52,1351,11,0,0
5,0,1,0,43,1113,477,0,0
1,0,1,0,46,2501,323,0,0
3,0,1,1,41,1522,377,2,0
3,2,2,1,51,-28,220,0,0
1,1,2,0,30,2731,314,0,0
0,0,0,0,56,665,25,0,0
0,1,0,0,33,99,159,0,0
7,1,0,0,30,2593,662,0,0
1,1,-1,0,42,11115,187,1,0
6,0,1,0,46,74,101,0,0
6,1,1,0,39,403,1262,0,0
4,0,2,0,54,208,255,0,0
10,1,0,0,26,1804,156,0,0
1,0,1,1,37,-254,121,2,0
3,1,2,0,32,180,804,0,0
4,0,1,0,66,995,131,0,0
7,0,1,0,31,581,303,3,0
5,1,1,0,41,5219,46,0,0
0,1,0,0,33,804,226,0,0
0,0,0,0,41,223,124,0,0
0,2,0,0,57,6468,684,0,0
0,0,0,1,57,388,262,0,0
5,0,1,0,55,865,85,1,0
3,0,2,0,55,9997,118,0,0
0,0,1,0,40,569,129,0,0
3,1,1,0,31,160,25,0,0
0,0,0,0,59,553,1272,0,0
3,0,2,1,57,137,54,0,0
5,0,1,0,29,688,211,0,0
1,0,2,0,60,4243,387,1,0
10,1,1,0,24,8165,216,0,0
1,0,1,0,34,222,149,0,0
6,2,1,0,42,732,109,0,0
5,1,1,1,28,-126,360,0,0
0,0,-1,0,51,721,276,0,0
5,1,1,0,37,686,253,2,0
6,1,1,0,37,1045,301,0,0
10,1,-1,0,20,479,158,0,0
9,0,1,1,32,216,71,0,0
0,0,2,0,54,366,589,0,0
5,1,1,0,26,681,336,3,0
5,0,1,0,47,3480,443,0,0
1,0,-1,1,41,-391,137,0,0
9,0,2,0,55,17,196,0,0
3,0,1,0,39,439,214,0,0
3,0,1,0,56,2561,13,0,0
3,1,2,0,26,230,289,0,0
4,1,0,0,67,3377,77,0,0
10,1,1,0,23,1062,379,0,0
1,2,1,1,46,447,314,0,0
5,1,1,1,36,0,117,0,0
5,1,1,0,47,3957,58,3,0
1,2,-1,0,43,205,1419,0,0
5,0,1,0,45,0,113,0,0
5,0,1,0,37,306,73,0,0
3,1,1,0,25,-247,633,0,0
0,0,0,0,39,416,145,0,0
6,1,1,0,55,987,63,0,0
1,0,1,0,47,0,97,2,0
4,2,2,0,76,802,241,5,0
3,0,2,0,60,5,401,0,0
5,0,0,0,54,184,673,0,0
0,0,0,0,49,0,56,0,0
5,0,1,0,52,722,60,0,0
3,0,2,0,52,924,93,0,0
3,0,2,0,50,5776,49,0,0
0,1,0,0,32,1131,267,0,0
3,0,0,1,28,417,523,2,0
7,0,0,0,35,1833,138,0,0
1,2,0,0,38,1307,294,0,0
1,0,1,1,49,597,154,0,0
6,0,1,0,47,-553,8,0,0
1,0,0,0,64,1319,56,0,0
1,0,2,1,57,592,88,5,0
0,0,0,0,34,91,144,1,0
0,1,0,0,31,587,16,0,0
3,0,1,0,36,-185,163,0,0
0,0,0,0,35,787,49,0,0
10,1,1,0,28,891,34,0,0
0,0,1,0,34,0,270,0,0
7,2,0,1,37,160,545,0,0
5,1,0,0,30,0,730,0,0
0,1,0,0,29,11968,241,0,0
3,1,1,0,39,885,70,0,0
3,0,2,0,30,124,5,2,0
5,2,1,0,48,132,171,0,0
3,0,1,0,33,327,81,0,0
3,0,2,0,39,1004,364,0,0
0,0,1,0,48,397,389,0,0
3,2,1,0,45,-184,878,5,0
1,1,1,0,45,-55,78,1,0
5,0,0,0,36,586,126,0,0
1,0,1,0,57,437,44,0,0
-1,2,-1,0,45,0,278,0,0
4,2,1,0,59,514,573,1,0
3,1,1,0,27,228,799,0,0
3,0,2,0,33,1064,311,1,0
1,0,1,0,37,-421,183,0,0
2,0,0,0,38,0,65,0,0
4,0,1,0,69,0,184,2,0
5,0,1,1,48,292,164,0,0
0,0,0,0,44,4087,457,0,0
5,1,1,0,31,690,92,0,0
1,1,0,0,43,0,73,0,1
1,1,1,0,35,391,152,0,0
0,2,0,1,46,3,328,0,0
1,1,1,1,33,555,425,0,0
3,0,2,0,32,726,188,0,0
3,0,1,0,57,221,122,0,0
2,2,0,0,41,0,21,0,1
3,0,1,1,51,-355,122,0,0
1,0,0,0,42,644,19,0,0
3,0,2,0,37,253,145,0,0
0,1,1,0,35,2383,67,0,0
0,1,0,0,33,34,27,0,0
1,1,1,1,30,-305,37,6,1
3,1,1,0,36,103,200,0,0
3,1,1,1,22,3992,194,0,0
0,0,0,0,47,1057,488,0,0
1,1,0,0,24,596,451,0,0
4,0,2,0,69,154,144,0,0
1,2,1,1,49,7,50,0,0
0,0,0,0,39,0,714,0,0
3,0,2,0,30,62,213,0,0
0,1,0,0,25,380,167,0,0
2,0,1,0,29,5918,103,0,0
3,0,1,0,30,1803,29,0,0
-1,1,-1,0,42,942,245,2,0
1,0,1,0,32,79,417,0,0
5,1,1,0,24,1052,354,0,0
6,1,2,0,49,114,99,0,0
6,2,1,0,56,6101,422,0,0
4,0,1,1,60,1339,137,0,0
1,0,1,0,41,0,113,0,0
3,0,2,0,44,513,338,0,0
1,0,1,0,35,291,100,0,0
3,0,0,0,34,17672,548,0,0
3,0,2,0,51,3942,363,0,0
0,0,0,1,50,161,642,0,1
1,1,1,0,35,230,288,0,0
6,2,1,0,48,0,428,0,0
1,1,0,0,51,318,8,0,0
6,1,1,0,30,-174,113,0,0
0,0,0,0,44,-199,261,0,0
1,0,0,0,41,1517,193,0,0
1,0,2,0,56,1232,44,0,0
3,0,1,0,39,5092,206,6,0
9,1,0,0,33,1255,511,0,0
4,0,2,0,56,0,188,0,0
5,0,0,0,33,585,131,0,0
5,1,1,0,43,35,208,0,0
5,0,1,1,46,0,225,0,0
1,2,1,0,40,311,738,0,0
3,0,1,0,44,268,127,0,0
3,0,1,0,43,536,185,0,0
1,0,1,0,51,980,114,0,0
0,1,-1,0,36,62,398,0,0
5,0,-1,0,58,2180,273,0,0
9,0,0,0,36,-1941,505,0,1
0,0,0,0,41,1272,214,0,0
0,1,0,0,36,62,566,7,0
0,0,0,0,40,552,761,0,0
5,0,1,0,40,260,306,5,0
1,1,0,0,30,256,276,0,0
6,0,1,0,42,-166,337,0,0
3,0,2,0,55,627,247,0,0
3,2,2,0,53,1480,95,0,0
6,1,1,0,52,0,329,0,0
5,2,1,0,45,109,122,0,0
3,0,1,0,31,439,232,0,0
10,1,1,0,31,3511,311,1,0
3,0,1,0,39,1042,58,0,0
0,1,1,0,39,247,130,0,0
3,0,2,0,52,967,153,0,0
1,1,0,0,32,1625,796,1,0
6,1,1,1,28,-427,965,0,0
6,0,1,0,36,981,1093,0,0
1,1,1,0,36,1745,258,0,0
0,0,0,1,32,859,195,11,0
3,0,1,0,29,275,180,0,0
1,0,0,1,50,199,116,1,0
5,2,1,0,31,82,254,0,0
5,1,1,0,32,642,52,2,0
3,0,2,0,49,-14,115,0,0
1,0,1,0,42,2,249,0,0
4,0,2,0,57,4,50,0,0
3,1,-1,0,39,2841,1121,0,0
0,1,0,1,32,154,301,0,0
1,0,0,0,46,217,141,2,0
3,2,2,0,53,255,134,2,0
6,0,1,0,52,660,201,0,0
0,0,0,1,33,855,191,0,0
0,1,0,0,31,284,45,0,0
6,1,1,0,58,1430,861,5,0
9,0,2,0,32,2678,779,0,0
6,1,1,0,30,1268,105,8,0
1,2,1,1,49,-1547,492,0,0
4,2,1,0,71,5584,534,0,0
1,1,0,0,28,387,205,1,0
0,1,0,0,33,417,83,0,0
0,0,0,0,35,0,139,2,0
1,0,1,1,33,3000,160,0,0
0,0,0,0,37,5,36,0,0
2,0,2,0,37,62,404,0,0
3,1,1,0,30,799,674,0,0
3,1,1,0,31,-190,127,0,0
1,0,1,1,50,-997,70,0,0
0,1,0,0,36,3669,166,1,0
5,1,1,0,29,266,540,0,0
10,1,1,0,22,330,105,0,0
5,1,1,0,33,422,235,2,0
0,1,1,0,28,1633,275,0,0
7,1,0,0,41,-94,1164,1,0
-1,0,-1,0,58,0,464,0,0
4,2,2,0,82,1419,139,0,0
0,0,1,0,46,12186,29,0,0
5,0,1,0,31,1246,111,0,0
3,1,1,0,39,290,128,1,0
1,2,1,0,47,2914,405,0,0
4,0,1,0,76,4112,282,0,0
10,1,1,0,28,949,1730,0,0
3,2,1,0,39,33,593,0,0
6,0,1,0,35,102,252,0,0
0,1,0,0,33,283,40,0,0
6,1,1,1,24,53,226,0,0
0,1,0,0,35,331,30,0,0
10,1,1,0,30,1779,233,1,0
0,0,0,0,36,-115,297,2,0
0,0,0,0,40,2935,192,0,0
0,1,0,0,38,15030,167,7,0
0,1,0,0,27,498,191,3,0
8,1,2,0,41,2171,120,0,0
5,0,1,0,27,897,397,0,0
4,0,1,0,55,102,74,0,0
0,1,0,0,32,718,95,0,0
2,0,1,0,51,653,16,37,0
1,1,0,1,33,109,12,3,0
5,1,0,0,32,725,53,0,0
7,1,1,0,35,271,68,0,0
0,0,0,0,48,1533,358,0,0
7,1,0,0,34,693,130,0,0
3,1,1,0,30,4,84,0,1
5,1,1,1,27,242,83,0,0
6,0,1,0,37,102,107,0,0
5,0,0,0,47,12276,77,0,0
5,0,1,0,51,1204,317,0,0
5,1,1,0,25,230,394,0,0
2,0,0,0,40,2644,235,3,0
1,0,1,0,36,25,98,0,0
4,0,2,0,82,8603,429,0,0
0,1,0,0,33,0,277,0,0
2,0,0,0,37,1284,246,0,0
0,0,0,0,37,561,204,0,0
5,0,1,0,51,-229,18,1,0
10,1,0,0,33,2904,42,0,0
0,0,1,0,41,280,88,2,0
0,0,0,1,36,0,119,0,0
5,0,1,1,44,14,827,0,0
7,0,1,0,47,231,88,0,0
4,0,1,0,50,8648,731,1,0
3,2,2,0,37,117,125,4,0
1,1,1,0,30,237,112,0,0
7,0,0,0,49,23917,51,0,0
3,0,1,1,35,522,245,0,0
5,0,2,0,52,204,123,0,0
5,1,1,0,43,386,220,1,0
0,0,0,0,51,1394,115,0,0
2,0,-1,0,51,2396,241,0,0
1,0,1,0,40,2266,447,5,0
3,0,1,0,36,0,235,1,0
5,0,1,0,33,17,74,1,0
8,0,-1,0,57,381,126,0,0
5,1,1,0,29,11,326,0,0
0,1,0,0,56,15311,157,0,0
3,0,1,0,41,232,104,0,0
1,1,1,1,42,60,183,1,0
3,0,1,0,48,865,78,0,0
0,0,0,0,40,1734,169,0,0
0,0,0,0,44,1034,73,0,0
0,0,0,0,44,423,2330,0,0
4,0,0,0,71,2651,531,0,0
3,1,1,0,30,2145,727,0,0
5,0,1,0,23,836,674,0,0
3,0,1,0,31,298,154,0,0
3,0,2,0,48,418,102,0,0
1,0,-1,0,59,0,214,0,0
0,0,2,0,57,772,201,1,0
5,0,1,0,42,0,1011,0,0
5,0,1,0,49,0,201,0,0
2,0,-1,0,37,1134,142,0,0
3,0,1,0,33,1219,51,4,0
3,0,1,0,32,305,73,0,0
0,0,1,0,42,-189,247,0,0
3,0,2,0,41,7735,220,1,0
3,1,1,0,29,0,16,1,0
9,0,1,0,48,1397,66,0,0
3,0,2,0,42,1742,420,0,0
4,0,1,0,56,388,80,0,0
1,0,1,1,56,150,102,1,0
3,0,1,1,43,2,7,0,0
3,0,1,0,26,800,219,0,0
5,0,1,0,50,100,23,0,0
3,0,1,1,34,470,217,0,0
0,0,-1,0,50,914,359,0,0
5,1,0,0,32,594,134,0,0
7,0,-1,0,44,163,364,0,0
0,0,1,0,31,0,120,2,0
3,0,2,0,35,378,427,0,0
1,0,1,1,40,1498,139,0,0
0,1,1,0,44,13,116,0,0
7,0,1,1,46,0,150,0,0
3,0,2,0,33,158,110,4,0
1,0,1,0,39,4444,244,0,0
0,1,0,0,31,623,117,0,0
0,1,0,1,35,1422,28,3,0
0,0,0,0,33,1585,183,0,0
1,0,1,0,40,318,196,0,0
1,0,1,0,45,1081,127,0,0
0,0,0,0,51,401,80,0,0
6,0,1,1,48,1323,99,0,0
0,1,0,0,35,1064,69,1,0
8,0,1,0,36,439,18,0,0
5,0,1,0,49,15,290,0,1
5,0,1,0,57,1216,255,0,0
5,1,1,0,30,2,56,0,0
6,2,1,1,51,242,1336,0,0
2,0,0,0,33,407,189,0,0
3,0,1,0,29,0,45,0,0
-1,1,2,0,43,433,45,0,0
0,2,1,0,41,276,60,0,0
3,0,2,0,54,1659,50,0,0
9,0,2,0,37,309,11,0,0
0,0,0,0,58,648,110,0,0
5,1,1,0,30,43,91,2,0
9,0,-1,0,53,0,207,0,0
1,1,1,0,24,2019,1045,0,0
3,1,2,0,34,464,173,2,0
8,1,1,0,31,2616,374,2,0
0,0,1,0,50,3002,125,0,0
8,0,1,0,40,1779,59,0,0
0,2,1,0,41,2666,170,0,0
3,0,1,0,32,35,42,0,0
5,2,1,0,39,112,574,0,0
3,0,1,0,34,305,1245,0,0
0,1,0,0,38,6836,374,0,0
1,1,1,0,40,-239,399,0,0
3,0,2,1,47,146,53,0,0
4,0,2,0,53,0,85,0,0
3,0,-1,0,39,0,90,0,0
1,0,1,1,49,1811,168,1,0
1,1,1,0,41,3023,616,0,0
3,0,1,0,41,2152,369,0,0
0,0,0,1,44,445,135,7,0
0,0,1,0,41,99,157,0,0
6,2,2,0,31,459,623,1,0
1,1,0,0,34,2047,72,5,0
5,1,1,0,28,377,571,0,0
1,0,1,0,33,852,388,0,0
8,2,1,0,53,468,153,0,0
1,0,1,1,53,1738,168,0,0
1,0,1,1,44,267,508,0,0
7,0,1,1,50,1878,45,11,0
1,1,1,1,32,0,916,0,0
10,1,1,0,27,162,116,0,0
3,1,2,0,31,71,185,6,0
5,0,1,1,48,0,195,5,0
7,0,1,0,32,409,115,2,0
4,0,1,0,43,520,15,0,0
5,0,1,1,26,416,172,0,0
1,0,1,0,38,167,145,0,0
1,0,1,0,41,2152,134,1,0
4,0,1,0,59,319,143,0,0
0,0,0,0,41,371,107,0,0
5,0,1,0,46,1437,49,0,0
2,0,1,1,36,660,430,0,0
9,2,1,0,47,1361,59,0,0
3,1,1,1,26,-128,392,0,0
0,0,-1,0,59,147,119,0,0
8,0,1,0,47,926,436,5,0
0,1,0,0,35,250,92,0,0
6,1,1,0,22,361,232,6,0
0,0,0,0,36,-26,214,0,0
5,1,1,1,28,89,172,0,0
5,1,1,0,25,53,313,0,1
1,0,1,1,38,1097,186,0,0
10,1,1,0,21,948,77,0,0
0,0,0,0,44,5282,274,0,0
1,1,0,0,26,822,371,0,0
8,0,1,0,31,90,121,0,0
4,0,1,0,54,3671,67,0,0
1,1,1,0,36,1407,328,3,0
3,0,1,1,27,379,252,0,0
0,0,0,0,52,3737,574,0,0
4,0,1,1,57,-418,95,0,0
8,0,1,0,43,1943,273,2,0
6,1,0,0,26,130,24,1,0
1,0,0,0,30,910,228,0,0
5,0,1,1,51,52,36,0,0
3,0,2,1,52,-490,74,0,0
3,2,1,0,37,-689,15,0,1
6,0,1,0,59,7475,587,0,0
5,0,1,0,55,183,150,0,0
4,2,1,0,57,-663,210,2,0
7,1,0,0,29,8749,141,0,0
0,2,1,0,39,51,334,0,0
6,1,1,0,26,8206,213,0,0
3,0,1,0,46,84,49,0,0
1,0,1,0,38,634,211,0,0
1,0,2,0,47,235,136,1,0
0,0,0,0,42,144,143,3,0
5,1,1,0,30,-242,276,0,1
3,0,2,0,55,3873,222,0,0
1,0,-1,0,47,751,99,0,0
0,1,0,0,47,714,609,0,0
3,2,2,0,56,8,157,0,0
9,0,2,0,48,5908,192,0,0
5,0,1,0,39,224,421,0,0
1,1,1,0,29,706,1340,0,0
6,1,1,0,28,1950,147,0,0
5,0,1,1,39,272,199,2,0
10,1,-1,0,19,108,168,2,0
3,0,1,0,37,1205,99,0,0
8,0,1,0,57,839,46,0,0
9,0,1,0,29,823,14,0,0
5,0,1,0,58,169,336,5,0
3,0,2,0,36,21,35,0,0
3,0,1,0,44,0,113,0,0
0,1,0,0,39,759,310,0,0
1,1,1,0,24,-232,108,0,0
10,1,2,0,21,281,11,0,0
0,0,0,0,53,1144,142,0,0
0,1,0,0,38,126,355,0,0
3,0,1,1,48,2697,82,5,0
0,0,0,0,38,2724,177,0,0
3,0,1,0,34,2700,446,0,0
9,0,2,0,53,70,77,0,0
5,0,2,0,46,595,334,0,0
1,0,1,1,28,679,406,0,0
3,1,1,0,23,-95,167,0,0
0,0,1,0,59,544,67,0,0
3,0,2,0,34,905,28,0,0
0,0,2,1,59,252,103,0,0
6,0,2,1,51,320,59,0,0
1,0,1,0,42,0,351,0,0
3,0,2,0,45,147,226,2,0
4,1,1,0,52,316,463,0,0
3,0,1,1,44,582,211,0,0
4,2,2,0,44,2083,124,0,0
7,1,0,0,29,871,310,0,0
5,0,1,0,55,-2,76,0,0
9,0,2,0,44,71,251,0,0
0,0,0,0,49,2005,81,0,0
3,0,1,0,43,2160,169,0,0
1,2,0,1,34,66,102,2,0
6,2,1,0,47,4906,389,0,0
0,0,0,0,42,-380,57,0,0
1,1,1,0,29,3313,18,0,0
6,0,1,0,22,83,101,0,0
1,0,1,0,50,-157,353,0,0
1,0,1,0,56,225,71,0,0
4,2,0,0,56,2370,376,0,0
0,0,0,1,25,3,690,0,0
5,1,1,0,24,99,56,0,0
0,0,0,0,36,356,184,0,0
6,2,-1,0,43,159,112,0,0
1,0,1,0,38,0,55,0,0
3,0,2,0,51,201,582,0,0
0,0,0,0,34,273,492,2,0
5,0,-1,0,60,478,324,0,0
1,0,1,0,49,3144,349,0,0
6,2,1,0,44,130,263,1,0
6,1,1,0,28,40,313,0,0
0,1,0,0,31,38279,225,0,0
2,1,1,0,49,5802,618,0,0
3,0,2,0,52,-27,51,0,0
3,0,2,1,47,840,509,0,0
5,2,1,0,60,12039,236,0,0
6,0,2,0,45,60,349,0,0
3,0,2,0,36,1010,372,0,0
1,1,0,1,38,-572,26,0,0
3,1,1,0,26,96,181,0,0
5,0,1,0,40,6,60,0,0
1,0,0,0,31,3382,739,0,0
7,0,1,0,35,273,28,0,0
1,0,1,0,39,186,171,0,0
7,0,1,0,53,534,115,0,0
3,1,1,0,30,228,232,1,0
1,2,1,0,44,177,364,3,0
5,0,1,0,32,1785,51,6,0
0,0,0,0,33,431,51,0,0
10,1,-1,0,22,466,377,0,0
7,0,1,1,53,1,178,0,0
1,1,1,0,24,598,762,2,0
-1,0,1,0,54,2206,260,4,0
6,0,2,0,29,549,61,0,0
0,1,0,0,32,1431,199,0,0
5,0,1,0,53,8892,151,0,0
0,0,0,0,36,708,59,0,0
3,0,-1,0,55,7561,685,0,0
0,0,0,0,53,75,216,0,0
6,2,1,1,36,-330,207,0,0
0,1,1,0,30,3259,495,0,0
1,0,1,0,46,399,699,0,0
2,0,1,0,43,59,437,0,0
5,0,0,0,28,654,198,0,0
1,0,1,0,33,0,210,0,0
10,1,-1,0,36,417,151,0,0
1,0,2,0,39,2118,266,0,0
4,0,2,1,57,1623,246,0,0
0,2,0,1,49,1904,131,0,0
6,1,1,0,27,-74,151,1,0
1,0,1,0,53,768,218,0,0
10,1,0,0,27,3733,198,6,0
1,0,0,0,33,8023,196,4,0
3,1,1,0,33,2668,187,0,0
1,2,0,0,47,405,236,1,0
4,0,0,0,75,6027,1248,2,0
7,0,1,0,33,215,543,0,0
6,1,1,1,45,-688,106,0,0
1,2,1,0,54,1663,41,9,0
3,0,1,0,41,153,389,0,0
0,1,0,0,34,2455,244,0,0
1,0,1,0,44,596,28,0,0
6,0,1,0,38,173,130,0,0
0,0,0,0,57,3250,162,0,0
0,2,0,0,51,45,95,0,0
0,0,0,0,48,1519,360,0,0
6,0,1,1,41,366,237,0,0
0,0,0,0,57,1171,448,0,0
0,1,0,0,32,3097,167,0,0
3,2,1,1,54,244,9,11,0
1,0,1,0,39,22,76,0,0
4,2,2,1,57,0,125,0,1
2,0,0,0,55,78,115,0,0
5,0,1,0,31,3540,441,0,0
3,0,2,0,51,3185,154,2,0
4,2,0,0,54,349,176,1,0
5,0,1,0,43,764,118,0,0
10,1,-1,0,22,3317,148,0,0
0,1,1,0,48,-18,430,0,0
6,0,1,0,31,0,274,0,0
5,1,1,0,38,2246,370,0,0
3,0,1,0,49,233,179,0,0
5,0,1,0,37,756,207,0,0
0,1,0,0,55,1498,340,0,0
3,0,1,0,53,0,36,0,0
0,0,0,0,46,349,466,3,0
0,0,0,0,58,211,103,0,0
1,0,0,0,43,1796,352,0,0
3,0,2,0,46,2749,332,0,0
4,0,1,0,80,8304,681,11,0
3,1,1,0,31,1205,462,2,0
1,2,1,0,33,140,227,0,0
1,0,0,0,29,1535,134,0,0
1,0,2,0,60,65,1028,0,0
5,0,1,0,32,20011,234,0,0
1,0,1,0,42,314,11,0,0
0,1,0,0,58,1387,174,0,0
8,0,0,0,41,0,882,3,0
5,0,1,0,65,952,255,1,0
7,0,0,0,58,8014,697,3,0
0,1,0,0,34,2555,129,0,0
9,2,1,0,56,256,220,2,0
1,2,-1,0,50,1328,140,0,0
5,1,0,1,26,313,210,0,0
3,0,-1,0,36,-417,597,0,0
3,1,1,0,54,1633,12,0,0
2,0,2,0,42,149,94,0,0
0,0,0,0,35,24,243,0,0
7,0,0,0,50,4012,690,0,0
3,0,2,0,53,436,154,0,0
3,2,2,0,42,103,170,0,0
5,0,1,0,60,106,137,4,0
6,1,2,0,28,198,976,0,0
0,0,0,1,38,1100,347,0,0
3,0,2,0,37,1322,14,1,0
1,0,1,0,33,3243,439,0,0
3,0,2,0,32,0,142,0,0
4,0,1,1,59,49,602,0,1
1,0,1,0,52,420,112,0,0
6,0,1,0,31,1167,603,0,0
7,1,0,0,34,72,69,0,0
6,0,1,0,36,-11,172,0,0
3,1,1,0,36,1822,952,1,0
9,0,2,0,31,-184,326,0,0
6,0,1,1,33,610,116,0,0
0,0,0,0,40,0,109,0,0
3,0,1,0,52,1027,59,0,0
2,1,0,0,33,1068,396,0,0
1,0,1,1,57,573,105,0,0
6,0,1,0,46,397,93,0,0
5,1,1,1,28,261,259,4,0
6,0,1,0,49,494,196,0,0
0,1,0,0,32,223,365,0,0
5,2,1,0,26,-45,357,0,0
4,0,1,0,77,820,330,4,0
8,0,-1,0,32,881,79,0,0
5,0,1,0,53,8892,177,1,0
1,0,2,0,43,-441,216,0,0
5,0,1,0,66,4041,713,0,0
7,1,0,0,44,97,153,0,0
1,0,1,0,43,-260,183,0,0
1,1,1,0,32,1995,121,0,0
6,0,1,0,31,1422,97,0,0
6,0,1,1,39,2381,91,0,0
10,0,1,0,33,1536,258,4,0
0,0,0,1,59,138,106,4,0
5,0,1,0,28,213,341,0,0
8,0,1,0,40,0,332,1,0
9,2,2,0,76,1411,233,3,0
6,0,1,0,45,972,343,3,0
3,0,0,0,53,0,107,0,0
6,0,1,1,38,611,61,0,0
3,0,2,1,41,865,19,0,0
7,1,0,0,29,121,1500,0,0
0,1,0,0,30,4889,545,0,0
4,0,2,0,58,565,876,0,0
0,1,0,0,39,3840,315,0,0
1,0,0,0,44,717,150,0,0
3,0,1,1,28,509,121,0,0
3,0,1,1,33,0,453,0,0
5,1,1,0,30,705,235,0,0
1,1,1,1,36,265,348,0,0
3,0,2,0,39,143,6,1,0
3,1,1,1,21,292,148,0,0
3,1,2,1,34,517,330,0,0
5,0,1,0,38,47,288,0,0
1,0,1,0,56,2558,288,0,0
4,0,2,0,60,37,754,0,0
6,0,1,1,23,0,90,0,0
0,2,0,0,36,0,519,0,0
6,1,0,0,31,620,214,1,0
4,1,1,0,54,515,115,1,0
9,0,2,0,59,235,119,0,0
6,2,1,0,39,-388,205,0,0
0,0,0,0,67,405,345,0,0
1,0,1,0,56,203,335,0,0
6,0,1,0,58,5087,135,0,0
6,0,1,0,31,1129,231,0,0
3,1,1,0,35,0,155,1,0
1,0,0,0,55,11,588,0,0
4,2,1,0,57,1029,165,0,0
0,0,0,0,39,183,324,0,0
6,0,1,0,40,473,383,0,0
3,0,2,0,51,1466,406,0,0
1,0,1,0,57,589,167,5,0
4,0,2,0,61,1515,253,0,0
6,2,-1,0,53,1012,332,0,0
0,1,0,0,43,1806,161,0,0
4,0,1,1,52,603,79,0,0
5,0,1,0,47,292,82,0,0
3,0,-1,0,45,818,343,0,0
8,0,1,1,33,66,189,0,0
0,0,0,0,58,473,1109,1,0
2,0,1,0,41,2480,394,0,0
3,1,-1,0,34,5901,211,0,0
5,0,0,1,36,75,97,0,0
1,0,1,0,38,7696,386,0,0
0,0,0,0,31,166,392,0,0
6,1,1,0,26,1050,118,0,0
2,0,0,0,50,52,22,0,0
4,0,1,1,54,-488,172,0,0
5,0,1,0,56,2256,171,0,0
3,0,2,0,52,230,198,2,0
5,1,1,0,33,1613,565,0,0
0,1,0,0,35,578,112,0,0
0,0,0,0,50,1612,103,0,0
6,0,-1,0,38,10189,482,0,0
0,0,0,0,46,7331,658,2,0
0,0,0,0,49,5613,258,0,0
1,0,0,0,30,91,363,0,0
3,1,1,1,26,114,361,0,0
5,0,0,0,33,46,95,0,0
-1,0,2,0,57,8,270,0,0
0,0,0,0,43,19,126,0,0
3,0,1,1,29,8,627,0,0
0,0,0,0,39,53,679,0,0
2,0,1,0,45,404,390,0,0
6,0,1,0,29,480,89,0,0
10,1,1,0,22,552,327,0,0
3,0,1,0,27,61,1012,0,0
3,1,1,0,23,537,172,2,0
5,1,1,0,37,262,305,5,0
3,0,1,0,29,-565,164,0,0
0,2,1,0,46,558,126,0,0
9,0,1,0,30,0,91,0,0
1,1,1,0,33,5833,93,0,0
0,0,0,0,49,4751,884,0,0
5,0,1,0,47,411,157,0,0
5,0,1,0,30,4457,566,0,0
5,0,1,0,39,1757,125,0,0
1,1,0,0,41,0,635,0,0
5,1,1,0,33,1834,11,0,0
6,2,1,0,35,-718,47,0,0
3,0,1,1,43,1255,300,0,0
3,0,1,0,35,325,592,0,0
2,0,2,0,42,319,17,0,0
0,0,0,0,43,240,453,0,0
0,1,0,0,31,404,125,0,0
1,2,1,0,44,2340,637,0,0
3,0,1,0,35,667,10,27,0
1,0,0,0,69,482,478,1,0
1,0,1,1,32,767,42,0,0
0,2,1,0,56,278,269,0,0
1,0,-1,0,41,30,151,0,0
2,0,0,1,37,264,276,1,0
0,2,0,0,58,5,412,0,0
0,0,0,0,34,832,229,0,0
6,1,1,0,26,136,120,0,0
1,1,-1,0,31,365,257,0,0
5,0,1,0,33,394,104,0,0
3,0,-1,0,43,245,829,0,0
2,2,0,0,36,914,219,0,0
10,1,2,0,20,134,273,3,0
1,0,1,0,47,1167,968,5,0
3,0,2,0,39,2169,170,0,0
0,0,0,0,43,0,107,0,0
3,0,2,0,49,216,144,0,0
10,1,1,0,26,119,247,0,0
10,1,1,0,25,3165,251,0,0
6,0,1,0,25,10,114,0,0
1,0,0,0,52,0,145,4,0
0,1,0,0,41,0,24,0,0
5,0,1,1,42,323,280,0,0
3,1,2,1,27,0,240,0,0
0,0,0,0,43,4016,159,0,0
5,1,0,0,37,1000,322,1,0
6,1,1,0,31,181,182,1,0
8,0,1,0,59,0,78,1,0
-1,0,2,0,57,1884,133,0,0
7,1,1,0,37,133,207,0,0
1,1,1,0,49,0,223,0,0
4,0,1,0,68,2469,552,0,0
3,1,1,0,31,-219,66,0,0
6,1,1,0,30,-158,426,2,0
1,0,0,0,33,104,115,0,0
-1,2,2,0,35,3888,207,5,0
8,1,1,0,26,1,14,0,0
6,1,1,0,32,-341,339,3,0
6,0,1,0,33,624,423,0,0
3,0,1,0,46,942,240,2,0
3,0,1,0,37,5334,58,0,0
5,0,1,1,59,231,59,0,0
0,0,0,1,37,839,87,0,0
0,1,0,0,27,205,204,0,0
1,0,2,0,50,139,114,0,0
5,0,1,0,46,311,225,0,0
5,1,1,0,29,732,409,0,0
1,1,0,0,38,0,247,0,0
1,0,1,1,45,0,8,0,0
5,0,-1,0,54,217,110,0,0
3,0,2,0,41,241,48,0,0
1,2,1,1,41,106,197,0,0
6,0,1,1,37,466,377,0,0
3,1,1,0,36,1598,208,0,0
3,0,2,0,47,233,293,0,0
3,0,1,1,34,516,26,0,0
7,0,0,0,36,7343,78,0,0
0,0,0,1,37,5432,774,0,0
0,0,0,0,32,3154,126,4,0
3,1,2,1,32,18,305,0,0
3,0,-1,0,39,0,731,3,0
10,1,-1,0,27,1444,248,0,0
-1,0,1,0,58,208,121,0,0
9,0,1,1,58,196,110,0,0
3,1,2,0,46,2851,122,0,0
3,0,2,0,33,233,428,0,0
1,1,0,0,33,8047,202,13,0
3,0,1,0,37,288,159,0,0
0,1,0,0,34,0,71,0,0
5,1,1,0,26,317,953,0,0
3,0,2,1,41,1821,137,0,0
2,0,1,0,41,2105,134,0,0
1,2,1,0,55,2730,430,0,0
3,0,1,0,49,579,396,0,0
6,0,1,0,37,40,42,0,0
1,2,1,0,52,1161,271,0,0
5,1,1,0,31,1340,185,0,0
3,0,1,0,29,416,1118,0,0
0,0,0,0,45,1199,221,0,0
6,1,1,0,44,5,333,0,0
3,1,2,0,36,1313,8,0,0
5,1,1,0,38,3239,817,0,0
3,2,1,1,32,86,703,0,0
5,2,1,0,51,21,53,0,0
8,0,1,0,50,193,305,0,0
1,1,1,0,34,943,96,0,0
3,1,2,0,23,382,74,1,0
8,0,1,0,57,890,343,0,0
3,1,2,0,32,12,153,0,0
3,0,2,1,51,565,157,3,0
1,0,1,1,45,2981,88,3,0
6,0,1,1,32,1844,158,6,0
0,0,0,0,47,2716,339,0,0
0,1,0,0,30,6495,78,0,0
3,0,1,0,54,506,126,0,0
3,0,1,0,47,1143,79,0,0
3,0,1,0,24,32,264,0,0
1,2,1,0,47,165,99,0,0
0,0,1,0,49,1601,47,0,0
7,0,2,0,40,2077,363,24,0
0,1,0,0,38,1515,42,0,0
0,1,0,0,26,159,589,0,0
9,1,-1,0,59,4639,24,0,0
3,0,1,0,30,-135,57,0,0
8,0,2,0,31,213,479,0,0
1,0,1,0,36,278,121,0,0
1,0,1,0,34,672,158,0,0
3,0,1,0,45,577,154,3,0
5,1,1,1,59,2166,574,0,0
6,1,1,0,36,417,15,3,0
0,0,1,1,35,0,121,0,0
6,1,1,1,27,1928,513,0,0
1,0,1,0,47,10179,179,0,0
1,0,1,0,34,904,199,0,0
1,2,1,0,29,-95,42,1,0
5,0,1,0,24,0,284,0,0
5,0,1,0,44,1696,139,0,0
1,2,-1,0,45,1823,97,2,0
3,1,2,0,32,1918,321,0,0
10,1,1,0,28,205,87,2,0
5,0,1,0,47,869,216,0,0
3,0,-1,0,58,703,37,0,0
2,1,0,0,56,1745,374,0,0
2,0,1,1,50,7907,363,0,0
0,1,0,0,35,2975,249,0,0
0,0,1,0,43,3,204,0,0
3,0,-1,0,47,1045,411,0,0
3,1,1,0,35,0,226,1,0
3,0,-1,1,36,-742,110,0,0
1,0,1,0,51,117,467,4,0
3,0,2,0,32,885,127,0,0
5,2,2,1,46,50,379,0,0
3,2,1,0,32,3027,171,0,0
3,0,1,1,49,406,253,0,0
9,0,1,0,28,204,38,0,0
0,1,0,0,29,841,217,0,0
3,2,1,0,29,34,87,0,0
6,0,0,0,41,412,154,0,0
6,2,0,0,35,877,61,0,0
3,0,2,0,41,372,117,0,0
5,2,0,0,35,1555,26,0,0
2,0,1,0,37,2971,361,11,0
1,0,1,0,48,425,357,0,0
8,2,1,0,43,1854,131,1,0
7,0,1,0,37,1549,161,0,0
5,0,-1,0,25,349,1037,0,0
0,1,0,0,31,515,296,0,0
0,1,0,0,27,1137,26,0,0
7,1,1,0,33,4,136,2,0
3,0,2,0,32,388,171,0,0
3,0,1,0,36,537,160,0,0
0,1,1,1,32,-515,19,0,0
6,0,1,0,49,2058,82,0,0
3,0,1,0,32,2502,604,0,0
8,2,0,0,34,75,31,0,1
1,0,1,0,57,0,109,0,0
5,0,1,0,37,96,155,2,0
1,0,1,0,43,246,113,0,0
5,2,-1,0,54,0,191,0,0
3,0,2,0,36,403,920,0,0
1,0,1,0,35,518,616,0,0
6,1,1,0,32,808,322,0,0
3,0,1,1,46,1120,786,0,0
3,0,1,0,40,-365,44,0,0
0,2,0,0,47,428,116,1,0
6,0,0,0,29,6,143,0,0
0,0,0,0,32,1402,52,2,0
0,1,0,0,37,688,95,5,0
0,0,0,0,43,1264,102,0,0
3,0,2,0,47,185,116,0,0
5,1,1,0,41,219,119,1,0
1,2,1,0,42,1858,61,0,0
3,0,1,1,51,33,721,0,0
6,0,1,1,31,1167,279,0,0
1,0,1,0,51,614,85,0,0
5,2,-1,0,40,64,873,1,0
3,0,1,0,35,2074,183,0,0
7,1,1,0,50,0,590,0,0
3,0,2,0,39,4608,36,0,0
5,0,1,0,41,1535,261,1,0
3,1,1,0,32,2142,406,0,0
8,1,0,0,31,133,480,0,0
5,2,1,0,31,93,417,0,0
0,2,0,0,39,133,136,0,0
0,0,1,0,38,844,12,0,0
3,0,-1,1,41,0,210,0,0
4,0,1,0,43,860,132,0,0
2,1,1,0,34,318,40,2,0
0,1,0,0,45,2067,393,1,0
1,1,1,0,27,598,309,0,0
6,0,1,0,38,507,95,0,0
0,0,2,0,49,363,160,0,0
0,2,-1,0,43,7702,460,2,0
3,0,1,0,37,426,300,0,0
3,0,1,0,32,-1,653,0,1
1,1,1,0,30,157,74,0,0
6,0,1,1,30,4867,8,3,0
1,1,0,0,33,213,152,0,0
7,1,1,0,50,766,253,4,0
2,0,2,0,31,-98,9,7,0
0,1,0,0,26,3704,238,0,0
3,0,1,1,50,74,146,0,0
3,0,2,0,47,328,58,0,0
8,0,0,0,53,240,106,0,0
3,1,2,1,29,365,245,0,0
0,1,0,0,32,131,112,1,0
3,2,1,0,36,2843,186,0,0
4,0,2,0,57,75,118,0,0
1,0,1,0,28,1086,1112,0,0
3,1,1,0,27,1311,805,0,0
4,0,1,0,56,397,252,0,0
3,0,2,0,47,85,454,0,0
6,0,1,1,29,0,204,0,0
1,1,1,0,27,643,301,1,0
0,1,2,0,26,71,390,0,0
1,1,0,0,30,4321,257,0,0
6,0,1,0,57,4,84,0,0
1,1,1,0,37,2442,91,0,0
0,0,0,0,35,131,248,0,0
1,1,1,0,41,214,228,0,0
8,0,0,0,39,201,699,1,0
8,1,1,0,35,9,84,2,0
7,2,1,0,44,583,423,0,0
0,0,0,0,34,1790,681,0,0
5,0,1,0,49,82,310,0,0
3,1,1,0,38,2580,1691,3,0
8,0,1,0,50,3674,886,0,0
0,1,0,0,32,1781,321,0,0
5,1,1,1,31,140,111,0,0
7,2,1,0,42,484,321,3,0
0,0,0,0,58,256,422,3,0
0,0,0,0,44,4460,168,0,0
0,0,0,0,51,469,200,2,0
6,0,1,1,32,24,185,0,0
1,0,1,0,49,4667,130,0,0
5,0,1,0,45,362,536,0,0
1,0,-1,1,51,573,231,0,0
3,0,1,0,50,26,245,2,0
0,0,0,0,54,37176,206,0,0
1,2,0,0,31,0,581,0,0
0,0,0,0,34,676,156,1,0
1,1,1,0,36,159,251,0,0
0,0,0,0,28,1240,849,0,0
0,0,0,0,37,0,179,0,0
3,0,1,0,46,922,296,0,0
0,0,1,1,43,3196,159,0,0
5,0,1,0,43,-204,163,0,1
5,0,1,0,30,2931,199,0,0
0,1,0,1,34,2576,236,0,0
6,0,1,0,25,4522,177,0,0
5,1,0,0,40,27,467,0,0
0,0,0,0,40,1468,63,0,0
8,1,1,0,40,1744,465,0,0
1,2,1,0,51,-471,169,0,0
3,0,1,1,50,907,68,0,0
6,0,1,0,57,162,174,0,0
0,0,0,0,39,500,257,2,0
1,1,0,1,29,262,510,0,0
2,0,2,0,45,1953,95,0,0
10,1,1,0,21,681,6,0,0
0,0,0,1,59,138,162,5,0
3,0,1,0,44,85,116,0,0
0,2,0,0,34,471,247,4,0
1,0,1,0,38,201,43,0,0
3,0,2,1,32,-94,308,0,0
3,0,2,0,50,19,103,0,0
0,1,0,0,28,866,191,0,0
0,0,0,0,32,3696,315,0,0
3,2,1,1,34,368,2201,0,0
0,0,0,0,50,2488,91,0,0
0,0,2,0,36,22856,1098,0,0
5,0,0,0,35,1145,82,0,0
1,0,0,0,36,63,12,0,1
4,0,-1,0,58,9004,891,0,0
1,0,1,0,47,3478,13,0,0
9,0,2,0,37,655,160,0,0
0,1,0,0,31,2085,147,0,0
0,1,0,0,32,710,683,0,0
0,0,0,1,32,134,162,0,0
5,2,1,0,49,169,447,0,0
4,0,1,1,59,1035,223,0,0
5,1,1,1,48,303,142,4,0
1,1,0,0,33,127,583,17,0
5,2,1,0,49,333,36,0,0
3,0,2,0,33,2456,552,1,0
3,0,1,0,59,969,270,0,0
0,0,0,0,36,0,645,0,0
5,0,1,0,58,3496,111,0,0
4,0,2,0,57,-171,397,0,0
6,0,1,0,33,5034,207,0,0
3,0,1,0,31,1533,29,0,0
6,0,1,0,35,341,345,0,0
10,0,0,0,28,803,324,0,0
1,1,1,0,39,1963,100,0,0
6,0,1,1,28,20,252,0,0
6,0,1,0,38,503,13,0,0
5,1,1,0,29,915,103,0,0
0,0,0,0,35,1212,235,1,0
0,0,0,0,33,373,384,0,0
0,1,0,0,33,1962,363,1,0
3,0,1,0,40,2158,277,0,0
1,0,1,0,31,-576,93,0,0
2,1,1,1,38,473,133,0,0
1,1,0,0,37,0,1135,0,0
1,0,0,0,32,43,154,0,0
1,2,1,0,39,8,1028,0,0
6,0,1,0,29,19,327,0,0
1,0,1,0,58,1476,286,0,0
3,1,1,0,29,43,142,1,0
6,2,1,0,52,6,156,0,0
6,0,1,0,45,-1036,65,0,0
6,1,1,0,37,259,130,0,0
3,1,1,0,24,77,236,0,0
0,1,0,0,42,-56,126,0,0
0,0,0,0,44,0,123,0,1
3,1,1,0,25,217,504,0,0
3,0,1,0,35,0,1056,0,0
0,1,0,0,37,1743,192,2,0
10,1,1,0,22,1925,84,1,0
3,0,2,0,57,679,78,0,0
10,1,0,0,31,4951,285,3,0
7,1,0,0,41,10346,352,3,0
0,1,0,0,36,181,159,4,0
3,0,2,0,34,277,76,0,0
1,0,1,0,35,1546,148,0,0
0,0,0,0,41,27696,108,0,0
5,0,1,0,46,4958,64,5,0
6,0,1,0,44,-22,37,0,0
0,1,0,0,31,96,63,0,0
0,0,1,1,53,-264,150,0,0
1,0,2,0,49,1878,267,0,0
6,0,1,0,25,-97,143,0,0
9,1,1,0,22,1796,369,0,0
3,2,1,0,34,336,313,0,0
1,1,1,0,30,167,9,0,0
3,1,2,0,30,105,131,1,0
5,0,1,1,42,71,165,0,0
3,0,1,1,59,-162,122,0,0
1,1,0,0,31,1166,207,0,0
3,0,1,0,42,54,268,0,0
0,0,1,0,58,1112,21,0,0
-1,1,2,0,42,2398,144,2,0
0,0,0,0,43,28,136,1,0
1,0,0,0,33,503,91,0,0
6,1,-1,0,37,-118,147,0,0
1,0,1,0,49,-215,155,0,0
6,0,1,1,34,88,82,0,0
3,0,-1,0,47,1506,92,0,0
7,0,1,0,43,5317,244,0,0
3,0,1,0,50,0,144,0,0
3,0,2,0,41,0,22,0,0
1,1,1,0,44,196,386,0,0
6,1,1,1,29,37,309,0,0
4,2,2,0,45,261,123,0,0
3,0,1,0,55,1328,100,0,0
1,1,1,0,35,2144,146,2,0
0,0,0,0,33,331,94,0,0
5,1,1,0,36,20,186,0,0
10,1,0,0,27,1390,152,0,0
0,0,0,0,44,-11,317,0,1
7,1,0,0,33,1129,84,0,0
5,0,1,0,34,1406,63,1,0
1,0,1,1,41,-215,277,0,0
0,0,0,0,34,11,654,0,0
3,0,2,0,32,697,700,0,0
3,0,1,0,36,2095,122,0,0
5,0,1,0,42,437,120,1,0
5,1,1,0,24,1019,99,0,0
3,0,2,0,42,142,11,0,0
3,0,2,0,33,2000,25,0,0
3,2,-1,0,43,1,188,0,1
0,0,0,0,46,222,92,0,0
10,1,-1,0,22,1215,145,1,0
3,0,-1,0,44,15578,401,0,0
1,0,1,0,31,367,79,0,0
1,0,2,0,51,1550,12,0,0
6,1,1,0,27,0,388,0,0
0,2,0,0,44,-411,432,0,1
3,1,1,0,29,180,350,0,0
0,1,0,0,36,1013,111,0,0
6,2,2,0,57,2225,8,0,0
1,0,1,1,34,0,60,0,0
5,1,0,0,27,662,47,0,0
0,0,0,0,56,2551,150,0,0
0,0,0,0,28,1480,143,0,0
3,1,1,0,23,668,857,0,0
2,0,1,0,49,687,772,0,0
3,1,2,0,48,3688,422,0,0
0,0,0,0,38,0,246,6,0
0,0,0,0,46,0,83,0,0
3,0,1,0,50,0,192,0,0
5,0,1,0,23,299,104,0,0
7,0,1,0,33,711,90,0,0
5,1,1,1,46,-976,111,0,0
0,1,0,0,32,252,216,0,0
0,0,0,0,56,247,44,0,0
5,0,1,0,40,220,69,0,0
0,1,0,0,31,0,191,0,0
1,0,1,0,29,7836,155,0,0
6,1,1,0,32,80,475,0,0
5,0,1,0,32,0,177,0,0
6,0,2,0,39,324,182,0,0
4,0,1,0,59,599,31,0,0
0,0,0,0,38,1021,87,0,0
0,0,2,1,54,0,95,0,1
6,1,1,0,42,2628,146,0,0
7,0,1,0,33,47,168,0,0
0,0,0,0,40,710,266,2,0
0,0,0,0,29,1606,17,0,0
0,1,0,0,32,769,695,0,0
3,1,1,0,27,317,16,0,0
1,1,0,0,31,1625,158,0,0
1,0,1,0,31,310,334,2,0
1,0,1,0,47,459,226,0,0
8,0,1,0,41,277,152,2,0
0,0,0,0,31,1812,138,2,0
5,1,1,0,31,620,166,0,0
4,0,2,0,73,1388,254,6,0
5,0,0,0,36,0,106,2,0
1,0,1,0,47,0,74,0,0
5,1,1,0,41,4464,1425,0,0
0,0,0,0,41,1773,106,0,0
3,2,2,0,47,223,140,0,0
3,1,1,0,30,130,291,0,0
5,0,1,0,42,1535,121,2,0
5,1,1,0,26,-326,128,0,0
3,0,2,0,44,300,297,0,0
0,1,0,0,43,379,74,0,0
1,2,0,0,55,0,134,1,0
0,0,0,0,34,1184,415,0,0
5,1,1,0,53,233,101,0,0
6,1,1,1,29,-32,510,0,0
4,0,1,0,52,1052,35,0,0
9,0,2,0,64,67,153,0,0
6,1,1,0,53,4778,83,0,0
1,0,1,0,54,1349,697,0,0
3,0,2,1,49,4,161,0,0
0,0,1,1,32,134,532,0,0
0,0,0,0,57,1410,185,0,0
3,0,1,0,44,776,306,0,0
1,1,1,0,32,43,159,0,0
3,0,1,0,31,2577,611,0,0
0,0,0,0,53,490,103,0,0
5,1,2,0,50,181,119,3,0
3,0,2,0,32,651,628,2,0
3,1,1,1,25,76,50,0,0
2,0,1,0,47,136,132,0,0
5,0,0,0,34,798,284,0,0
1,1,0,0,35,296,91,0,0
1,1,0,1,28,372,201,2,0
5,1,-1,0,42,22,246,0,0
0,0,0,0,37,6771,337,1,0
0,0,0,1,40,105,166,0,0
0,0,0,0,38,223,63,0,0
6,1,1,1,29,9,202,0,0
0,0,0,0,48,1204,116,1,0
4,0,2,1,56,152,65,0,0
0,0,0,0,50,1597,374,0,0
3,0,1,0,32,23,77,0,0
4,0,2,0,71,2988,130,0,0
1,0,0,0,37,8730,149,0,0
1,1,1,0,32,0,61,0,0
3,0,2,0,31,591,287,0,0
2,0,1,1,31,162,0,0,0
3,0,2,0,35,46,338,0,0
6,1,1,0,25,628,266,0,0
3,0,1,0,55,1765,445,1,0
3,0,2,0,33,934,244,0,0
3,0,2,0,51,864,321,0,0
5,0,0,0,34,10,90,1,0
0,0,1,1,50,1457,167,0,0
0,1,1,0,42,2535,339,0,0
3,0,1,0,41,1539,139,3,0
3,1,1,0,29,-125,198,0,0
5,0,-1,0,48,0,85,2,0
8,0,1,0,35,2228,461,0,0
4,0,2,0,59,0,66,0,0
8,0,0,0,30,4696,172,0,0
0,1,0,0,39,1682,147,1,0
0,0,0,1,59,2365,36,4,0
0,0,0,0,35,32,180,0,1
2,0,1,1,50,1857,26,0,0
1,0,1,0,27,2735,205,0,0
5,2,1,0,39,765,155,0,0
6,0,1,0,32,-684,298,0,1
0,1,0,0,31,448,135,0,0
1,0,1,0,43,536,77,0,0
-1,0,2,0,36,0,238,0,0
3,0,2,1,35,-312,38,0,0
3,1,1,0,34,152,112,0,0
3,0,2,0,43,2273,424,3,0
5,1,1,0,25,122,481,0,0
3,0,1,1,35,-185,130,0,0
9,0,1,1,41,0,368,0,0
1,0,0,1,36,911,275,0,0
1,0,1,0,46,1590,59,0,0
8,0,1,0,40,270,255,1,0
0,0,1,1,50,125,8,0,0
6,2,1,0,44,-574,172,0,0
8,0,1,0,35,330,645,0,0
0,1,0,0,30,685,299,0,0
1,0,0,0,32,0,149,0,0
7,0,1,0,38,1029,206,1,0
0,1,0,0,36,339,6,0,0
3,1,2,0,45,116,122,0,0
0,0,1,0,34,724,305,0,0
1,0,1,0,58,86,95,0,0
8,2,1,0,33,0,91,0,0
1,0,0,0,33,56,75,0,1
3,0,2,0,50,1617,55,0,0
1,1,1,0,33,513,53,0,0
0,0,0,0,48,2218,43,0,0
0,0,0,0,36,217,103,0,0
5,1,1,1,31,98,159,0,0
2,0,2,1,46,829,81,0,0
10,0,1,0,32,833,227,3,0
4,0,1,0,59,434,63,0,0
1,0,1,0,42,0,81,0,0
0,1,1,0,35,5260,211,0,0
5,0,1,1,29,6429,535,2,0
7,0,0,0,26,174,222,0,0
5,0,2,0,29,624,246,0,0
3,0,1,0,39,138,61,0,0
5,0,1,1,41,-18,83,0,0
6,0,2,0,48,337,770,0,0
8,1,2,0,27,223,103,0,0
4,0,2,0,68,7945,210,0,0
4,0,-1,0,78,4807,892,4,0
1,0,1,0,41,1032,64,0,0
0,0,0,0,43,5670,184,0,0
0,0,0,0,61,2931,125,0,0
1,1,1,0,37,7867,36,0,0
5,2,0,0,41,861,108,0,0
0,1,0,0,31,78,369,0,0
5,0,1,0,49,1120,226,0,0
2,0,0,0,40,2644,110,1,0
3,1,1,0,29,309,471,0,0
1,1,0,0,28,0,217,0,0
6,0,1,0,45,0,153,0,0
5,1,1,0,25,285,658,0,0
8,0,0,0,33,123,207,0,0
5,1,1,0,24,1295,476,0,0
8,0,1,1,34,438,272,1,0
3,2,1,1,48,271,23,0,0
5,0,1,0,50,5361,276,1,0
0,0,0,0,35,753,111,0,0
6,0,1,0,52,774,159,0,0
1,0,1,0,41,1539,100,0,0
2,0,1,1,36,1412,226,0,0
6,2,1,1,35,-121,73,0,0
9,0,2,0,58,422,183,0,0
3,0,1,1,31,1570,133,1,0
0,0,2,0,53,3544,195,0,0
5,1,1,0,27,3638,271,0,0
1,0,1,0,34,294,265,3,0
5,0,1,0,40,-253,177,0,0
0,2,0,0,55,2037,209,1,0
5,2,1,0,34,145,183,0,0
3,0,1,0,39,11854,15,0,0
3,0,1,0,30,90,232,0,0
1,0,0,0,39,4373,78,0,0
6,0,1,0,36,0,94,0,0
1,2,1,0,45,245,76,0,0
3,0,1,0,49,59,154,0,0
5,0,1,0,40,457,9,0,0
0,1,0,0,36,811,229,0,0
6,0,1,1,44,850,220,0,0
1,2,0,0,59,3331,43,0,0
3,0,1,0,47,4840,53,0,0
3,0,1,0,54,153,7,0,0
7,0,0,0,32,1676,223,0,0
1,2,1,0,45,167,97,0,0
1,2,2,0,36,-127,320,0,0
8,1,1,0,29,323,151,0,0
0,0,0,0,37,142,553,0,0
1,1,0,0,39,1522,15,0,0
1,0,1,0,47,2246,330,0,0
9,0,1,0,47,-1531,156,0,1
3,0,-1,0,27,-442,85,0,0
6,0,1,0,40,438,276,0,0
1,2,1,0,54,1114,81,0,0
9,2,1,0,45,31,280,0,0
0,0,1,1,47,0,644,0,1
3,0,2,1,49,474,152,1,0
8,0,1,0,62,780,162,0,0
10,1,1,0,30,7387,93,0,0
3,0,-1,0,34,-17,319,0,0
3,0,2,0,45,1163,230,0,0
2,0,1,0,29,422,69,2,0
0,1,1,0,49,61,185,1,0
5,2,1,0,59,975,263,0,0
3,0,1,0,44,144,247,0,0
0,1,0,0,26,1643,243,0,0
0,0,0,0,36,222,317,2,0
1,1,1,0,36,4136,812,0,0
3,0,2,0,41,-75,115,0,0
1,2,1,0,40,0,674,0,0
7,2,1,1,39,-103,210,0,1
1,0,2,0,41,141,299,0,0
3,0,1,0,35,911,136,7,0
1,1,1,1,24,-103,145,0,0
8,0,0,0,59,6,275,0,0
0,1,0,0,26,1592,604,5,0
5,0,0,0,60,1614,921,0,0
1,2,1,0,50,1303,274,0,0
1,1,0,0,41,159,164,0,0
1,0,0,0,29,858,234,1,0
5,0,1,1,47,0,86,2,0
3,0,2,0,25,-83,211,0,0
1,1,1,0,38,1255,120,4,0
0,0,0,0,36,393,555,0,0
5,1,1,1,30,523,83,0,0
10,1,1,0,29,181,180,0,0
8,1,0,1,24,-164,117,0,1
0,0,0,1,39,-1586,89,0,1
3,1,1,0,32,138,215,0,0
2,0,0,0,53,77,13,0,0
3,1,-1,0,40,4370,232,0,0
1,0,1,0,33,1026,326,3,0
1,0,0,0,48,348,159,0,0
7,0,2,0,55,325,439,0,0
10,1,-1,0,34,1011,253,0,0
1,0,1,1,26,-293,64,0,0
1,0,0,0,32,60,153,0,0
1,1,0,0,32,392,957,2,0
0,0,2,0,42,860,90,0,0
1,0,-1,0,46,557,148,4,0
7,0,1,0,46,0,137,0,0
0,0,0,0,39,1362,447,0,0
6,0,1,1,38,-301,182,0,0
3,0,1,0,44,406,222,0,0
4,0,2,0,56,1126,39,0,0
0,0,0,0,34,28,504,0,0
3,0,2,0,47,48,170,0,0
2,0,0,0,37,986,970,0,0
8,1,0,0,30,302,528,0,0
3,0,1,0,24,237,200,0,0
0,1,0,0,28,6784,502,3,0
5,0,1,0,47,707,152,0,0
3,0,-1,0,59,337,100,0,0
5,1,1,0,29,-53,108,0,0
4,0,1,0,55,2312,60,0,0
2,0,-1,1,60,-284,67,0,1
7,0,1,1,50,3025,168,0,0
6,1,1,0,27,3977,108,0,0
1,0,0,0,40,4396,1195,0,0
6,1,2,1,35,167,614,0,0
4,0,2,0,58,3401,84,2,0
0,2,0,1,36,8119,118,0,0
5,0,1,0,33,-6,566,0,0
1,0,2,1,56,314,75,0,0
3,0,1,0,29,162,126,0,0
7,2,1,0,33,969,166,0,0
8,1,0,0,37,1291,150,2,0
0,0,0,0,50,101,348,0,0
0,1,0,0,35,714,135,0,0
9,0,2,0,57,473,87,0,0
5,0,1,0,42,874,176,2,0
8,1,2,0,48,63,29,0,0
1,1,0,0,28,875,55,0,0
1,0,0,0,33,236,203,0,0
4,0,0,0,55,2996,49,0,0
3,0,2,0,36,-453,130,0,0
6,1,1,0,31,516,271,0,0
10,1,-1,0,37,444,1063,0,0
6,0,1,0,33,0,163,0,0
10,1,1,0,30,685,230,0,0
0,0,0,0,46,445,292,0,0
6,0,2,1,56,966,68,0,0
5,1,0,0,30,311,158,0,0
0,1,0,0,32,3050,298,0,0
4,0,2,0,58,358,396,0,0
1,0,1,0,33,133,218,0,0
1,0,1,0,30,817,208,4,0
5,0,1,0,41,-111,84,0,0
3,0,1,1,45,530,705,0,0
3,0,1,1,36,1392,231,0,0
6,0,1,0,38,968,272,0,0
3,0,1,0,43,10910,66,0,0
6,0,1,1,40,1674,144,2,0
1,0,0,0,47,213,154,0,0
3,0,2,0,42,398,251,0,1
7,0,1,0,54,534,165,4,0
10,1,2,0,19,134,271,0,0
3,0,2,0,38,4406,689,0,0
1,0,1,1,43,2041,162,0,0
3,0,2,1,31,240,254,0,0
6,2,2,0,37,0,77,0,0
0,2,0,0,34,1,106,3,0
0,1,0,1,35,292,220,0,0
5,0,1,0,42,947,158,0,0
5,0,1,0,43,2271,524,0,0
0,1,0,0,27,831,369,0,0
4,0,0,0,57,-5,42,0,0
1,0,1,0,51,4924,448,0,0
6,0,0,0,35,1359,585,0,0
3,0,1,0,39,1102,124,3,0
6,0,1,0,48,7434,986,0,0
0,0,0,0,53,-388,111,1,0
7,1,0,0,24,931,200,0,0
9,0,2,1,60,352,81,0,0
5,1,0,0,32,4041,325,2,0
3,1,1,0,30,148,206,0,0
10,1,0,0,33,4,203,0,0
1,0,1,0,53,237,18,0,0
3,0,1,0,35,1257,93,7,0
8,0,1,0,43,948,199,0,0
0,0,1,1,41,0,630,0,0
3,0,1,1,33,-266,16,0,1
1,2,1,0,27,1977,449,0,0
0,0,1,0,40,99,15,0,0
3,0,1,0,32,678,147,0,0
5,2,1,1,49,168,513,0,0
5,0,1,1,45,0,533,0,0
10,0,0,0,25,10,857,0,0
0,0,0,0,35,0,98,0,0
5,0,1,0,27,512,259,0,0
6,2,1,0,35,-225,183,0,0
1,2,1,0,40,237,87,0,0
0,0,0,1,57,2770,158,0,0
5,0,1,0,45,335,89,0,0
6,1,1,0,31,125,360,0,0
3,2,2,0,56,12,226,0,0
7,0,0,1,33,416,290,0,0
4,0,2,0,79,3025,184,6,0
3,1,1,0,37,111,60,2,0
3,0,1,1,27,102,159,0,0
0,2,0,0,26,667,177,0,0
1,0,1,1,49,0,120,0,0
0,0,0,0,47,434,111,0,0
2,0,0,0,37,555,104,0,0
3,0,2,0,40,887,54,0,0
1,0,1,1,35,-180,823,0,0
1,0,1,0,32,303,150,4,0
0,0,1,0,36,2637,219,0,0
5,1,0,0,36,994,211,6,0
7,0,1,0,54,641,399,0,0
4,2,2,0,71,1729,456,0,0
-1,0,-1,0,45,4413,77,0,0
3,1,2,0,38,-100,189,0,0
6,0,1,0,32,3839,100,1,0
0,0,0,0,49,92,221,0,0
3,0,1,1,41,-651,374,0,1
0,0,0,0,26,265,650,0,0
0,2,0,1,54,-125,107,0,0
1,1,0,0,35,670,301,0,0
5,0,1,0,50,219,419,0,0
6,0,1,0,39,93,72,0,0
3,1,2,0,34,4260,375,0,0
3,0,2,0,44,0,83,0,0
1,0,0,0,44,1933,462,0,0
0,2,0,0,35,2287,130,0,0
4,0,2,0,66,1943,401,0,0
4,0,1,1,59,2703,249,0,0
3,0,1,0,36,771,213,0,0
8,1,-1,0,36,4481,99,0,0
3,0,1,0,44,669,15,0,0
1,1,0,0,31,-1,117,0,0
6,0,1,1,36,24,100,0,0
0,1,0,0,26,-8,402,0,0
6,0,1,0,49,3554,39,0,0
3,0,1,0,30,-18,157,0,1
0,1,0,1,31,-24,589,0,0
5,0,2,0,47,68,754,0,0
9,0,2,0,59,352,132,0,0
3,0,2,0,33,80,126,0,0
0,0,0,0,34,2037,324,0,0
3,0,2,0,46,296,92,0,0
1,0,0,1,56,3082,444,0,0
3,0,2,1,45,789,79,0,0
4,0,1,0,70,2064,334,0,0
5,1,2,0,48,1078,75,0,0
3,0,1,0,38,49,408,0,0
5,0,1,1,29,287,249,0,0
9,0,2,0,60,15,244,0,0
10,1,1,0,21,123,379,2,0
0,1,0,0,31,30,161,0,0
10,1,1,0,22,364,282,0,0
6,0,0,0,60,4256,239,1,0
1,0,0,0,71,383,388,0,0
3,0,-1,0,41,1057,247,0,0
5,1,1,0,34,2677,259,0,0
0,1,0,0,36,1400,608,0,0
1,0,1,1,39,0,103,0,0
6,0,1,0,33,5499,231,0,0
5,1,1,0,26,0,157,0,1
5,0,2,0,58,879,242,0,0
0,1,0,0,27,2489,323,2,0
0,0,0,0,37,2283,243,2,0
0,1,2,1,39,0,62,0,0
0,0,0,0,33,-139,290,0,0
3,0,2,1,56,175,188,0,0
3,2,1,0,40,178,188,0,0
5,0,1,0,38,4874,1291,0,0
1,0,1,0,41,65,157,0,0
3,0,1,0,53,0,407,0,0
6,0,2,0,32,-109,77,0,0
3,1,1,0,31,33,214,0,0
1,1,0,0,35,5251,176,0,0
0,0,0,0,52,271,99,0,0
9,0,2,0,57,7082,69,0,0
0,0,0,0,43,-334,291,0,0
5,1,1,0,50,424,72,0,0
3,0,1,0,27,0,296,0,0
5,0,1,0,38,1,63,0,0
3,1,2,0,49,2623,291,0,0
3,0,-1,0,51,0,61,0,0
0,0,0,0,42,3841,720,0,0
9,0,2,0,43,1491,105,0,0
5,1,0,0,27,832,336,0,0
8,1,0,0,33,157,897,0,0
0,0,1,0,37,510,154,0,0
9,2,2,0,57,3063,21,0,0
5,1,1,1,50,167,346,3,0
0,1,0,1,31,59,1347,1,0
3,0,1,0,33,19,56,1,0
4,2,2,0,40,919,103,0,0
0,0,1,0,48,3260,111,0,0
3,1,1,0,35,41,14,0,0
6,1,1,0,22,129,258,0,0
1,0,1,0,25,-276,105,0,0
0,0,1,0,31,625,424,1,0
0,1,0,0,31,29,179,0,0
10,1,0,0,23,341,89,0,0
5,0,2,1,34,0,1020,0,0
5,0,1,0,49,0,551,0,0
3,0,1,0,37,4321,276,3,0
3,0,-1,0,38,113,25,0,0
6,2,1,1,51,-245,612,0,0
10,1,1,0,23,165,148,0,0
4,0,2,0,73,1388,146,3,0
3,1,1,0,26,535,125,0,0
0,0,0,0,40,8902,464,0,0
0,0,1,0,42,6526,133,3,0
1,2,0,0,56,1593,434,0,0
3,0,2,0,27,237,283,0,0
5,2,1,0,31,253,289,0,0
1,0,1,0,42,1355,113,0,0
3,0,2,1,53,-211,195,2,0
1,0,0,0,40,162,256,0,0
0,2,0,0,38,349,151,0,0
10,1,1,0,26,8015,109,0,0
3,0,2,0,44,3407,179,0,0
7,0,0,0,40,1126,22,0,0
3,0,1,0,62,180,389,0,0
8,0,1,0,59,729,99,0,0
0,0,2,0,53,995,200,0,0
4,0,1,1,51,-14,564,0,0
3,2,1,1,58,543,264,0,0
5,2,1,0,43,540,74,0,0
3,0,1,0,47,265,144,1,0
10,1,1,0,28,330,197,0,0
10,1,-1,0,46,1527,358,1,0
5,1,1,0,43,277,315,1,0
1,1,1,0,33,422,289,0,0
8,0,0,0,36,73,172,0,0
8,0,1,0,45,2040,803,0,0
3,0,2,0,29,25,188,0,0
1,0,-1,0,49,15,92,0,0
0,2,0,0,39,1315,885,0,0
1,2,1,1,49,-96,252,0,0
6,0,1,0,30,10667,140,0,0
4,2,0,0,57,5253,235,0,0
0,1,0,0,31,1441,156,0,0
6,0,1,0,33,450,121,0,0
1,1,-1,0,46,578,404,0,0
3,0,1,0,47,387,122,0,0
6,0,1,0,41,510,231,0,0
5,0,1,0,43,59,60,0,0
0,1,0,1,27,648,174,0,0
4,0,0,0,60,1766,344,0,0
6,1,1,1,37,148,64,0,0
6,0,2,0,46,860,80,0,0
4,0,-1,0,58,96,616,0,0
0,0,0,0,45,740,158,0,0
10,1,2,0,21,1596,101,0,0
3,0,2,0,31,-365,36,0,0
3,2,2,0,48,-110,942,0,0
1,0,1,0,44,251,14,0,0
4,0,2,0,57,1238,274,0,0
0,0,0,0,51,8304,105,0,0
7,0,0,0,48,3118,371,0,0
6,2,1,1,34,0,203,0,0
4,2,1,0,59,93,193,0,0
1,1,1,0,39,-168,7,0,0
0,0,0,0,54,-547,156,0,0
1,0,1,1,60,851,112,0,0
10,1,1,0,24,372,143,0,0
1,0,1,0,38,-735,134,0,0
4,0,2,0,72,0,215,0,0
3,1,2,0,35,1284,13,0,0
0,0,0,0,43,248,229,0,0
6,1,1,0,34,1921,61,0,0
8,0,1,0,59,0,74,0,0
1,0,2,0,57,1276,103,0,0
5,0,0,0,38,1988,103,4,0
5,0,1,0,42,1455,364,0,0
0,0,0,0,50,107,1002,0,0
0,0,2,0,41,243,199,0,0
1,2,1,0,53,453,148,0,0
4,0,1,0,60,2077,163,0,0
6,0,1,0,48,328,189,0,0
4,2,1,0,94,1234,212,0,0
5,1,1,0,30,914,524,1,0
3,0,1,1,45,156,47,0,0
5,2,1,0,29,-254,406,0,0
3,1,1,1,23,1690,163,0,0
0,0,0,0,38,661,366,0,0
3,2,1,0,45,756,179,0,0
4,0,1,0,63,1495,138,5,0
3,2,1,0,44,3258,58,0,0
6,0,1,1,54,4353,197,0,0
5,1,1,1,41,812,583,0,0
3,0,1,0,37,117,52,0,0
3,1,1,0,32,8,265,0,0
5,0,1,0,52,4233,158,0,0
0,1,0,0,55,1464,92,0,0
3,1,0,0,31,2197,146,0,0
3,0,1,0,38,468,101,0,0
5,2,1,0,41,303,182,0,0
1,2,0,0,60,1900,77,0,0
7,0,1,0,32,413,712,0,0
3,1,1,1,32,1143,132,1,0
7,2,0,0,46,21,566,0,0
7,0,1,0,42,2812,46,1,0
9,0,1,0,43,2220,177,0,0
2,1,1,1,40,5,117,0,0
0,1,0,0,29,600,170,0,0
3,2,2,0,56,596,123,0,0
1,1,1,0,36,-487,1080,0,1
5,1,1,1,45,205,329,0,0
6,0,1,0,34,87,33,0,0
5,0,1,0,39,1595,102,0,0
4,0,2,0,72,4657,305,5,0
1,1,0,0,53,757,122,0,0
3,0,1,1,46,15,46,3,0
3,1,1,0,25,674,736,0,0
0,1,0,0,28,191,238,0,0
4,2,2,0,75,1926,761,5,0
0,0,-1,0,30,385,56,2,0
3,0,1,1,32,0,117,0,0
0,1,0,1,38,8953,301,0,0
2,2,2,0,45,888,63,0,0
1,0,0,1,30,1338,81,0,0
3,0,2,0,33,754,811,0,0
6,0,1,0,36,3064,1143,0,0
5,0,2,0,57,1119,176,0,0
0,0,2,1,59,2269,158,0,0
6,0,0,0,49,306,285,0,0
6,1,1,0,37,342,127,1,0
3,0,2,1,55,-79,293,0,0
6,0,1,1,52,381,288,0,0
3,0,2,0,49,217,537,4,0
1,0,1,0,40,0,147,0,1
3,1,1,0,37,13156,240,0,0
1,0,1,0,37,1762,334,0,0
5,0,1,0,40,0,496,11,0
4,0,1,0,65,2,450,0,0
5,0,1,1,49,13229,77,0,0
9,0,2,0,37,0,17,0,0
7,1,0,0,31,1536,388,0,0
1,1,1,0,40,282,70,0,0
1,0,1,0,35,198,282,0,0
1,0,1,0,47,1167,505,6,0
0,2,0,0,44,213,65,0,0
0,1,0,0,33,1423,633,2,0
5,0,1,1,57,407,166,0,0
6,1,1,0,33,358,302,3,0
3,0,1,0,30,-2,136,0,0
3,0,1,0,29,15,136,0,0
3,0,1,0,38,0,266,0,0
3,0,1,0,43,-210,523,0,0
4,0,1,1,53,-686,255,0,0
1,1,0,0,30,196,210,0,0
3,0,2,0,40,5560,93,0,0
0,2,0,0,44,-26,92,0,1
6,0,1,0,53,24,209,0,0
3,0,1,0,32,-32,145,0,0
1,0,1,0,37,0,1288,0,0
3,0,2,0,46,252,570,0,0
3,0,1,0,45,96,348,2,0
5,2,1,0,53,2687,373,0,0
4,0,-1,0,69,426,395,0,0
6,0,1,0,32,180,45,0,0
3,2,1,0,32,3,114,0,0
5,0,0,0,37,1995,48,0,0
0,1,0,0,36,124,308,0,0
0,1,0,1,37,159,377,0,0
0,1,0,0,40,80,182,0,0
6,0,1,0,58,688,152,0,0
0,0,-1,0,47,1046,83,0,0
3,0,2,0,45,1945,63,0,0
3,0,1,0,39,360,325,2,0
0,0,0,0,46,385,52,0,0
3,2,1,0,24,513,61,0,0
1,1,0,0,33,3827,359,0,0
1,1,1,0,28,280,142,0,0
3,0,2,1,47,0,107,0,0
3,0,1,1,33,20,259,3,0
6,0,2,0,36,92,244,0,0
3,1,2,0,31,-443,507,0,0
1,2,0,0,35,0,759,0,0
7,0,0,0,58,8014,65,0,0
4,0,1,0,53,1139,180,6,0
0,0,0,1,39,1070,71,0,0
1,0,1,0,54,369,226,0,0
1,0,1,1,34,1,53,0,0
4,0,0,0,71,3561,577,0,0
3,0,1,1,34,2595,126,2,0
3,0,1,0,48,1596,760,0,0
1,1,1,0,40,191,19,1,0
7,0,0,0,64,661,367,2,0
6,1,1,1,45,482,637,0,0
3,0,2,0,30,25,51,0,0
3,0,-1,0,51,226,17,0,0
0,1,0,0,37,0,643,0,0
4,0,1,1,56,343,77,0,0
7,0,0,0,45,125,304,0,0
2,0,0,0,53,1961,91,1,0
1,1,1,0,33,111,7,0,0
8,0,1,0,31,-825,179,0,0
3,0,1,0,32,1905,709,0,0
1,1,0,0,32,0,660,0,0
1,1,1,1,26,-454,652,0,1
3,2,1,0,53,-376,90,0,0
5,2,1,1,35,183,12,1,0
1,0,1,0,48,147,142,0,0
0,0,1,0,28,466,123,0,0
1,1,1,0,43,1195,516,0,0
3,0,2,1,43,547,96,0,0
0,0,0,0,34,0,431,0,0
1,1,1,0,34,49,393,1,0
1,1,0,1,35,2043,159,0,0
3,1,0,1,32,60,248,1,0
1,0,1,1,56,1938,229,4,0
0,0,0,0,33,17946,15,6,0
0,1,0,0,26,7628,263,0,0
6,0,1,0,52,2070,74,0,0
0,0,0,0,31,2667,73,0,0
8,0,1,0,48,817,517,4,0
0,2,0,0,41,369,9,0,0
3,0,2,0,43,757,315,0,0
8,0,1,0,58,0,84,0,0
0,0,0,0,58,1394,628,1,0
2,0,1,0,57,294,746,0,0
0,2,0,0,55,668,25,0,0
10,0,0,1,25,4923,78,14,0
3,1,2,0,35,-276,850,0,0
3,0,1,1,24,142,300,0,0
1,0,0,1,51,1911,394,0,0
0,0,0,0,52,-970,489,0,0
1,0,1,0,35,-499,488,0,0
0,0,0,0,54,384,30,0,0
3,0,2,0,51,3170,51,0,0
5,0,1,0,27,53,362,0,0
5,0,1,0,41,67,185,2,0
1,1,1,0,27,297,273,0,0
9,1,1,0,42,284,134,0,0
1,1,1,1,32,68,237,0,0
0,0,0,1,32,273,97,0,0
3,0,1,0,45,8680,503,0,0
6,1,1,0,33,189,27,0,0
1,0,1,0,37,4030,178,0,0
1,0,1,0,36,1659,126,0,0
3,1,1,0,49,725,29,4,0
0,1,1,0,48,290,257,0,0
0,1,0,0,30,57,153,0,0
3,0,2,0,57,5949,123,0,0
0,1,1,0,29,966,1185,2,0
10,1,0,0,26,10086,110,0,0
0,0,0,0,57,2681,266,0,0
6,0,1,0,34,9,655,0,0
3,0,2,1,54,736,158,0,0
0,2,0,0,56,-1968,60,0,1
0,0,0,0,29,4050,166,0,0
3,0,2,0,36,8135,522,0,0
3,1,1,0,35,68,334,6,0
1,0,1,0,49,313,115,0,0
1,0,1,1,33,1072,144,0,0
1,0,1,1,39,-1451,65,0,0
6,0,1,0,39,323,874,6,0
0,0,0,0,45,547,577,0,0
3,0,1,0,41,281,123,0,0
1,0,1,0,51,8758,92,0,0
0,1,1,0,24,653,247,0,0
4,0,1,1,60,1420,39,0,0
3,0,2,0,37,1053,194,0,0
3,0,2,0,63,115,325,7,0
3,0,2,0,52,128,229,0,0
5,2,1,0,58,447,405,0,0
9,0,2,0,49,78,139,0,0
5,0,1,0,54,222,45,0,0
6,0,2,1,53,-166,70,0,0
0,0,0,0,39,3,341,0,0
2,0,-1,0,57,20584,28,0,0
0,1,0,0,36,937,35,0,0
1,1,1,1,25,139,138,0,0
5,0,1,1,34,774,163,6,0
1,0,0,0,52,1785,349,0,0
0,0,0,1,35,2957,733,0,0
6,0,1,0,36,257,86,0,0
10,1,1,0,23,4126,96,0,0
10,1,0,0,31,64,261,0,0
4,0,2,0,85,1255,233,0,0
6,1,1,0,41,260,75,0,0
1,0,0,0,33,15169,103,0,0
5,1,1,0,38,18,296,6,0
1,1,0,0,34,925,709,0,0
6,0,1,0,55,244,171,0,0
3,0,1,0,38,2342,136,0,0
2,0,1,0,53,0,200,0,0
3,0,2,1,47,475,99,7,0
1,0,1,0,32,-300,226,0,0
5,0,0,1,32,1,143,0,0
1,0,1,0,47,2283,170,0,0
5,2,1,0,48,267,266,0,0
0,0,1,1,43,3301,278,0,0
1,0,1,1,42,69,55,0,0
5,0,1,0,44,58544,144,0,0
3,0,2,0,35,0,292,0,1
6,2,-1,0,38,6360,1409,0,0
0,0,1,0,34,56,311,1,0
5,1,1,1,36,47,36,0,0
3,1,2,0,53,354,133,2,0
3,0,1,1,51,285,27,0,0
1,1,1,0,38,9610,249,0,0
1,1,0,0,32,0,122,0,1
5,1,1,0,30,60,55,0,0
0,1,0,0,40,0,162,0,0
0,2,0,0,42,0,155,0,0
1,2,1,1,54,1904,280,0,0
1,1,1,0,37,228,1740,0,0
3,0,1,0,47,310,353,0,0
3,0,1,0,34,615,225,0,0
7,0,2,0,55,0,138,0,0
7,1,0,0,30,1259,435,0,0
0,0,0,0,36,925,321,4,0
5,2,1,0,36,592,413,0,0
2,0,2,1,54,943,194,2,0
1,0,1,1,56,205,442,0,0
5,0,1,0,33,920,111,1,0
1,2,1,1,34,2036,104,0,0
3,1,2,0,28,426,953,0,0
3,0,1,0,32,328,132,0,0
5,1,1,0,26,274,351,0,0
3,0,2,0,41,348,423,0,0
0,0,0,0,28,1109,89,5,0
2,0,2,0,46,1757,396,0,0
4,0,-1,0,67,2540,279,9,0
6,0,1,1,32,689,162,0,0
6,0,2,0,45,137,274,0,0
0,0,0,0,45,273,94,0,0
7,0,0,0,34,-236,118,0,0
1,0,1,0,54,184,81,0,0
0,0,2,0,60,703,378,0,0
9,0,1,0,37,942,79,0,0
5,1,1,0,41,400,99,0,0
4,0,1,0,73,1292,420,0,0
4,2,0,0,71,261,1117,0,0
6,2,1,0,52,2455,76,1,0
1,0,0,0,31,1496,303,0,0
6,0,1,0,33,0,128,0,0
1,0,1,0,32,901,102,0,0
5,0,1,0,32,35,324,3,0
3,0,1,0,35,612,47,0,0
3,1,1,1,26,-333,692,0,0
0,2,0,0,62,5943,196,0,0
6,0,1,0,39,695,429,0,0
3,0,2,0,31,196,248,0,0
1,2,1,0,34,3997,320,0,0
9,0,2,0,59,182,90,2,0
0,2,-1,0,56,854,121,0,0
7,0,1,0,45,1113,67,0,0
0,0,0,0,38,1680,414,0,0
2,1,0,1,33,300,922,0,0
3,1,2,0,29,1768,426,1,0
0,0,0,0,37,585,47,0,0
0,0,0,0,35,2161,139,3,0
1,1,1,0,36,12,587,0,1
5,0,2,0,56,202,178,0,0
2,0,1,1,48,104,55,0,0
4,0,0,0,75,4912,238,5,0
1,0,0,0,38,536,360,0,0
8,2,0,0,52,0,297,0,0
0,1,0,0,38,1272,101,0,0
0,0,0,0,62,7458,212,0,0
3,1,1,0,32,29,132,0,0
1,0,0,1,41,-210,210,0,0
0,0,0,0,44,7485,187,0,0
6,0,1,0,36,2153,181,0,0
3,0,2,0,47,468,381,0,0
0,0,0,0,59,202,128,0,0
3,0,-1,0,47,306,13,0,0
0,0,0,0,39,494,216,5,0
5,0,1,1,32,159,177,0,0
1,0,1,0,42,534,314,0,0
1,0,1,0,43,4056,13,2,0
0,0,0,0,46,189,111,0,0
3,0,2,1,37,508,340,0,0
3,0,2,0,36,106,171,0,0
6,1,1,0,31,3677,325,0,0
3,0,2,1,46,-388,207,0,0
0,0,0,0,39,622,181,1,0
7,0,2,0,36,2022,71,0,0
9,0,1,0,34,520,22,0,0
0,0,-1,0,25,448,151,1,0
3,1,-1,0,29,913,188,2,0
1,0,1,1,46,410,162,0,0
0,0,0,0,36,2823,411,0,0
5,2,1,0,39,536,29,0,0
0,0,0,0,33,6,1111,0,0
5,0,1,0,39,179,36,0,0
3,0,2,0,36,2730,105,1,0
6,2,1,1,35,0,95,1,0
1,1,1,0,30,0,216,0,0
0,1,0,0,28,187,263,0,0
1,1,1,0,21,64,16,0,0
5,1,1,0,35,1721,103,0,0
0,1,1,0,34,516,292,0,0
0,0,-1,0,47,0,77,0,0
0,0,0,0,27,1531,187,4,0
0,1,0,0,26,212,62,0,0
0,0,0,1,53,5261,1209,0,0
5,0,1,0,42,4209,57,0,0
0,1,0,1,46,655,68,0,0
1,1,0,0,43,1017,257,0,0
1,0,1,1,32,1118,128,0,0
0,0,-1,0,38,546,264,0,0
0,1,0,0,30,5956,255,0,0
0,1,0,0,36,146,1161,0,0
3,0,1,1,41,992,335,3,0
9,0,1,0,54,42,514,0,0
3,0,1,0,42,902,71,0,0
3,1,1,1,35,376,207,0,0
5,0,1,1,55,499,124,1,0
5,0,1,0,49,0,159,0,0
0,0,0,0,49,5969,258,0,0
1,0,1,0,34,1005,209,0,0
1,0,1,0,41,1297,82,0,0
2,0,0,1,41,5736,136,0,0
0,1,0,0,49,7443,35,0,0
0,2,0,0,47,313,114,0,0
1,0,1,0,31,4,234,0,0
3,0,2,1,30,243,133,2,0
6,1,1,0,34,581,176,0,0
7,1,0,1,54,384,200,0,0
5,0,0,1,27,174,82,0,0
4,0,1,0,61,5207,336,2,0
3,0,-1,1,43,-19,241,0,0
3,0,2,0,43,0,215,0,0
6,0,1,0,53,197,307,0,0
6,1,1,0,40,19343,13,4,0
10,1,1,0,24,4126,907,7,0
2,0,1,0,39,580,323,0,0
10,1,1,0,28,1350,173,0,0
4,0,2,0,58,2074,259,0,0
3,0,2,0,51,7080,26,0,0
3,1,-1,0,25,586,712,0,0
5,1,1,0,27,13,103,0,0
1,0,1,0,34,2467,368,0,0
2,0,0,0,34,121,57,0,0
1,1,1,0,26,639,709,0,0
8,1,0,0,33,0,124,0,0
5,2,1,1,54,791,66,0,0
7,0,-1,0,47,935,225,0,0
1,0,1,0,56,0,249,0,0
7,1,0,0,36,3560,658,2,0
0,0,0,0,31,357,104,0,0
6,1,1,0,36,590,170,0,0
0,0,0,0,48,0,85,5,0
5,2,1,0,45,0,102,0,0
0,0,0,0,37,1315,224,0,0
1,1,1,0,42,3,367,0,0
0,1,0,0,32,4638,180,0,0
2,0,0,0,47,0,418,0,0
3,1,2,0,33,165,139,0,0
7,0,0,0,34,442,69,2,0
3,0,2,0,57,0,120,0,0
6,0,1,0,41,171,71,0,0
3,1,1,0,44,34,404,0,0
5,1,1,0,28,119,260,0,0
3,0,2,0,39,8637,78,1,0
3,0,1,0,40,6767,431,2,0
10,1,2,0,20,6991,178,0,0
5,2,1,1,54,0,330,3,0
0,1,0,0,30,2,102,1,0
4,0,0,0,73,448,136,0,0
3,0,1,0,59,0,135,0,0
0,0,0,0,46,4879,195,0,0
0,1,0,0,32,1345,289,0,0
1,1,1,0,30,28,778,1,1
1,2,1,0,42,1689,50,0,0
0,1,0,0,36,0,108,0,0
3,0,2,0,51,1194,558,0,0
1,1,1,1,31,550,243,0,0
5,1,1,0,22,-1,136,0,0
0,0,1,0,38,10357,103,0,0
3,0,1,0,33,625,410,0,0
2,0,1,0,50,2731,111,0,0
2,0,2,0,45,58,119,3,0
9,0,1,0,47,0,20,0,0
1,1,0,0,27,2781,168,1,0
0,0,0,0,34,0,88,0,0
0,2,0,0,56,968,105,0,0
1,0,1,0,47,568,1613,0,0
0,1,0,0,32,1619,184,2,0
1,2,1,0,36,566,129,0,0
1,0,1,0,44,10888,67,1,0
6,0,2,0,48,-583,25,0,1
0,1,0,0,27,831,1081,0,0
3,0,2,0,49,1032,41,0,0
5,0,1,1,30,35,91,0,0
5,1,1,1,44,4492,19,0,0
4,0,2,0,54,0,106,0,0
0,0,0,0,40,20,106,0,0
1,1,1,0,31,506,43,0,0
0,1,0,0,26,761,362,0,0
5,0,1,1,46,-42,181,0,0
1,2,1,0,54,-191,86,0,0
0,0,0,0,54,184,13,0,0
3,1,2,0,31,3466,267,25,0
0,0,0,0,54,810,156,0,0
0,1,0,0,35,1756,195,0,0
7,1,0,0,41,0,256,0,0
1,0,1,0,40,581,258,0,0
3,1,2,0,45,116,16,1,0
5,0,-1,0,39,3252,298,0,0
3,0,1,0,42,680,306,2,0
3,0,2,0,60,7929,111,0,0
9,0,2,0,46,965,177,0,0
0,0,0,0,54,203,70,0,0
3,0,1,1,43,184,1019,0,0
8,0,2,0,35,3285,1555,0,0
4,0,2,0,72,763,384,0,0
5,1,1,0,24,507,210,0,0
1,1,1,0,27,842,273,1,0
6,1,2,0,48,-139,75,0,0
1,1,1,0,33,2481,104,0,0
3,1,1,1,41,1085,599,0,1
0,2,1,1,49,613,301,0,0
0,0,0,0,47,5049,47,0,0
3,0,0,0,33,6138,369,0,0
5,2,1,0,40,212,176,0,0
9,0,1,0,59,0,376,3,0
8,1,1,0,26,622,1451,0,0
1,0,1,0,35,294,238,5,0
5,1,1,0,32,375,143,0,0
1,0,1,0,56,332,207,0,0
3,1,2,0,38,-5,30,0,0
4,0,2,0,72,3232,771,0,0
0,2,0,0,35,434,277,2,0
-1,0,-1,0,65,300,105,0,0
5,0,-1,0,35,1055,59,0,0
3,0,1,0,34,355,189,3,0
6,0,1,1,37,1694,404,6,0
1,0,1,0,52,1781,144,0,0
5,0,0,0,40,1,249,0,0
3,0,1,0,41,193,130,0,0
9,0,0,0,49,443,27,0,0
1,1,1,1,30,796,315,0,0
5,1,0,0,30,41,68,2,0
1,2,1,0,35,5724,691,0,0
5,1,0,0,31,1531,48,0,0
6,1,-1,0,30,347,225,0,0
6,2,1,0,57,1024,360,0,0
3,0,2,0,35,208,247,0,0
3,2,2,0,50,388,701,0,0
5,0,1,0,58,6878,148,0,0
5,0,1,0,24,-94,217,0,0
5,0,2,0,41,0,184,1,0
0,0,0,1,30,527,265,0,0
1,1,1,0,32,82,66,0,0
3,0,2,0,32,3136,820,0,0
1,0,1,0,37,1116,18,7,0
1,1,1,1,35,915,89,0,0
3,1,1,0,38,4860,130,0,0
3,0,2,0,42,170,51,0,0
3,0,2,0,48,108,74,7,0
1,0,0,0,32,587,212,0,0
0,2,0,1,34,1173,93,0,0
5,1,1,0,32,4344,159,0,0
7,2,2,0,54,351,642,0,0
5,1,0,0,32,170,74,0,0
-1,0,1,0,55,-208,148,0,1
3,0,1,0,37,67,45,0,0
5,0,1,1,52,5517,163,0,0
7,0,2,0,60,46,202,0,0
0,1,0,0,34,1171,129,0,0
9,0,0,0,58,6316,91,0,0
3,1,1,0,32,53,276,1,0
3,2,1,1,40,393,291,0,0
4,2,2,0,78,2787,372,0,0
3,0,1,0,42,103,95,0,0
3,0,-1,0,47,733,268,0,0
0,0,2,1,52,57,45,1,1
6,2,1,1,49,933,92,0,0
0,1,0,0,37,3141,384,0,0
6,1,1,0,42,877,90,0,0
1,2,1,1,53,0,135,0,0
3,1,1,0,31,2597,189,0,0
0,0,1,0,60,0,280,0,0
1,0,1,0,49,148,13,0,0
4,0,2,0,60,22018,177,0,0
2,0,0,0,40,865,170,0,0
5,0,0,0,44,6485,85,0,0
3,1,1,0,25,303,252,1,0
3,0,1,0,46,425,168,0,0
1,1,0,0,45,591,164,0,0
1,0,1,0,59,1866,288,1,0
4,0,0,0,73,443,133,0,0
6,0,1,0,53,76,237,0,0
3,0,2,0,54,3170,62,0,0
8,0,0,0,48,-471,668,0,0
0,0,0,1,39,540,1066,0,0
3,0,-1,1,40,638,68,2,0
3,0,2,0,42,161,365,0,0
4,2,0,0,60,2,228,2,0
1,0,1,0,51,6840,257,0,0
5,0,1,1,55,1105,94,0,0
5,1,1,0,34,6979,14,0,0
3,0,1,1,38,284,1030,0,0
5,2,1,0,44,738,55,8,0
0,0,0,0,32,913,278,0,0
3,2,0,0,34,12409,189,4,0
0,1,0,0,33,215,101,0,0
8,0,0,0,40,2135,95,0,0
0,1,1,0,35,5260,59,2,0
1,0,1,0,39,287,63,0,0
0,0,0,0,43,13851,259,0,0
0,1,0,0,39,86,140,0,0
4,0,0,0,55,357,526,1,0
0,0,0,0,47,2889,259,0,0
3,0,2,0,49,2,16,0,0
0,0,0,0,42,9916,306,0,0
8,0,1,0,50,17,189,0,0
5,0,1,0,69,813,237,0,0
0,0,1,0,33,369,83,3,0
0,1,1,0,32,160,48,0,0
7,0,0,0,42,4960,139,0,0
3,2,1,0,37,316,642,0,0
2,0,0,0,52,1115,69,2,0
3,0,1,0,29,195,333,0,0
3,1,1,0,35,4963,456,1,0
0,0,0,0,33,0,305,1,0
5,0,0,1,31,80,63,0,0
5,0,1,1,35,-244,118,0,0
8,1,0,0,36,953,102,3,0
8,0,1,0,45,891,118,0,0
1,0,1,0,30,616,19,0,0
7,0,0,1,44,233,161,0,0
3,0,1,0,52,26,191,1,0
4,0,2,0,58,1351,392,0,0
1,1,0,0,29,0,347,6,0
6,0,1,0,47,367,309,4,0
5,0,2,0,30,624,212,1,0
0,0,0,0,53,1624,158,0,0
0,0,0,0,32,0,83,0,0
3,2,1,1,37,811,185,0,0
4,0,1,0,59,667,486,0,0
6,1,1,0,44,5045,20,15,0
1,0,0,0,35,118,358,0,0
3,0,2,0,37,587,126,0,0
3,0,1,0,48,525,325,0,0
3,0,1,1,29,940,382,0,0
1,0,1,1,51,428,145,0,0
1,1,0,0,56,12539,259,0,0
0,1,0,1,31,-208,251,0,0
5,0,1,0,30,2174,191,0,0
0,0,0,0,39,1007,86,0,0
3,0,2,0,51,2315,111,0,0
7,0,1,1,37,744,161,0,0
4,0,2,1,56,161,121,0,0
3,1,0,0,50,218,268,0,0
4,0,2,0,58,1,112,0,0
1,0,0,1,37,7,18,0,0
0,0,0,0,45,0,523,0,0
0,1,0,0,35,123,83,0,0
0,0,0,0,29,68,69,0,0
0,0,0,0,44,1036,491,0,0
0,1,0,1,31,528,5,0,0
3,0,1,0,53,6657,128,0,0
1,0,1,0,41,1788,222,0,0
3,0,2,0,35,0,145,0,0
10,1,1,0,22,310,903,1,0
1,2,1,0,32,273,204,0,0
5,2,1,0,44,4353,90,0,0
2,0,1,0,32,0,223,0,0
0,1,0,0,41,1253,1134,0,0
5,1,1,0,25,1871,260,1,0
3,0,1,0,36,0,254,8,0
3,0,1,0,53,2231,272,0,0
7,0,1,0,55,100,358,0,0
1,1,1,0,34,0,185,0,0
0,0,0,0,44,119,67,0,0
6,0,1,0,57,140,143,0,0
3,0,1,0,32,596,397,0,0
0,0,0,1,56,96,173,0,0
10,1,1,0,24,2,48,0,0
0,0,0,0,56,6475,200,0,0
3,0,1,0,35,323,46,0,0
0,1,0,0,33,5276,572,0,0
0,0,0,0,35,949,245,0,0
9,0,2,0,57,58,510,0,0
4,0,1,0,64,1612,336,5,0
3,0,2,0,46,255,95,0,0
4,0,2,1,42,127,199,0,0
1,0,0,0,29,-246,311,0,0
3,2,1,1,32,-289,808,0,0
5,1,1,0,37,0,93,0,0
1,1,1,0,30,2153,29,0,0
6,1,1,0,34,-374,672,0,0
0,0,0,0,39,208,170,0,0
1,0,1,0,40,88,214,0,0
3,0,1,0,35,-151,96,0,0
4,0,0,0,65,162,141,0,0
6,0,1,0,57,1315,260,0,0
6,2,1,0,41,840,938,0,0
1,0,1,0,42,3472,61,0,0
0,0,0,0,34,1006,783,2,0
10,1,1,0,24,1250,411,0,0
3,1,1,0,56,1187,47,0,0
5,1,1,0,28,2,454,0,0
3,1,1,0,27,551,565,0,0
5,1,0,0,30,536,81,0,0
10,1,1,0,28,0,185,0,0
6,0,1,0,45,4005,141,0,0
3,0,1,0,49,30,135,0,0
1,0,1,1,54,1938,551,0,0
3,0,2,0,34,3,26,0,0
3,1,2,0,47,10558,81,2,0
5,1,1,0,31,747,543,0,0
3,0,1,0,59,1635,48,0,0
1,0,2,0,53,44,256,0,0
3,0,2,0,56,826,853,0,0
2,0,0,1,57,7699,178,0,0
3,0,1,1,28,127,66,0,0
1,1,1,0,31,218,267,0,0
3,0,2,0,48,8,43,0,0
5,1,1,0,33,0,201,2,0
3,0,2,0,41,3722,590,0,0
1,1,1,0,30,930,396,0,0
6,1,1,0,37,248,417,3,0
2,0,0,1,41,367,13,0,0
0,0,1,0,38,65,56,0,0
3,0,1,1,36,342,88,0,0
3,0,1,0,42,2441,143,0,0
6,2,1,0,44,1,235,0,0
3,1,0,0,28,1984,147,0,0
1,1,0,0,34,6529,505,0,0
8,1,1,1,25,34,316,0,0
0,0,0,0,59,3165,278,0,0
6,0,2,1,57,-319,620,1,0
8,0,2,0,49,126,184,0,0
1,1,1,0,24,278,111,0,0
0,0,0,0,37,2205,85,0,0
10,1,1,0,26,334,46,0,0
0,0,0,0,54,446,133,4,0
10,1,1,0,21,1746,487,0,0
5,2,1,0,31,217,1776,0,0
1,0,1,0,33,2,385,0,0
0,0,0,0,41,0,1242,0,0
1,2,1,1,32,211,230,0,0
8,0,1,1,51,1760,162,0,0
1,2,0,0,44,245,347,0,0
4,0,2,0,60,751,133,0,0
0,1,0,0,29,307,690,0,0
1,0,1,0,45,34,96,0,0
1,0,1,0,48,93,537,0,0
0,0,-1,0,54,527,112,3,0
2,2,1,0,60,1307,328,0,0
9,0,2,0,50,4,51,0,0
1,0,0,0,42,-805,103,0,0
5,0,1,0,48,315,165,0,0
1,0,1,0,45,0,166,1,0
6,0,1,0,30,137,407,0,0
4,0,1,0,57,1749,288,0,0
0,0,0,0,39,24,199,0,0
5,0,1,0,29,-526,314,0,0
6,1,2,0,29,95,266,0,0
0,0,0,0,48,2837,69,0,0
1,1,0,0,41,431,133,2,0
8,0,1,0,52,0,18,0,0
1,0,1,0,53,910,156,0,0
1,1,0,0,33,196,183,0,0
9,0,2,0,60,763,180,0,0
5,0,1,0,48,395,168,0,0
3,0,1,0,34,290,132,0,0
5,0,1,0,28,252,448,0,0
6,1,0,0,39,410,266,0,0
5,2,1,0,40,1967,363,0,0
0,1,0,0,31,147,163,3,0
7,1,1,0,46,1029,108,0,0
2,0,1,0,29,0,211,0,0
3,0,1,1,31,152,831,0,0
9,0,1,0,45,0,216,0,0
3,1,1,1,47,1976,82,0,0
1,0,1,1,54,3994,299,0,0
1,1,0,0,43,58,97,0,0
3,0,1,0,44,-431,52,0,0
0,0,0,0,40,-606,90,1,0
7,1,0,0,29,1579,190,5,0
6,1,1,0,27,795,101,0,0
5,2,1,0,40,2129,452,0,0
5,0,1,0,32,752,82,1,0
10,1,2,0,18,1944,122,0,0
0,0,0,0,30,0,74,0,0
0,0,0,0,42,1823,31,0,0
5,0,1,0,31,12,306,0,0
0,0,0,0,59,1,210,0,0
2,2,1,0,38,1190,347,5,0
1,0,1,1,43,-330,105,0,0
1,0,1,1,34,550,601,0,0
5,1,0,0,34,1199,67,0,0
4,2,1,0,78,631,95,0,0
1,1,0,0,29,2325,125,0,0
5,1,1,0,36,60,156,0,0
0,1,0,0,30,894,312,0,0
3,0,1,1,37,1114,133,0,0
6,0,1,1,34,70,138,0,0
0,1,0,0,30,347,229,0,0
3,0,1,0,41,-56,137,2,0
0,0,0,1,54,195,47,6,0
1,2,1,0,53,1950,111,0,0
3,1,1,1,35,907,242,0,0
3,0,2,1,26,595,222,0,0
6,1,0,0,29,1788,303,1,0
2,1,1,0,31,37,73,0,0
8,0,2,0,48,-6,362,0,1
6,0,1,0,37,335,107,2,0
9,0,2,0,31,203,604,0,0
1,0,1,1,38,403,99,0,0
3,1,1,1,24,1690,543,3,0
3,0,1,1,46,2603,50,2,0
0,0,0,0,41,20,99,2,0
0,1,0,0,47,440,71,0,0
8,1,1,0,37,443,1600,0,0
0,0,0,0,54,2960,94,1,0
1,0,0,0,25,400,352,0,0
4,1,2,0,49,505,35,0,0
0,0,0,0,45,3329,311,0,0
7,1,0,0,32,721,323,0,0
3,0,1,1,30,664,57,0,0
8,0,1,1,40,1077,148,0,0
0,1,0,0,26,3,106,0,0
3,1,1,1,29,992,456,0,0
1,0,1,0,40,-396,127,0,0
3,0,1,0,43,-128,32,0,0
3,1,1,0,31,855,94,2,0
1,0,1,0,49,3392,272,0,0
0,0,0,0,48,3419,75,0,0
4,2,1,0,79,631,440,3,0
3,0,2,0,32,77,464,0,0
3,0,1,0,43,57,188,0,0
5,2,1,0,53,1151,412,0,0
5,1,1,0,27,298,207,0,0
0,1,0,0,29,1351,228,1,0
1,0,1,0,37,720,365,3,0
1,2,0,0,33,0,72,0,0
9,0,2,0,53,421,376,0,0
5,0,1,0,48,-30,133,0,0
0,1,0,1,28,1335,15,0,0
3,0,-1,0,45,248,88,0,0
3,1,1,0,21,682,266,0,0
0,0,0,0,30,155,353,0,0
0,2,0,0,45,-946,213,0,1
1,0,1,0,41,1190,69,0,0
3,0,1,0,41,438,129,0,0
0,0,0,0,53,0,608,0,0
6,0,1,0,45,-75,134,1,0
5,2,-1,0,60,791,144,0,0
8,0,1,1,51,495,154,0,0
0,0,-1,0,52,2240,845,0,0
3,0,2,0,37,5643,295,0,0
1,0,0,0,39,508,431,3,0
6,0,1,0,49,0,189,0,0
2,1,0,0,34,714,122,4,0
9,1,0,0,47,3232,294,2,0
0,0,0,0,38,0,136,0,0
5,1,1,1,40,142,14,0,0
6,2,2,0,52,130,103,0,0
1,2,1,1,40,700,503,0,0
7,1,0,0,28,0,479,0,0
5,2,1,0,34,0,153,0,0
3,0,1,0,44,138,283,0,0
2,0,1,0,35,2971,112,0,0
7,2,1,0,38,0,261,0,0
1,0,1,0,31,585,133,0,0
2,0,1,0,33,1996,72,1,0
0,0,0,0,43,0,241,0,0
8,1,0,0,30,463,374,0,0
3,0,2,0,45,2217,126,0,0
1,0,1,0,30,239,58,10,0
6,0,1,0,38,823,132,0,0
0,0,0,0,48,288,585,0,0
0,0,0,0,58,1602,1032,3,0
5,2,1,1,32,-46,1373,0,0
3,1,1,0,37,223,175,0,0
3,1,0,0,30,4127,47,0,0
4,0,2,0,59,213,184,0,0
9,0,2,0,58,11,90,0,0
9,0,2,1,49,434,272,0,0
5,0,-1,0,60,4629,624,0,0
2,2,1,0,38,1190,81,3,0
0,0,0,0,30,732,231,0,0
5,0,1,1,44,32,241,0,0
3,0,1,1,31,1329,134,0,0
4,2,1,0,73,1092,390,0,0
1,2,1,0,44,106,95,0,0
5,0,1,1,31,0,79,0,0
3,1,2,0,44,38,157,0,0
5,0,1,0,45,310,191,0,0
3,0,2,0,42,517,101,0,0
3,0,1,0,35,149,507,1,0
3,0,1,0,31,1515,361,0,0
7,0,0,0,56,349,186,0,0
4,0,1,0,66,3409,801,2,0
0,1,0,0,29,1675,276,0,0
0,1,0,0,39,0,342,0,0
3,1,1,0,50,708,104,0,0
6,1,1,0,29,887,343,0,0
1,1,1,1,43,-266,12,0,0
0,1,0,0,35,671,112,0,0
1,1,1,0,27,0,13,0,0
0,0,0,0,34,402,147,0,0
0,0,0,1,45,2953,388,0,0
0,0,0,0,33,307,806,0,0
1,0,1,0,43,0,313,0,0
5,1,1,1,37,245,732,0,0
0,0,1,1,41,-771,343,0,1
0,0,0,0,52,11650,48,0,0
3,0,2,0,45,408,253,0,0
1,1,-1,0,32,354,278,0,0
3,0,2,0,59,162,140,0,0
3,0,1,1,56,527,122,0,0
0,0,0,1,50,383,502,0,0
6,0,1,0,32,197,421,0,0
3,0,1,0,43,1311,746,0,0
5,1,1,0,26,255,457,1,0
4,2,2,0,74,166,99,0,0
3,1,-1,0,37,217,272,0,0
3,0,2,0,61,734,204,0,0
0,0,0,0,46,5464,79,0,0
0,0,0,0,35,1473,17,4,0
10,1,1,0,24,501,121,0,0
0,0,0,1,50,719,117,0,0
10,1,1,0,29,78,239,0,0
7,1,0,0,32,0,767,0,0
0,0,0,1,39,266,251,0,0
1,1,0,0,38,9,185,0,0
5,0,1,1,42,529,193,0,0
6,1,1,1,25,156,602,0,0
1,1,1,1,27,0,732,0,1
0,0,2,0,37,5427,201,1,0
6,2,1,0,41,-19,201,0,0
1,0,1,0,57,197,32,0,0
5,1,1,0,34,303,94,6,0
0,0,0,0,27,342,818,0,0
1,2,0,0,49,596,722,0,0
1,0,1,0,38,740,259,0,0
1,0,1,1,33,4,625,0,0
2,0,0,0,51,83,267,0,0
1,1,1,0,42,568,311,2,0
6,2,1,0,41,727,246,0,0
0,0,0,0,34,133,65,0,0
7,0,1,0,37,2235,94,0,0
1,1,0,0,36,0,155,3,0
0,1,0,0,34,11350,153,1,0
5,0,1,1,40,2591,389,2,0
1,1,1,0,26,4859,90,3,0
6,2,1,0,38,53,78,1,0
6,0,1,0,39,323,1804,3,0
5,0,1,0,27,158,124,0,0
5,2,1,0,42,814,326,0,0
0,0,0,0,54,1114,1195,1,0
0,0,0,0,34,1906,68,0,0
0,0,0,0,56,6798,250,0,0
3,0,1,0,46,922,576,0,0
5,0,1,0,38,755,120,0,0
2,0,0,0,39,338,107,0,0
0,1,0,0,31,775,207,2,0
5,0,1,1,27,639,243,0,0
5,1,1,0,36,135,263,3,0
3,0,2,0,58,0,176,0,0
1,0,0,0,37,4596,323,6,0
3,0,2,0,40,105,143,2,0
5,2,1,0,50,0,174,0,0
1,2,1,0,43,167,211,0,0
5,1,1,0,56,791,103,0,0
8,0,2,0,39,590,190,0,0
3,1,1,0,38,1121,203,0,0
6,0,1,0,44,1106,178,11,0
0,0,1,0,50,268,74,2,0
0,0,0,0,43,2083,120,0,0
1,1,1,0,37,194,144,0,0
3,0,2,0,56,187,156,0,0
9,0,1,0,54,167,547,0,0
5,0,0,0,50,0,253,0,0
3,0,1,1,48,-202,565,4,0
0,1,0,0,44,617,30,0,0
6,2,1,1,40,5766,385,0,0
1,1,0,0,29,433,247,0,0
3,0,1,0,38,266,287,0,0
9,0,1,0,31,0,171,0,0
6,0,1,1,33,2065,241,0,0
3,0,2,0,32,1064,326,0,0
1,0,1,0,49,-147,390,0,0
-1,0,1,0,45,2119,120,0,0
0,1,0,0,28,187,255,2,0
1,0,1,0,34,357,25,0,0
0,0,0,0,42,1093,260,0,0
8,1,0,0,32,685,262,1,0
6,0,2,0,36,413,84,0,0
9,2,2,0,57,1198,146,0,0
3,0,2,0,39,532,786,0,0
3,0,1,0,28,64,160,0,0
0,1,0,0,28,466,170,0,0
0,1,0,1,28,882,94,2,0
10,1,-1,0,30,1232,52,0,0
3,0,2,0,44,213,158,0,0
3,0,2,0,42,-336,12,0,0
3,0,-1,0,31,-357,245,0,0
5,0,0,0,54,19,131,0,0
6,2,1,0,48,457,199,5,0
3,0,1,0,46,-27,254,0,0
5,0,1,1,40,-444,168,0,1
0,0,0,0,45,1788,177,2,0
3,1,1,0,38,93,92,0,0
5,0,2,1,49,686,286,4,0
4,0,1,0,65,23421,432,0,0
5,1,1,1,45,-342,158,0,0
5,0,1,0,47,1195,451,0,0
1,0,1,0,53,10185,115,0,0
3,1,1,0,27,71,174,0,0
5,0,1,1,37,2061,459,3,0
1,0,0,1,60,-71,1451,0,0
9,0,2,0,46,1676,56,0,0
9,0,1,0,80,499,224,4,0
3,0,1,0,45,3037,60,0,0
1,0,0,1,31,1186,9,0,0
6,1,1,0,35,918,178,0,0
0,0,0,0,42,0,358,0,1
4,0,1,0,75,324,124,4,0
2,0,0,0,38,1438,122,0,0
0,0,0,0,28,328,471,0,0
3,0,0,0,27,350,24,0,0
3,0,2,0,41,1250,1392,0,0
8,1,2,0,55,10183,106,0,0
3,0,2,1,33,2,227,0,1
4,0,2,0,80,155,209,3,0
3,0,2,0,33,256,151,0,0
7,1,0,0,23,780,393,3,0
3,1,-1,0,38,495,297,0,0
0,0,0,0,69,840,128,0,0
1,0,1,0,36,0,171,0,0
3,0,2,1,31,55,340,0,0
0,0,1,0,44,-1746,218,0,0
0,0,1,0,51,873,273,0,0
0,2,0,0,49,169,174,0,0
0,0,0,0,40,326,236,0,0
0,0,0,0,44,1791,71,1,0
3,1,2,0,35,-4,178,0,0
10,1,1,0,29,1124,26,0,0
5,1,0,0,38,3954,201,3,0
5,0,1,0,39,-367,667,0,0
3,0,2,0,38,635,157,0,0
1,0,1,0,49,324,227,0,0
0,0,0,0,31,7,191,0,0
0,0,0,0,50,89,35,0,0
3,0,1,1,31,-190,299,0,0
6,0,1,0,39,733,83,0,0
10,1,1,0,23,287,700,1,0
1,1,1,1,30,1572,209,0,0
1,0,1,0,40,296,253,0,0
1,1,1,0,35,196,318,0,0
7,1,0,1,27,1237,535,0,0
5,1,1,0,25,96,293,0,0
6,1,1,0,33,0,116,0,0
1,0,1,1,44,-153,197,0,0
3,0,2,0,37,0,129,0,0
1,0,1,1,31,589,151,0,0
6,0,1,0,37,780,125,0,0
4,0,1,0,54,303,240,2,0
3,0,1,1,29,185,471,0,0
1,1,1,0,30,126,256,0,0
7,0,2,0,36,90,403,0,0
0,0,-1,0,40,419,347,0,0
2,0,1,0,39,0,119,0,1
1,0,0,0,40,103,135,0,0
0,0,0,0,46,2732,184,0,0
1,2,1,0,52,935,86,0,0
0,1,0,0,32,2360,11,7,0
5,1,1,1,36,-301,312,0,0
9,1,0,0,31,287,182,0,0
1,1,0,0,29,2489,355,5,0
0,0,0,0,34,280,363,0,0
0,0,0,0,46,974,652,0,0
9,2,2,0,40,1,113,0,0
1,2,1,0,39,291,882,0,0
6,2,1,0,35,35,129,0,0
3,0,1,0,44,508,222,1,0
6,1,2,0,39,471,61,1,0
1,0,1,1,36,264,482,0,0
10,0,0,0,23,-230,259,0,1
3,0,1,1,37,2016,20,0,0
0,1,0,0,31,0,120,0,0
2,2,1,1,46,-563,769,0,0
0,2,1,0,48,17,195,0,0
0,0,-1,0,60,1046,32,0,0
2,0,0,0,43,396,105,0,0
0,0,0,1,54,1598,312,0,0
6,1,0,0,34,88,180,0,0
3,1,1,0,34,1351,334,0,0
0,0,0,0,32,141,78,9,0
5,1,0,0,36,2317,56,0,0
7,0,0,0,44,430,221,0,0
0,0,0,0,29,-45,180,0,0
4,2,2,0,78,527,193,0,0
0,0,0,0,44,167,96,0,0
0,1,0,0,44,483,207,6,0
1,2,1,0,54,1252,101,1,0
1,1,1,0,33,287,97,8,0
5,0,1,1,38,-500,67,5,0
6,0,1,0,29,249,346,0,0
9,0,2,1,43,169,172,0,0
3,0,2,0,34,-288,643,0,0
0,0,1,0,33,609,239,0,0
1,1,1,0,30,151,276,0,0
1,0,1,0,38,750,265,0,0
1,0,1,0,28,1944,21,0,0
3,0,1,0,33,36,36,0,0
0,0,0,0,51,0,60,7,0
6,0,1,0,35,2048,219,2,0
6,0,1,0,39,2040,312,0,0
5,1,1,0,44,-84,32,0,0
0,1,0,0,35,1350,185,1,0
0,0,0,0,31,676,1182,0,0
3,0,2,0,59,8562,86,0,0
0,1,0,1,32,11,399,0,0
9,0,1,0,40,3944,64,0,0
1,1,0,1,35,1104,95,0,0
3,0,1,0,29,228,12,9,0
3,0,2,0,43,575,237,0,0
5,0,1,1,28,503,553,0,0
3,1,1,0,24,833,956,0,0
3,0,-1,0,35,520,476,0,0
10,1,0,0,27,-148,146,1,0
1,2,0,0,35,825,273,0,0
0,2,0,0,32,1804,122,1,0
0,1,0,1,33,1374,93,0,0
1,0,1,0,32,68,224,0,0
3,0,1,1,54,381,198,0,1
0,1,0,0,23,2605,278,0,0
3,1,1,0,43,99,226,0,0
0,1,1,0,30,7870,82,0,0
3,1,2,0,40,-187,160,0,0
6,0,1,0,35,-182,270,0,1
9,1,0,1,58,145,128,0,0
0,2,0,1,50,100,157,3,0
6,0,1,0,52,989,260,0,0
3,1,1,0,24,1857,147,5,0
0,0,0,0,59,4152,67,13,0
0,0,0,1,46,-337,120,0,1
1,1,1,0,55,149,103,0,0
9,0,2,1,43,1342,46,0,0
5,0,1,0,29,2121,281,2,0
3,0,1,1,34,0,175,0,0
3,0,1,0,34,291,646,0,0
0,0,0,0,48,0,203,0,0
0,1,-1,0,27,3196,10,0,0
6,0,1,1,28,-112,73,0,0
6,0,1,0,32,442,207,0,0
3,0,2,0,50,231,171,0,0
1,1,1,0,53,6164,101,0,0
3,1,1,1,32,1940,299,0,0
4,0,2,0,59,468,71,0,0
3,0,1,1,54,0,156,0,0
3,1,1,0,52,201,412,3,0
0,0,0,0,31,0,76,0,0
1,0,1,0,52,136,88,0,0
1,1,0,0,38,744,283,12,0
3,1,1,0,21,1385,12,0,0
10,1,0,0,25,241,351,0,0
3,0,1,0,38,2685,22,0,0
5,0,1,0,49,209,26,0,0
5,0,0,0,33,79,389,4,0
0,1,2,0,44,4,163,0,0
3,1,1,0,38,-329,86,0,0
9,0,0,0,45,40,68,0,0
10,1,1,0,31,0,173,0,0
1,1,1,0,26,2087,151,0,0
6,0,1,0,44,1422,129,0,0
7,0,1,0,53,1066,57,4,0
0,0,0,0,36,9324,138,0,0
1,2,1,0,45,1738,79,2,0
0,0,0,0,49,0,102,0,0
1,1,1,0,29,-13,512,0,0
8,0,0,0,65,0,465,0,0
8,1,-1,0,59,541,645,0,0
3,0,1,0,43,1927,149,1,0
5,1,1,0,36,-207,83,0,0
4,0,1,0,56,450,16,0,0
4,2,1,0,70,0,206,0,0
9,0,2,1,59,0,40,0,0
5,0,1,0,43,3215,228,0,0
4,0,2,0,74,670,266,0,0
4,2,0,0,60,-134,243,4,0
1,1,1,0,31,9,167,0,0
0,2,0,0,33,0,305,0,0
1,0,1,0,42,8036,948,0,0
4,0,2,0,82,8603,306,1,0
8,1,1,0,32,199,70,1,0
6,1,1,0,24,-248,187,0,0
2,1,1,0,35,12961,272,0,0
9,0,2,1,43,0,836,2,0
1,2,1,0,59,2735,213,0,0
2,0,0,0,28,59,330,6,0
7,0,0,0,35,2427,210,7,0
9,2,2,0,56,1238,1558,0,1
7,0,0,0,46,8,182,0,0
3,0,2,0,53,241,1410,2,0
0,0,0,0,42,-100,87,0,0
8,0,1,0,50,306,117,0,0
5,1,0,0,31,52,71,0,0
9,0,1,0,57,992,329,0,0
0,0,0,0,34,1047,342,7,0
0,0,0,0,32,132,565,0,0
0,0,0,1,35,854,133,0,0
5,1,1,0,31,144,51,11,0
1,0,0,0,48,658,89,0,0
3,0,1,0,45,78,408,0,0
10,1,1,0,22,144,116,0,0
0,0,0,0,33,158,169,2,0
3,1,1,0,34,-115,360,0,1
2,0,0,1,57,0,512,0,0
0,1,0,0,42,4264,882,0,0
3,0,2,0,46,804,1063,1,0
8,0,0,0,29,8,233,0,0
9,0,2,1,49,-75,125,0,0
3,0,1,0,33,0,190,0,0
1,0,1,1,44,-251,13,0,1
0,0,0,0,39,47,28,3,1
1,0,-1,0,53,2242,154,0,0
1,0,0,0,61,0,224,0,0
1,0,1,0,34,1092,268,0,0
3,0,1,0,42,-145,231,0,0
0,1,0,0,29,1377,548,0,0
5,2,1,0,39,19,503,5,0
0,0,0,0,50,5108,140,0,0
3,1,1,0,33,687,178,1,0
0,0,0,0,53,3634,211,8,0
1,1,0,0,30,411,142,0,0
1,0,1,0,38,-228,162,0,0
9,0,2,0,59,116,129,0,0
2,2,0,0,50,223,264,0,0
3,0,1,0,42,0,82,0,0
0,0,0,0,30,32,122,0,0
1,2,1,0,39,507,173,0,0
5,1,1,0,40,963,479,0,0
0,0,1,0,44,38,152,0,0
3,0,2,0,45,71,138,0,0
5,1,0,0,32,211,56,0,0
8,0,1,0,46,2551,645,0,0
4,2,1,1,54,1483,53,0,0
1,0,1,0,44,5597,27,0,0
8,1,1,0,35,295,473,0,0
6,1,1,0,30,-97,126,0,0
6,0,1,0,35,5,153,0,0
1,1,1,0,26,2002,146,0,0
1,0,0,0,34,1524,399,0,0
3,0,1,0,26,115,46,0,0
1,0,1,0,40,657,178,2,0
3,1,1,1,32,-255,957,0,0
3,0,2,0,51,109,106,0,0
0,1,0,1,29,-223,208,0,0
0,1,0,0,24,507,257,0,0
1,0,1,0,33,22,127,0,0
4,0,1,1,58,-146,192,0,1
6,1,1,0,40,546,219,0,0
10,1,0,0,26,251,12,0,0
3,0,1,0,47,214,442,0,0
-1,0,2,0,55,159,15,0,0
3,0,1,0,45,-376,162,0,0
9,0,2,0,55,1000,178,0,0
0,1,0,0,31,-205,56,0,0
3,0,1,0,50,253,37,0,0
3,0,1,0,33,1988,211,0,0
1,1,1,0,38,373,404,0,0
3,2,2,0,35,4401,465,0,0
2,0,1,0,45,107,129,0,0
1,0,1,0,27,806,304,21,0
0,0,0,0,31,4924,389,0,0
0,1,0,0,32,394,466,0,0
6,1,1,0,39,600,277,0,0
1,1,1,1,24,1371,166,0,0
0,0,1,0,36,-267,368,0,0
5,0,1,0,47,1265,137,0,0
1,2,1,0,57,2352,757,0,0
3,1,-1,0,52,1785,168,0,0
10,1,1,0,27,67,239,0,0
0,0,0,0,43,3518,206,2,0
1,2,1,1,46,-90,270,0,0
4,0,1,0,57,1354,131,0,0
3,0,1,0,28,4287,171,0,0
1,0,1,0,30,33,146,0,0
0,0,0,1,52,749,342,0,0
6,0,1,0,53,1364,508,1,0
0,0,0,1,36,1,84,0,0
7,0,0,0,45,0,134,0,0
0,0,0,0,33,1071,84,4,0
3,0,2,0,51,97,286,0,0
4,0,1,0,63,3579,93,0,0
5,0,-1,0,57,5,165,0,0
0,2,0,0,48,1669,143,0,0
3,0,1,0,48,729,277,0,0
3,1,1,0,36,0,569,0,0
3,0,1,1,38,1698,239,0,0
1,1,1,0,25,276,268,0,0
6,0,1,0,32,401,294,0,0
10,1,-1,0,26,2020,42,0,0
3,0,1,0,36,63,56,0,0
3,0,2,0,42,401,581,0,0
1,0,0,0,49,6138,100,0,0
7,0,0,0,48,7,286,0,0
1,0,0,0,32,943,127,0,0
9,0,1,0,40,4136,508,5,0
2,0,0,0,44,1631,346,0,0
6,2,1,0,57,334,356,0,0
1,0,0,0,34,23076,243,6,0
0,1,0,0,40,-275,219,0,0
6,2,1,1,34,380,102,0,0
0,0,1,0,53,51,109,0,0
9,0,1,0,29,243,35,0,0
3,0,-1,0,43,91,37,0,0
0,1,0,0,29,268,667,0,0
2,0,0,0,53,0,520,0,0
3,0,1,0,37,198,156,2,0
0,0,0,1,35,272,163,0,0
2,0,1,0,45,4688,112,0,0
0,1,0,0,26,9447,113,2,0
0,0,1,0,41,71,64,0,0
3,0,2,1,51,5050,75,0,0
5,0,1,1,34,147,57,0,0
1,0,0,0,28,858,602,0,0
3,2,2,0,49,0,305,2,0
5,1,0,0,27,2068,49,0,0
2,0,0,0,39,36,488,0,0
5,0,1,0,45,967,63,0,0
5,0,1,0,30,124,161,0,0
5,2,1,1,35,-218,123,0,0
5,1,0,0,33,1,56,0,0
4,0,1,0,59,1875,77,0,0
5,1,1,0,35,206,144,0,0
0,0,0,0,55,1288,67,0,0
3,0,2,0,44,1511,96,0,0
5,0,1,0,32,-4,47,0,0
5,0,1,0,33,-675,245,0,1
0,0,0,0,37,2987,93,9,0
0,0,0,0,36,481,215,3,0
0,1,0,0,31,4247,131,0,0
1,0,0,0,41,0,95,0,0
5,0,1,0,38,5270,163,12,0
6,0,1,0,31,14387,128,0,0
3,1,2,1,38,490,17,0,0
7,1,0,0,36,351,82,0,0
6,0,1,1,35,377,30,0,0
1,2,0,1,41,24055,132,0,0
5,0,1,1,38,976,382,0,0
0,1,0,0,38,5073,68,0,0
9,0,2,0,57,0,187,0,0
0,1,0,0,25,1317,176,0,0
3,0,1,0,46,756,401,0,0
0,0,0,0,59,82,324,0,0
5,2,1,0,44,161,89,0,0
1,0,1,0,34,7171,523,0,0
5,2,0,0,45,1506,365,0,0
5,0,1,0,28,-76,143,0,0
2,1,1,0,36,296,67,2,0
5,0,2,0,37,188,153,0,0
1,0,1,1,41,-508,124,0,0
3,1,1,1,29,734,259,1,0
3,0,2,0,47,-301,277,0,0
10,1,0,0,28,737,125,0,0
1,0,1,0,59,4322,174,0,0
5,0,1,0,32,752,519,5,0
0,0,0,1,51,3463,371,3,0
5,0,1,0,55,0,16,0,0
0,1,0,0,55,115,111,0,0
0,0,0,0,38,425,240,1,0
0,0,0,0,37,489,246,6,0
0,0,0,0,37,40,1033,0,0
10,1,1,0,28,28,220,0,0
0,0,0,1,28,82,225,0,0
5,1,1,0,49,981,10,0,0
1,0,1,0,56,124,341,0,0
0,0,0,0,42,261,207,0,0
3,0,1,0,32,36,116,0,0
0,2,1,0,37,0,187,0,0
0,0,1,0,50,49,180,0,0
3,0,2,0,32,-376,188,0,0
9,0,1,0,32,0,435,0,0
0,0,0,0,57,10583,341,3,0
1,0,1,0,53,195,472,6,0
0,0,0,0,39,2271,575,0,0
0,1,0,0,37,200,259,0,0
5,0,0,1,32,390,100,1,0
3,0,2,1,45,-175,215,0,0
10,1,0,0,24,603,157,0,0
1,0,2,1,34,926,142,0,0
10,1,-1,0,33,242,320,0,0
3,2,2,0,35,21,166,0,0
0,0,0,0,39,1112,232,0,0
9,0,2,0,55,136,15,0,0
0,0,0,0,37,502,551,1,0
0,1,0,0,35,-108,74,0,0
5,1,1,0,44,1534,95,3,0
-1,0,-1,0,60,5003,125,0,0
1,1,1,0,54,473,134,0,0
5,0,-1,0,41,488,174,0,0
7,0,0,0,51,150,146,0,0
7,1,0,0,33,658,307,1,0
2,0,0,0,56,773,345,0,0
1,0,0,0,35,25,219,0,0
6,0,0,0,60,4256,200,4,0
1,1,1,0,37,0,69,0,0
1,1,1,0,49,1377,935,0,0
1,0,0,1,42,-378,11,2,0
4,0,1,0,48,67,251,0,0
0,2,1,1,54,299,147,0,0
5,0,1,0,57,169,319,1,0
0,1,0,0,33,2294,81,1,0
4,0,1,0,60,1853,234,1,0
6,0,1,0,47,756,154,0,0
0,1,0,0,46,502,18,0,0
2,0,2,1,35,0,26,0,0
1,0,1,0,43,463,268,0,0
5,2,1,0,40,90,511,0,0
0,1,0,0,42,7104,20,0,0
3,0,-1,0,45,3114,192,0,0
0,2,0,0,47,0,122,0,0
1,0,0,0,40,1641,855,0,0
9,0,1,0,47,3940,211,1,0
3,0,2,0,52,1624,114,0,0
0,0,0,0,54,1090,160,0,0
2,0,1,0,32,390,440,1,0
0,0,0,0,36,-381,30,0,0
3,0,1,0,55,0,73,0,0
1,0,1,0,43,3285,1721,0,0
8,2,1,0,40,0,473,0,0
1,2,1,0,35,-94,114,0,0
5,2,1,1,39,1,281,0,0
0,2,0,0,43,439,92,0,0
7,2,0,0,38,6447,316,1,0
5,2,1,0,36,-811,365,0,0
10,1,-1,0,31,2144,282,0,0
5,1,1,0,30,1700,279,0,0
9,2,1,0,38,70,263,0,0
5,1,0,1,34,18,114,1,0
10,1,2,0,22,110,237,0,0
5,0,2,0,48,3,69,4,0
2,0,0,0,45,169,391,0,0
7,1,0,0,29,415,122,0,0
0,1,0,0,28,9710,786,0,0
0,0,0,0,37,26,151,4,0
1,2,1,0,51,5964,577,0,0
1,0,1,0,37,1458,281,0,0
0,0,0,0,44,0,320,0,0
3,1,1,0,40,0,59,0,0
3,1,1,0,38,0,292,0,0
1,2,0,0,50,261,155,0,0
3,1,1,0,29,0,324,0,0
1,2,-1,0,49,387,325,0,0
7,0,0,1,58,794,130,0,0
0,0,0,0,41,3348,74,0,0
1,1,0,0,34,612,91,0,0
1,0,1,0,26,744,609,0,0
6,0,1,1,35,193,50,0,0
5,0,0,0,33,4984,181,0,0
0,1,1,0,36,0,333,0,0
3,0,2,0,55,512,1200,0,0
1,1,1,0,34,1313,176,6,0
1,0,1,0,40,503,127,0,0
1,1,1,0,44,451,203,2,0
2,0,2,1,35,2643,259,0,0
5,1,2,0,28,25,296,0,0
3,2,1,1,47,3823,647,0,0
10,0,1,0,25,37,11,0,0
0,1,0,0,37,876,140,2,0
1,1,0,0,31,2530,60,1,0
1,0,0,0,39,386,201,0,0
3,0,1,0,55,-157,354,0,0
6,0,1,0,39,52,1420,0,0
8,0,0,0,57,209,453,0,0
3,0,2,0,34,79,406,0,0
1,0,1,0,50,315,363,0,0
0,1,0,0,34,872,105,0,0
4,0,2,0,51,752,214,0,0
6,0,1,0,54,6376,274,0,0
9,2,1,0,35,39,149,0,0
3,0,1,0,49,322,356,0,0
4,0,2,0,58,235,167,0,0
9,0,2,0,57,50,89,0,0
3,0,1,0,31,457,236,0,0
3,0,2,0,40,278,1015,0,0
0,2,0,0,39,547,317,4,0
0,0,0,0,37,5065,23,0,0
1,0,1,0,49,673,501,0,0
1,0,1,1,32,4,132,0,1
1,0,1,0,45,183,27,0,0
3,0,1,0,54,497,150,0,0
5,1,1,0,36,0,37,0,0
5,1,1,0,35,184,181,0,0
7,0,0,1,30,1036,82,0,0
3,0,1,0,33,0,331,0,0
0,0,0,1,43,254,104,0,0
3,1,1,0,26,494,237,0,0
3,1,1,0,35,88,344,0,0
5,2,0,1,43,1440,149,1,0
0,0,1,0,48,-998,173,0,1
2,0,0,0,54,1063,690,0,0
0,1,0,0,38,2454,373,0,0
1,2,0,0,40,568,112,0,0
1,0,0,1,42,1493,78,0,0
5,1,-1,0,43,682,156,0,0
2,0,0,1,58,0,540,2,0
7,0,0,0,50,50,142,0,0
4,0,2,0,60,280,291,0,0
3,1,1,0,33,45,13,0,0
3,0,1,0,43,664,354,0,0
0,0,1,0,24,867,546,0,0
5,0,1,0,27,4,243,0,0
1,1,0,0,34,0,121,0,0
10,1,0,0,31,2030,168,2,0
3,0,1,0,30,319,210,0,0
7,0,0,0,61,10861,225,5,0
0,2,0,0,30,477,186,0,0
3,1,1,0,26,24,180,0,0
5,0,1,1,50,311,417,0,0
3,0,2,0,40,46,119,0,0
0,0,0,1,40,432,101,0,0
0,1,-1,0,51,1277,143,1,0
5,0,1,1,56,360,98,0,0
5,0,1,1,32,3,612,0,0
5,1,1,1,49,-1193,73,0,0
4,0,1,0,62,4829,116,0,0
3,0,1,1,51,50,121,0,0
3,0,2,0,34,479,772,0,0
0,2,0,0,50,405,146,6,0
5,0,1,0,31,393,466,0,0
3,0,1,0,38,6994,169,2,0
0,0,0,0,28,395,178,0,0
3,0,1,0,37,3884,28,0,0
6,0,1,0,39,117,1032,0,0
1,1,0,0,33,149,424,1,0
0,0,1,1,35,2415,348,0,0
1,1,0,0,33,389,79,0,0
1,1,1,0,35,1227,593,6,0
6,1,1,0,32,772,697,0,0
2,1,1,0,28,1734,161,0,0
5,0,1,0,49,182,303,2,0
0,0,0,0,45,4877,172,0,0
5,0,1,0,41,1705,92,0,0
3,1,2,0,28,551,264,0,0
0,2,2,0,56,7496,164,0,0
6,1,1,0,34,-701,610,0,0
1,0,1,1,44,2981,106,2,0
5,1,1,0,30,105,75,0,0
0,1,0,0,39,2258,255,0,0
8,0,1,0,39,74,71,0,0
9,0,2,0,82,2140,118,0,0
2,0,1,0,51,5403,698,0,0
3,0,2,0,33,1217,271,0,0
1,2,1,1,46,2862,132,0,0
0,1,0,0,52,1205,18,0,0
8,2,1,1,56,283,89,2,0
0,0,2,0,55,19,56,0,0
0,2,2,1,53,-17,508,0,0
1,1,1,0,30,298,164,0,0
0,0,0,0,42,187,64,0,0
-1,0,2,0,49,142,90,0,0
0,1,0,0,36,3875,212,0,0
1,0,1,1,56,264,639,5,0
3,0,1,0,46,71,416,0,0
0,2,0,0,43,99,24,0,0
7,1,1,0,27,78,825,0,0
3,1,1,0,22,-7,84,1,0
4,2,2,0,86,0,189,0,0
6,2,1,0,30,63,96,0,0
1,0,1,0,39,697,108,0,0
4,1,2,0,49,25824,94,0,0
5,0,1,0,38,257,10,0,0
1,0,1,0,31,-463,210,0,1
10,1,-1,1,30,-145,154,0,0
4,2,1,0,63,1490,506,0,0
6,0,1,0,41,4283,112,0,0
5,1,1,0,35,847,85,0,0
0,0,0,0,36,203,608,2,0
4,1,1,0,60,74,29,0,0
8,2,1,0,46,41,249,0,0
3,0,2,0,46,278,153,0,0
3,1,2,0,45,2121,326,0,0
5,1,1,0,53,291,145,0,0
5,1,1,1,38,137,125,0,0
9,0,1,0,51,260,316,0,0
2,0,0,0,38,4,158,0,0
6,1,1,0,31,8,340,0,0
1,1,1,0,24,139,259,0,0
7,0,0,0,33,1545,357,0,0
0,1,0,1,36,548,618,0,0
0,1,0,0,37,2173,352,0,0
3,0,2,0,36,453,176,2,0
8,0,1,0,55,4372,122,0,0
1,1,0,1,38,1077,87,0,0
6,1,1,0,29,-308,113,0,1
3,0,2,0,36,599,649,0,0
6,1,2,0,38,3715,41,17,0
5,2,1,0,52,26,215,0,0
0,0,0,0,48,263,350,0,0
1,0,1,0,45,3395,92,1,0
6,2,2,0,53,200,182,0,0
1,0,1,0,41,3432,140,0,0
1,0,1,0,34,268,47,0,0
10,1,-1,0,20,2785,327,0,0
3,0,-1,0,35,56,130,0,0
0,0,1,0,59,966,50,0,0
1,1,0,0,30,2325,270,4,0
0,0,0,0,36,171,92,0,0
6,1,1,0,27,-195,391,0,0
8,0,2,0,53,845,123,0,0
3,0,1,0,51,814,17,0,0
3,0,2,0,30,714,199,0,0
3,0,1,1,38,121,168,2,0
3,1,-1,0,31,667,80,0,0
3,1,1,0,34,-603,164,0,0
-1,0,2,0,38,0,414,0,0
0,1,0,0,36,188,55,0,0
3,0,1,0,33,64,239,0,0
0,0,0,0,43,0,319,0,0
3,0,2,1,29,5,53,0,0
1,1,1,1,27,126,147,4,0
6,0,1,1,43,41,127,0,0
3,0,1,0,42,1386,222,0,0
10,1,0,0,26,10086,475,2,0
9,2,2,0,53,2253,135,0,0
1,1,1,0,35,538,313,0,0
5,0,1,0,50,697,118,0,0
6,2,1,1,52,1527,276,1,0
3,0,1,1,48,742,304,0,0
6,2,1,1,46,2044,75,0,0
9,1,2,0,36,207,1478,0,0
7,1,0,0,28,1579,122,0,0
3,0,1,1,49,134,265,0,0
6,0,1,0,34,-68,122,0,0
3,1,1,0,42,985,141,0,0
5,2,1,0,33,-18,244,3,1
0,2,0,0,38,6368,922,0,0
5,0,1,0,31,33,290,0,0
0,0,0,0,59,2764,237,2,0
3,2,2,0,50,134,263,0,0
6,2,1,0,40,687,531,1,0
0,1,0,0,29,265,491,0,0
0,2,0,1,43,-173,119,0,0
9,0,1,1,49,81,493,0,0
0,0,0,1,42,0,139,4,0
4,0,2,0,50,420,107,0,0
10,1,1,0,24,154,205,0,0
0,1,0,0,26,222,192,1,0
3,0,2,1,38,-522,18,0,0
4,2,2,0,59,1534,278,0,0
5,1,1,0,29,-44,166,0,0
1,2,1,1,58,-354,98,0,0
6,0,1,0,58,1905,202,0,0
4,0,2,0,80,1468,256,3,0
3,0,1,0,30,363,165,0,0
3,0,2,0,46,0,30,2,0
5,1,1,0,49,716,1257,0,0
3,0,2,1,50,565,36,0,0
6,2,1,0,44,35,184,0,0
2,0,1,0,41,2959,110,0,0
1,1,1,1,47,-239,973,0,0
1,0,0,0,38,606,193,0,0
1,0,0,0,48,648,85,0,0
1,1,1,0,38,8381,98,0,0
4,0,1,0,51,0,146,0,0
0,2,0,0,46,624,336,2,0
0,0,0,1,41,557,148,0,0
0,1,0,0,32,5,520,0,1
5,0,0,0,26,906,109,1,0
3,0,2,0,40,12,54,0,0
9,2,1,0,54,34,208,0,1
3,0,1,0,23,94,193,0,0
0,0,0,0,34,4131,172,0,0
4,0,1,1,58,425,100,0,0
3,0,1,0,44,1697,150,0,0
3,1,1,0,43,740,585,0,0
5,1,1,0,32,620,1234,0,0
0,0,0,0,40,5010,49,0,0
1,0,1,0,43,1650,154,0,0
1,1,1,0,31,5,121,0,0
1,0,1,1,34,1012,353,1,0
8,1,1,0,32,104,233,0,0
0,0,2,0,56,772,291,0,0
-1,0,2,0,46,285,215,0,0
3,0,-1,0,56,3197,83,0,0
5,1,1,0,36,22,77,0,0
8,2,2,0,55,-53,225,3,0
5,1,1,0,55,2359,43,0,0
0,0,0,0,31,1331,297,3,0
5,0,1,1,44,0,76,0,1
3,0,1,0,42,9359,197,0,0
0,0,0,0,57,75,260,0,0
3,1,0,0,27,644,657,1,0
0,0,0,0,53,1356,397,2,0
1,0,0,0,36,82,45,0,0
7,0,1,0,49,289,243,0,0
0,1,1,0,31,2317,87,0,0
6,0,1,0,39,0,29,0,0
1,1,1,0,31,44,200,2,0
0,0,0,1,36,268,823,0,0
1,1,0,0,34,1393,540,3,0
3,0,1,0,51,1121,824,0,0
1,0,1,0,42,782,536,0,0
0,1,0,0,23,1004,114,0,0
7,1,1,1,33,238,45,0,0
6,0,1,0,52,431,73,0,0
6,2,1,0,41,0,93,0,0
0,0,0,0,31,242,106,0,0
1,1,1,0,28,8,389,3,0
6,0,1,0,34,254,276,0,0
2,0,2,0,50,431,12,0,0
0,0,0,0,60,651,155,0,0
6,2,1,0,46,355,122,8,0
0,0,0,0,46,549,87,0,1
3,0,1,0,55,49,494,0,0
0,1,0,0,24,553,249,0,0
3,0,1,0,40,3316,102,0,0
4,0,2,0,60,0,142,0,0
10,1,0,0,27,5169,431,3,0
4,0,2,0,59,143,11,0,0
2,0,1,1,30,12737,589,0,0
3,0,2,1,42,704,88,0,0
1,0,0,0,38,3234,281,2,0
1,2,1,0,39,385,143,1,0
0,0,0,0,50,1174,128,0,0
3,0,2,1,49,98,534,0,0
1,0,1,0,48,302,208,0,0
3,0,2,0,43,548,100,0,0
3,0,1,0,27,106,207,0,0
3,2,2,0,38,0,49,0,0
3,0,2,0,43,-59,205,0,0
0,2,0,0,35,286,164,0,0
0,1,0,0,31,3283,258,1,0
6,1,1,1,32,-121,272,0,0
2,0,0,0,34,10350,187,0,0
7,0,0,0,63,661,56,0,0
3,1,1,0,28,67,20,0,0
1,1,0,0,27,200,508,0,0
1,0,1,0,32,367,214,3,0
5,2,1,0,27,76,236,0,0
3,0,1,0,56,1602,427,0,0
6,1,1,0,30,187,110,0,0
9,0,2,0,40,118,162,0,0
4,0,1,0,70,1310,318,1,0
6,0,1,0,47,1474,77,3,0
0,1,0,0,32,623,273,1,0
6,0,1,0,56,83,26,0,0
1,1,1,0,36,0,121,0,0
1,0,1,0,45,351,18,0,0
6,1,1,0,29,2,403,0,0
5,0,2,0,39,0,106,0,0
3,0,2,0,35,455,573,3,0
1,0,1,1,30,-306,372,1,0
1,0,1,0,38,-6,700,0,0
8,1,2,1,32,911,42,0,0
3,0,2,0,47,1756,207,0,0
5,0,1,0,44,-372,172,0,0
3,0,2,0,36,4608,284,0,0
1,0,1,0,33,1026,87,5,0
8,0,0,0,30,330,111,0,0
4,0,1,1,59,19,271,0,0
8,2,0,0,51,0,574,0,0
7,0,0,0,45,582,148,0,0
6,1,1,0,36,-45,289,0,0
6,0,1,0,33,28,73,0,0
0,1,0,0,34,0,174,0,0
0,1,0,0,29,2344,288,2,0
5,0,1,0,46,4048,360,0,0
3,0,2,0,33,496,151,0,0
10,1,1,0,25,1116,85,3,0
7,1,0,0,34,1272,202,0,0
10,1,-1,0,32,1583,57,0,0
1,1,1,1,39,671,98,0,0
0,1,0,0,37,0,107,3,0
1,0,1,0,50,0,327,1,0
3,1,1,1,35,448,1031,0,0
6,0,1,0,29,23,57,0,0
4,0,2,0,59,21,127,0,0
1,1,1,0,32,145,135,0,0
0,0,0,0,49,261,225,0,0
4,0,1,0,55,18722,128,0,0
10,1,1,0,30,3096,226,1,0
2,0,-1,0,32,73,175,0,0
3,1,-1,0,48,428,127,0,0
6,1,1,0,28,348,86,0,0
2,0,2,0,52,2594,425,0,0
8,0,1,0,33,-144,481,0,0
3,0,1,0,32,-49,173,0,1
1,0,1,0,41,335,169,0,0
0,0,0,0,33,11149,418,0,0
1,1,1,0,27,151,139,0,0
0,1,0,0,38,-974,120,0,0
0,1,0,0,36,1743,428,0,0
1,0,1,0,45,2020,55,0,0
9,0,-1,0,51,2337,251,3,0
5,2,1,0,34,661,245,10,0
0,0,0,0,42,9009,135,0,0
3,0,2,0,47,4666,451,0,0
0,2,0,0,44,1467,49,0,0
1,0,1,0,36,5902,219,0,0
3,0,0,0,34,551,115,11,0
3,1,1,0,31,54,230,0,0
0,1,0,1,38,1637,231,0,0
3,0,2,0,41,484,321,0,0
0,0,0,0,45,160,619,0,0
3,0,2,0,39,622,169,0,0
0,0,0,0,34,161,378,0,0
6,1,1,0,32,101,369,0,0
1,1,1,1,26,603,176,0,0
0,0,0,0,53,1102,78,0,0
6,2,1,0,38,-345,177,0,0
4,0,1,0,65,571,349,2,0
7,2,1,0,34,172,65,0,0
9,0,1,0,55,127,1130,0,0
3,0,2,0,47,176,35,0,0
0,1,0,1,28,678,115,0,0
0,2,1,0,53,28,135,1,0
5,0,1,0,39,367,106,0,0
5,1,1,0,47,594,161,0,0
7,1,0,0,25,882,341,0,0
0,1,0,1,34,27,255,0,0
1,1,0,0,37,6889,1221,0,0
1,0,1,0,36,4613,320,2,0
5,0,1,1,30,214,219,0,0
1,1,1,0,27,3933,837,0,0
2,1,0,1,25,6,3,0,1
1,1,1,0,39,122,158,0,0
0,0,0,0,43,2987,103,0,0
5,0,1,0,58,1813,15,0,0
1,1,1,1,26,941,784,0,0
1,1,1,0,32,35,199,0,0
0,0,0,0,52,0,161,0,0
0,2,1,0,53,28,142,0,0
3,0,2,0,36,828,1512,8,0
0,1,0,0,35,2646,133,2,0
3,1,2,0,40,1530,8,1,0
6,0,1,0,46,1034,109,0,0
0,1,0,0,33,23,216,0,0
6,0,1,0,23,1309,349,0,0
1,0,-1,0,46,312,129,0,0
0,0,0,1,35,284,258,0,0
0,0,0,1,40,378,260,2,0
0,1,1,0,51,1610,1248,0,0
3,1,1,0,26,330,156,1,0
5,1,1,0,26,-235,103,0,0
0,0,0,0,34,2287,895,0,0
1,1,1,0,28,1589,359,0,0
0,0,0,0,50,253,513,0,0
0,2,0,0,55,481,147,3,0
8,1,1,0,26,1064,113,0,0
7,1,1,0,38,0,68,0,1
3,0,1,1,35,1602,171,0,0
3,1,1,0,38,0,255,1,0
1,0,1,0,34,580,88,0,0
5,0,1,1,58,5680,237,0,0
0,1,0,1,30,222,111,2,0
9,2,2,0,76,1411,170,0,0
9,0,2,0,54,5048,163,0,0
3,0,2,1,42,560,122,2,0
7,0,2,0,33,61,161,0,0
0,0,0,0,32,-360,176,0,0
7,0,1,1,56,784,149,0,0
3,1,2,0,32,60,136,0,0
3,1,-1,0,36,-395,9,0,1
0,2,0,1,44,2696,58,0,0
0,0,0,0,52,1356,312,0,0
0,1,0,0,34,2633,705,0,0
1,0,1,1,45,0,246,0,0
0,1,0,0,32,0,28,0,0
5,0,1,0,27,0,837,0,0
10,1,1,0,30,155,206,0,0
4,0,2,1,59,3000,25,0,0
3,1,2,0,28,-232,557,0,0
3,0,-1,0,45,0,408,0,0
2,0,0,0,46,1920,604,0,0
3,0,1,0,45,226,211,0,0
2,1,0,0,29,54,251,0,0
8,0,2,0,38,113,27,0,0
5,0,0,0,35,0,151,0,0
5,0,1,1,47,310,128,0,0
3,1,1,1,26,428,575,0,0
1,0,2,0,59,4243,233,0,0
3,0,2,0,39,12848,337,0,0
10,1,1,0,25,963,230,1,0
0,0,0,0,57,412,123,0,0
0,1,0,0,25,1602,154,0,0
3,0,1,1,32,322,117,0,0
1,1,1,1,36,-272,53,0,0
0,2,0,0,51,2011,118,0,0
3,0,2,1,39,176,189,0,0
0,1,0,0,40,-222,291,1,0
0,0,0,0,40,1548,101,0,0
6,0,1,0,32,1066,180,0,0
0,0,0,0,46,125,81,0,0
3,0,1,1,45,333,166,0,0
0,0,2,1,41,-4,181,0,0
2,0,-1,0,56,575,18,0,0
3,0,1,1,49,8545,175,0,0
3,0,2,1,60,0,324,0,0
3,0,2,0,51,230,174,1,0
1,0,1,0,38,728,286,2,0
1,1,1,0,26,218,436,0,0
1,1,0,0,35,755,125,0,0
6,1,1,0,31,183,60,0,0
1,1,0,0,35,2012,413,0,0
0,1,-1,0,35,2361,90,0,0
5,0,1,0,47,4480,60,0,0
3,0,1,1,34,277,225,0,0
10,1,1,0,25,1790,224,3,0
5,2,1,1,46,289,76,0,0
7,0,1,0,42,0,277,0,0
3,0,2,0,48,-50,212,0,1
5,0,1,0,56,370,128,0,0
7,0,1,0,48,1559,520,3,0
3,0,1,0,40,1012,410,0,0
3,2,1,0,45,1269,549,0,0
2,0,1,0,49,348,105,0,0
5,1,0,0,34,18,285,17,0
-1,0,0,0,58,327,124,0,0
5,0,1,0,31,879,394,0,0
5,2,1,1,32,-241,856,0,0
6,1,1,0,23,91,374,0,0
1,0,1,0,43,136,363,0,0
5,1,1,1,28,404,188,0,0
2,2,1,0,55,538,353,0,0
1,2,1,1,44,414,81,0,0
0,1,0,1,32,597,869,0,0
0,0,0,0,54,1146,205,0,0
8,0,1,0,52,49,117,0,0
5,1,1,0,35,111,127,0,0
1,0,1,1,35,-116,339,0,0
7,1,0,0,28,4579,409,0,0
1,0,1,0,59,7766,1422,1,0
0,1,0,1,33,372,155,0,0
3,1,1,0,42,1306,265,0,0
3,2,1,1,45,-705,111,0,0
5,1,1,0,33,894,509,0,0
3,0,1,0,33,526,198,0,0
3,0,2,0,60,193,89,0,0
0,0,0,0,36,14462,10,0,0
10,1,1,0,21,210,123,1,0
1,1,0,1,34,144,115,0,0
3,1,1,0,44,25,244,0,0
5,0,1,1,44,0,159,0,0
3,0,2,0,52,273,128,0,0
3,2,1,0,52,306,63,0,0
7,1,0,0,34,892,31,0,0
8,0,1,0,51,7464,176,0,0
2,0,2,0,60,83,302,0,0
5,1,1,0,40,1200,284,0,0
6,0,2,1,59,64,370,0,0
9,0,2,0,53,-286,126,0,0
1,0,1,0,38,751,125,0,0
5,0,1,0,37,0,179,1,0
5,2,2,0,46,509,272,0,0
1,0,0,0,30,0,111,0,0
0,0,2,0,58,1727,336,0,0
0,0,0,0,37,238,185,1,0
0,0,0,0,35,-65,80,0,0
1,1,1,0,29,205,218,3,0
0,2,0,0,36,1406,266,0,0
6,0,0,0,43,4216,150,2,0
4,0,2,0,78,680,838,9,0
0,0,0,0,49,1533,324,1,0
6,0,1,0,32,8043,202,0,0
7,0,1,0,37,415,249,0,0
0,1,0,1,30,15,252,0,0
3,0,1,0,32,95,77,0,0
0,0,0,0,38,540,205,0,1
0,0,1,0,48,3663,239,0,0
0,0,0,0,25,103,52,0,0
4,0,-1,0,60,963,148,0,0
7,0,0,0,31,229,184,0,0
3,1,1,1,30,783,197,0,0
3,0,1,1,40,-839,1018,0,0
3,0,2,0,48,2642,330,0,0
1,1,1,1,59,571,25,0,0
1,0,1,0,33,81,671,0,0
3,1,1,1,26,592,174,0,0
7,0,1,0,43,-1415,58,0,1
0,0,0,1,26,17,522,0,0
3,0,-1,0,45,110,377,0,0
5,0,1,1,50,1138,73,0,0
0,0,1,0,46,0,67,0,0
0,0,0,0,41,-412,85,5,0
4,0,0,0,83,4761,294,1,0
7,1,1,0,51,1640,67,0,0
5,2,1,0,41,1967,115,1,0
4,0,0,0,53,183,73,0,0
3,0,2,0,50,27,142,0,0
3,0,1,1,31,295,193,1,0
0,0,0,0,57,10583,272,6,0
3,0,2,0,60,686,147,0,0
1,2,2,0,47,3524,332,0,0
0,0,2,0,40,733,94,0,0
1,0,0,0,44,0,41,0,0
6,2,1,1,39,1957,47,0,0
5,2,1,1,48,-212,76,0,0
3,0,1,0,52,691,158,0,0
1,0,0,0,39,794,116,1,0
0,1,0,0,51,-55,281,6,1
4,0,2,0,63,0,110,0,0
7,0,-1,0,30,1712,933,0,0
7,0,0,0,36,2012,188,0,0
5,1,0,0,26,3730,93,4,0
6,1,1,1,29,2099,171,0,0
5,0,1,0,56,95,428,0,0
9,0,2,0,61,848,605,1,0
3,0,2,1,36,1548,226,0,0
1,0,1,0,34,903,67,0,0
3,0,2,1,43,-423,457,0,0
7,1,0,0,29,7752,180,0,0
1,0,0,0,38,1004,444,0,0
5,0,1,1,51,423,95,0,0
0,1,0,0,28,874,509,0,0
0,0,0,0,56,586,123,0,0
7,0,1,1,26,254,335,0,1
1,1,1,0,27,1693,101,0,0
1,2,1,1,39,807,69,6,0
1,1,0,0,28,3623,261,0,0
0,0,-1,0,42,275,408,0,0
5,0,1,0,45,149,893,0,0
1,0,1,0,35,700,240,0,0
1,1,1,0,48,-92,1393,0,0
1,2,1,0,36,-94,185,2,0
5,1,1,0,35,111,55,3,0
3,2,2,0,30,-258,18,0,0
6,0,1,0,36,-74,113,0,0
3,0,2,0,21,-426,139,0,1
3,0,2,0,31,224,20,0,0
2,0,1,0,44,6649,354,0,0
3,0,1,0,52,1440,270,1,0
0,0,0,1,30,86,255,3,0
3,0,1,1,30,1177,220,0,0
0,0,0,0,38,14190,48,0,0
3,0,2,1,39,521,149,0,0
0,0,1,0,39,1035,436,0,0
3,0,2,0,40,-509,298,0,1
0,2,0,0,48,1144,78,0,0
1,1,0,1,35,226,283,0,0
3,0,2,1,43,0,431,0,1
4,0,1,0,59,0,359,0,0
4,2,1,0,37,79,110,0,0
4,0,0,1,59,148,685,1,0
3,0,2,0,41,-52,120,0,0
3,0,1,0,56,3460,897,0,0
7,0,0,0,42,5,853,0,0
6,0,2,0,46,179,1778,0,0
0,0,0,1,52,7388,291,0,0
3,0,1,0,32,214,190,0,0
0,1,1,0,29,584,541,0,0
0,0,0,0,35,-196,216,0,0
6,0,2,0,42,91,87,0,0
3,0,2,0,38,1852,606,0,0
0,1,0,0,35,1374,45,0,0
1,2,1,1,39,511,148,0,0
3,2,1,0,51,113,71,0,0
3,0,1,0,55,1218,107,0,0
0,1,0,0,30,112,245,0,0
5,1,1,0,39,762,288,0,0
5,0,1,0,39,26233,462,0,0
6,0,1,0,54,882,217,0,0
1,0,1,1,33,177,22,0,0
1,2,1,1,32,3717,91,0,0
3,0,2,0,32,39,128,0,0
5,2,1,0,31,-254,237,0,0
3,0,2,0,48,3886,297,0,0
10,1,-1,0,22,47,69,0,0
1,0,0,1,35,0,86,0,0
7,0,1,0,44,313,211,0,0
5,0,1,0,30,116,15,0,0
0,0,0,0,52,583,376,3,0
3,0,2,0,48,575,101,0,0
3,0,1,0,36,1563,449,0,0
0,0,0,0,42,295,109,0,0
8,1,2,0,27,799,106,0,0
0,1,1,0,29,703,236,2,0
6,0,1,0,56,642,16,3,0
5,0,0,0,43,1317,112,0,0
1,0,1,0,31,6890,34,0,0
3,0,1,0,24,951,744,0,0
3,2,2,0,49,0,468,0,0
0,1,0,0,28,890,201,0,0
0,2,0,0,55,446,159,0,0
2,0,1,0,32,604,270,0,0
3,0,1,1,48,1513,1171,0,0
1,0,1,0,49,5996,345,0,0
0,0,0,0,36,255,970,2,0
3,0,1,0,33,215,166,0,0
3,1,2,0,29,3508,462,0,0
6,0,1,0,47,306,20,0,0
3,0,2,1,56,173,31,0,0
2,0,0,0,36,280,252,1,0
5,0,1,0,28,12,73,3,0
8,2,1,0,36,871,396,0,0
5,1,1,0,29,382,460,0,0
0,1,0,0,31,-234,124,0,0
5,1,-1,0,49,1226,400,0,0
0,1,0,0,32,2280,206,0,0
1,1,1,0,31,656,158,1,0
3,0,1,0,56,345,605,0,0
6,2,1,0,33,1194,166,0,0
3,0,1,0,32,1779,191,2,0
0,1,0,0,27,-69,205,0,0
0,0,0,0,60,-311,151,0,1
1,2,1,0,57,1168,74,0,0
2,0,1,1,41,557,72,0,0
4,0,0,0,52,493,61,0,0
2,2,0,0,51,2109,119,2,0
0,2,1,1,42,764,127,0,0
4,0,1,0,58,992,46,0,0
0,1,0,0,38,3141,347,2,0
3,0,2,0,46,588,260,0,0
3,0,2,0,46,564,124,0,0
5,1,1,0,46,-136,223,0,0
5,0,1,0,34,79,193,1,0
1,2,1,1,49,-53,253,0,0
2,1,1,0,33,1808,84,0,0
5,2,1,0,36,131,153,0,0
3,0,1,0,44,373,122,0,0
5,0,1,0,47,2524,50,0,0
0,0,0,0,54,1624,166,10,0
0,1,0,0,29,10436,103,0,0
3,0,1,0,36,-53,9,8,0
3,0,1,0,44,1087,100,0,0
3,0,2,0,50,1580,111,0,0
-1,0,-1,0,53,0,209,0,0
0,1,0,1,30,0,88,0,0
7,0,0,1,30,-517,123,0,0
4,0,2,0,55,0,113,0,0
2,1,1,0,49,259,149,0,0
1,2,1,0,42,324,203,0,0
3,0,1,0,32,1914,532,1,0
5,0,1,0,39,2019,166,0,0
3,0,1,0,38,137,624,0,0
1,1,1,0,24,81,333,0,0
1,2,1,1,49,30,439,0,0
1,0,1,0,41,1819,397,3,0
0,0,0,0,49,1050,924,0,0
3,0,2,0,35,305,168,0,0
2,1,1,0,26,265,593,0,0
5,1,1,0,43,140,127,0,0
3,0,2,0,47,550,113,0,0
0,0,0,0,42,60,426,0,0
6,0,1,1,23,14,19,1,0
0,0,0,1,35,0,70,0,1
0,2,0,0,59,262,178,0,0
3,0,2,0,37,3154,265,0,0
6,1,1,1,35,2110,39,0,0
1,0,1,1,32,255,63,0,0
0,1,0,0,32,1310,418,0,0
4,0,1,1,60,42,386,0,0
3,1,2,0,24,174,22,0,0
5,0,1,0,37,1415,214,0,0
8,0,0,1,43,-7,228,0,0
3,1,1,0,21,614,243,0,0
3,0,1,0,39,298,216,0,0
3,0,1,0,35,-198,72,0,1
3,0,1,0,41,680,173,0,0
5,0,1,0,38,664,256,0,0
4,0,2,0,57,207,193,0,0
0,1,0,0,36,142,571,0,0
2,0,0,0,46,193,201,0,0
9,0,2,0,57,1142,238,0,0
6,1,1,0,36,248,90,0,0
1,2,1,0,47,84,49,0,0
7,0,1,1,47,424,432,0,0
3,0,1,0,32,9,334,0,0
3,0,1,0,30,521,76,0,0
0,2,0,0,36,-978,62,0,0
1,0,0,0,34,116,413,0,0
3,0,1,0,44,978,385,0,0
3,1,1,1,47,263,127,1,0
1,0,0,0,35,75,9,0,0
4,0,2,0,70,324,78,7,0
0,0,0,0,31,2395,218,0,0
10,1,-1,0,19,5368,77,0,0
4,0,1,0,61,123,112,0,0
7,0,1,0,38,8094,94,0,0
0,0,0,0,34,8,169,0,0
2,1,0,0,48,318,1017,0,0
1,0,1,0,32,3067,138,0,0
3,0,1,1,33,-260,224,0,0
0,0,0,1,31,302,181,1,0
10,1,1,0,28,231,55,0,0
2,0,0,0,40,0,952,0,1
1,0,1,0,47,1981,919,0,0
7,0,2,0,51,10,513,0,0
5,2,1,1,38,0,126,0,1
1,0,1,0,37,603,339,0,0
6,0,1,1,45,307,147,0,0
5,0,1,0,25,16,129,0,0
3,0,2,1,42,792,611,12,0
6,0,1,1,47,3333,114,0,0
1,2,1,1,34,7,94,1,0
0,0,0,1,30,1165,80,0,0
0,0,0,0,45,324,258,0,0
4,0,-1,0,59,0,425,0,0
0,0,0,0,32,1337,283,0,0
1,1,0,0,31,424,106,2,0
6,0,1,0,40,1293,128,0,0
1,1,0,1,25,184,401,0,0
5,0,1,0,32,0,119,0,0
5,1,1,1,37,-261,259,0,0
4,2,0,0,56,2774,1288,0,0
5,2,1,0,46,778,106,0,0
6,0,1,0,30,973,156,0,0
0,0,0,0,32,124,193,0,0
1,0,1,0,44,497,103,0,0
1,1,0,1,26,172,21,4,0
1,1,0,0,38,110,1051,0,0
1,0,0,0,34,0,68,0,0
1,2,0,0,41,4276,103,0,0
0,1,0,0,50,567,274,0,0
6,0,2,0,52,2618,73,0,0
6,0,1,0,42,1301,510,0,0
3,0,1,0,37,131,137,0,0
3,1,1,0,30,132,329,0,0
0,0,0,0,45,1788,364,4,0
1,0,0,0,51,1533,242,0,0
1,0,1,0,36,-393,119,0,0
6,2,1,0,58,-158,11,0,0
3,0,2,1,39,2133,179,0,0
5,0,1,0,46,7386,87,0,0
8,1,0,0,25,2783,137,0,0
1,1,1,1,52,436,95,0,0
9,0,2,0,44,93,163,0,0
8,2,1,0,53,0,101,0,0
0,0,0,0,32,16,129,0,0
3,0,2,1,40,1698,240,0,0
5,0,1,0,45,1214,118,0,0
1,0,1,0,49,305,401,0,0
9,0,0,0,34,4958,11,2,0
8,0,1,0,47,123,653,0,0
1,0,1,0,32,-203,67,0,0
2,1,1,0,31,159,533,0,0
1,0,0,0,54,6507,145,0,0
3,0,1,1,35,270,332,1,0
1,0,0,0,33,0,65,0,0
1,1,1,1,31,849,295,0,0
3,0,2,1,45,-443,691,0,1
1,1,1,0,31,538,660,0,0
3,1,-1,0,30,0,199,0,0
1,0,0,0,31,3338,162,4,0
1,0,1,0,46,0,132,0,0
6,0,1,0,31,851,158,0,0
9,0,2,0,60,1043,1364,0,0
5,1,1,0,30,270,123,0,0
3,0,2,0,33,0,47,0,0
4,0,-1,1,59,140,239,0,0
10,1,-1,0,24,839,65,0,0
0,1,0,1,36,13,106,0,0
8,0,1,0,45,56,195,0,0
4,0,2,1,50,14,83,0,0
4,0,1,0,57,3815,90,0,0
0,1,0,0,32,0,91,0,0
0,1,0,0,39,0,633,0,0
0,1,0,0,36,-38,784,0,0
6,0,1,0,42,548,216,0,0
1,0,1,0,42,11,272,0,0
1,0,0,0,31,5119,74,0,0
1,0,1,0,42,166,319,0,0
1,1,1,0,25,534,167,0,0
0,0,0,0,57,1318,91,3,0
3,0,1,0,58,221,115,2,0
3,0,-1,0,57,807,211,0,0
6,1,0,0,33,692,86,0,0
6,2,1,1,42,0,168,0,0
5,0,1,0,36,96,208,1,0
8,2,1,0,53,4512,203,0,0
1,0,1,1,46,475,158,0,0
2,0,1,1,26,-306,342,0,0
6,0,1,0,31,414,215,0,0
0,0,0,1,33,0,148,0,0
8,0,2,0,43,519,973,0,0
3,0,2,0,43,60,487,2,0
0,1,0,0,40,36,240,0,0
0,0,1,1,32,2858,247,0,0
5,0,1,0,38,-762,165,0,0
7,0,1,0,38,29125,313,0,0
6,1,0,0,33,395,1359,0,0
5,0,1,0,51,1415,151,0,0
1,2,1,0,35,82,152,0,0
3,0,1,0,45,-605,208,0,1
0,0,0,1,41,-556,127,0,0
3,0,1,0,45,243,46,1,0
4,0,1,0,58,4700,93,0,0
5,1,1,0,33,322,266,0,0
7,0,0,0,40,271,265,0,0
0,0,0,0,50,109,185,0,0
3,1,2,1,40,366,168,1,0
0,0,0,1,36,101,426,0,0
5,1,-1,0,21,-28,125,0,0
8,0,2,0,39,7372,76,0,0
3,0,2,0,43,483,225,0,0
5,0,1,0,37,147,25,0,0
5,2,1,0,42,936,931,0,0
2,0,0,1,54,1544,85,3,0
4,0,1,0,65,1220,127,2,0
0,0,1,0,43,5,953,0,0
1,0,1,0,57,2550,73,0,0
1,0,1,0,32,476,503,0,0
3,1,1,0,40,1,190,0,0
3,0,2,0,32,329,321,0,0
6,1,1,1,28,437,219,2,0
6,1,1,0,29,209,487,0,0
3,2,1,1,43,-91,92,4,0
8,0,1,0,50,-13,554,0,0
1,1,1,1,28,1581,576,0,0
0,0,1,0,45,2897,301,5,0
7,0,1,0,42,1216,296,1,0
3,0,2,1,30,1101,590,3,0
8,0,1,0,30,221,61,0,0
5,0,1,0,58,0,503,0,0
1,1,1,0,30,341,20,0,0
5,0,1,0,35,514,56,1,0
6,0,1,0,33,0,44,0,0
3,0,2,0,47,3440,88,0,0
1,1,1,0,54,770,89,0,0
0,2,0,0,38,5455,204,0,0
6,1,1,0,33,-448,95,0,0
0,0,0,0,49,78,65,0,0
0,0,1,0,34,369,868,4,0
1,1,-1,0,41,3652,127,2,0
4,0,1,1,59,2291,127,0,0
0,0,0,0,34,1388,222,4,0
1,1,1,0,25,0,487,0,0
1,0,1,0,45,1673,76,0,0
8,2,1,0,57,1088,1697,0,0
3,0,2,1,42,-407,829,0,0
8,0,2,0,37,7005,217,0,0
5,0,1,0,55,9329,136,1,0
-1,1,2,0,30,13052,140,0,0
10,1,1,0,24,2726,283,0,0
3,0,1,1,54,448,98,0,0
0,0,0,0,39,0,164,0,0
3,0,1,0,41,0,182,0,0
6,0,1,0,38,-433,111,0,1
7,1,0,0,27,451,112,0,0
1,2,1,1,46,387,298,0,0
4,2,1,0,61,0,272,0,0
5,1,1,0,33,375,151,0,0
3,0,1,0,43,0,145,0,0
5,0,1,1,38,3632,323,0,0
3,0,2,0,36,223,12,0,0
3,0,2,0,44,140,7,0,0
0,1,0,0,28,224,97,0,0
1,0,0,0,29,4557,103,0,0
0,0,0,0,32,71,221,0,0
2,0,1,1,40,0,435,0,0
0,0,0,0,33,271,182,2,0
1,0,1,0,40,372,100,0,0
7,0,2,0,50,2636,349,0,0
3,0,1,0,26,895,820,0,0
3,0,1,0,30,173,217,0,0
0,0,0,0,33,255,75,0,0
0,1,0,0,31,0,218,0,0
3,0,-1,0,53,1202,332,0,0
3,1,2,0,37,0,39,0,0
3,0,1,0,42,-21,377,0,0
1,1,1,0,28,389,15,0,0
3,0,1,0,33,5,175,0,0
1,2,1,0,47,689,64,0,0
1,0,1,0,43,533,228,0,0
1,2,1,1,58,-147,95,0,0
0,1,0,0,37,240,1123,0,0
3,0,2,1,32,-457,288,0,0
0,0,-1,0,39,548,154,0,0
1,0,1,0,46,250,84,0,0
6,1,1,0,32,406,227,0,0
1,0,1,0,39,376,160,0,0
1,1,1,0,33,0,73,0,0
7,1,0,0,31,17924,608,0,0
5,0,1,0,45,-388,175,0,0
1,0,0,0,43,6673,41,0,0
2,1,0,0,33,1623,291,0,0
1,0,0,1,40,-2827,843,0,1
3,0,1,1,33,540,88,0,0
3,0,1,1,31,0,275,0,0
7,0,0,0,40,13669,138,8,0
0,1,0,0,45,1088,132,0,0
6,0,1,0,49,202,651,1,0
0,0,0,1,55,979,123,0,0
5,0,1,1,32,57,50,0,0
5,1,1,1,38,3049,225,1,0
7,1,0,1,26,458,117,0,0
0,0,0,0,33,1388,158,3,0
3,0,1,0,47,3237,38,3,0
5,1,1,1,35,0,61,0,0
8,0,2,0,52,425,122,0,0
0,0,0,0,37,0,44,2,1
0,0,0,0,31,1812,112,1,0
1,1,0,0,34,2521,73,0,0
0,2,0,1,34,2279,138,4,0
0,1,0,0,29,572,72,1,0
3,0,1,0,35,2688,281,0,0
1,1,0,0,39,393,325,1,0
3,0,1,0,45,640,214,1,0
1,0,1,0,35,84,415,0,0
3,0,1,0,33,4996,15,2,0
7,0,0,0,51,146,132,0,0
6,0,1,0,47,1269,181,6,0
1,0,1,0,63,896,115,4,0
3,0,1,0,31,-88,202,0,0
3,1,1,0,32,118,216,1,0
4,0,1,1,54,522,81,0,0
-1,0,0,0,55,0,38,0,0
1,1,0,0,46,4414,504,0,0
0,0,-1,0,48,54,293,0,0
1,2,1,0,60,367,318,0,0
3,0,2,0,40,254,107,0,0
3,0,2,0,44,276,535,0,0
3,0,1,0,47,235,121,0,0
6,0,2,0,47,6,63,0,0
0,0,0,0,40,6008,989,0,0
4,2,0,0,71,780,220,0,0
0,0,0,0,52,499,115,0,0
5,0,0,0,39,464,100,0,0
5,0,1,0,60,504,178,0,0
0,0,0,0,55,171,73,0,0
3,0,2,0,53,5603,2372,0,0
3,1,1,0,37,1120,187,0,0
3,0,1,1,55,93,111,0,0
3,0,2,0,52,2091,181,0,0
6,0,1,0,33,317,141,1,0
3,0,2,0,50,9301,136,0,0
4,0,1,0,87,433,150,0,0
9,0,2,0,43,94,35,0,0
4,0,1,0,62,3340,259,1,0
0,0,0,0,59,0,189,0,0
5,0,1,0,46,44,175,0,0
1,1,1,0,35,16,903,0,0
0,0,0,0,42,0,179,0,0
3,0,1,0,47,1388,119,0,0
0,0,-1,0,53,527,71,0,0
0,0,0,0,41,-608,12,0,0
3,0,1,0,37,362,277,0,0
5,0,2,0,44,127,273,0,0
5,0,1,1,33,166,69,0,0
1,1,0,0,49,2585,64,0,0
6,0,1,0,47,505,152,0,0
1,0,0,0,37,905,111,0,0
0,0,0,0,28,3,122,0,0
3,0,1,0,49,298,392,0,0
3,0,2,0,34,3,369,0,0
0,1,0,0,28,1840,1472,10,0
3,0,1,1,45,2246,197,2,0
5,0,2,1,41,611,487,0,0
3,0,-1,0,47,162,366,0,1
3,2,1,0,39,226,221,0,0
3,0,1,0,27,14,295,0,0
6,1,1,0,32,-23,182,0,0
3,0,1,0,37,426,285,0,0
0,1,0,1,36,2239,93,0,0
4,2,2,0,68,2027,404,4,0
10,1,1,0,22,111,89,0,0
0,0,0,0,49,2139,278,0,0
5,0,1,0,34,0,97,1,0
3,0,2,1,60,4903,290,0,0
4,0,-1,0,92,775,164,3,0
5,1,1,0,28,697,404,0,0
1,0,1,1,36,1497,455,3,0
0,1,0,0,34,1,582,0,0
5,1,1,1,40,208,204,0,0
3,0,1,0,53,1852,134,0,0
1,1,1,0,31,1,107,0,0
-1,1,-1,0,42,61,115,0,1
1,0,1,0,34,133,401,5,0
3,2,2,0,50,-19,407,0,0
3,0,2,0,42,550,76,0,0
3,1,1,0,31,-161,196,0,0
0,1,1,0,49,-18,217,4,0
1,2,1,1,29,477,58,1,0
3,0,2,0,37,3574,152,0,0
3,0,2,0,28,-511,82,0,0
3,0,1,0,34,1575,148,0,0
0,0,0,0,44,392,124,0,0
1,0,1,0,37,0,409,0,0
7,2,0,0,41,1256,147,0,0
3,1,1,0,29,1012,926,0,0
3,0,2,0,37,445,159,0,0
3,0,1,0,50,160,334,0,0
5,0,1,0,46,5021,957,1,0
7,1,0,1,36,-103,3253,0,0
6,0,1,0,26,285,100,0,0
7,1,0,0,28,1579,163,3,0
0,0,0,0,34,179,184,0,0
3,0,2,0,39,394,981,0,0
3,1,2,0,37,1388,66,1,0
1,0,1,0,32,4133,175,0,0
9,0,2,0,52,335,217,0,0
1,0,1,0,57,363,195,0,0
1,1,1,0,28,16,268,1,0
0,0,0,0,54,511,1201,0,0
7,1,1,0,46,2899,40,0,0
3,0,1,1,36,-557,484,1,0
2,1,0,0,31,627,486,0,0
3,1,1,0,35,2514,85,0,0
6,1,1,0,26,302,210,0,0
-1,0,2,0,35,365,41,0,0
0,0,0,0,42,3718,42,2,0
1,0,1,1,32,-292,301,1,0
0,0,0,0,57,24498,161,0,0
3,1,1,1,28,-2,172,5,1
6,0,1,0,30,586,148,4,0
5,1,1,0,30,3528,250,2,0
3,0,-1,0,42,8600,90,0,0
9,0,1,0,51,429,230,0,0
3,1,2,1,45,92,99,0,0
0,1,2,0,33,4897,151,0,0
4,1,1,0,48,3458,292,0,0
1,1,1,0,36,2921,55,0,0
0,0,0,1,40,-1737,249,0,0
7,0,1,0,49,357,179,0,0
2,0,1,1,37,2055,241,0,0
0,0,0,0,32,-383,241,0,0
3,0,1,1,36,-231,779,0,0
3,1,1,0,37,90,416,5,0
0,0,0,0,43,1791,254,0,0
5,0,1,0,37,14,176,0,0
3,2,1,0,57,311,200,0,0
1,1,0,0,29,405,65,0,0
0,0,0,1,39,568,206,0,0
8,2,1,0,42,193,262,0,0
3,0,1,1,34,1412,157,0,0
0,0,0,0,60,328,72,0,0
3,0,1,0,33,524,156,0,0
0,0,0,0,32,422,182,0,0
3,0,1,0,35,0,19,2,0
1,1,1,0,42,0,293,0,0
0,1,0,0,29,0,99,0,0
5,0,1,1,28,957,646,0,0
6,0,1,0,27,0,312,0,0
3,1,1,0,25,1857,195,10,0
5,0,1,0,36,1601,163,0,0
1,0,1,0,33,0,78,0,0
3,0,1,0,58,1025,199,0,0
1,1,1,0,55,2043,655,0,0
3,1,1,0,36,1168,242,0,0
5,0,1,1,45,1097,180,0,0
6,1,1,0,32,746,305,0,0
0,2,0,0,46,24598,118,3,0
8,0,2,0,59,0,3025,0,0
5,0,1,0,36,746,581,0,0
2,1,-1,0,27,1007,154,0,0
0,2,0,0,35,36,182,0,0
3,0,2,0,57,318,206,0,0
5,1,1,0,30,390,175,1,0
6,1,1,0,29,192,327,0,0
5,2,1,0,31,2294,96,0,0
1,1,1,0,35,0,259,0,0
3,0,1,0,38,2978,44,0,0
5,0,1,0,37,274,731,0,0
6,2,1,1,53,0,172,0,1
3,0,2,1,47,-169,234,3,0
7,0,0,0,31,0,392,0,0
9,0,2,0,55,3680,131,0,0
0,0,0,1,36,953,354,3,0
0,2,0,0,34,0,227,0,0
6,0,1,0,48,116,70,0,0
3,2,2,0,34,0,206,0,0
0,0,0,0,48,7289,316,0,0
4,0,2,0,61,103,292,0,0
0,0,0,0,32,1086,379,0,0
9,1,1,0,23,650,136,4,0
3,0,2,0,33,195,984,0,0
4,0,2,0,50,29,135,0,0
3,2,-1,0,54,1545,148,0,0
0,0,0,0,37,347,282,0,0
1,0,1,0,52,3431,72,0,0
5,2,1,0,35,0,262,0,0
6,0,1,0,58,5567,1869,0,0
3,0,0,0,28,335,256,3,0
1,2,1,0,41,4047,343,0,0
3,0,-1,0,55,6134,127,0,0
0,2,0,0,54,0,199,3,0
0,0,0,0,34,19391,391,0,0
3,0,1,0,41,72,130,3,0
5,1,1,0,23,290,163,0,0
3,0,2,0,41,0,171,1,0
1,0,0,0,37,127,192,1,0
0,1,0,0,31,0,9,0,0
1,0,1,0,35,150,242,0,0
0,0,0,0,43,724,138,0,0
9,0,2,0,57,0,252,0,0
3,0,2,0,53,751,1528,0,0
6,0,1,0,53,33,84,0,0
9,2,0,0,60,662,241,0,0
1,0,1,0,35,2355,515,0,0
0,0,1,1,51,2216,95,0,0
-1,2,2,0,47,0,240,0,0
4,0,2,0,79,1058,564,0,0
0,0,0,0,36,2609,141,0,0
3,0,1,0,29,3310,367,4,0
0,2,-1,0,43,7702,108,3,0
6,1,1,0,39,1048,149,0,0
6,0,1,0,34,790,579,1,0
4,0,1,0,83,0,140,0,0
8,2,1,1,45,728,156,1,0
-1,0,-1,0,47,677,900,2,0
0,1,-1,0,39,2887,42,0,0
3,0,1,0,34,175,50,2,0
5,2,-1,0,52,0,168,0,0
5,0,1,0,45,3307,129,0,0
3,0,1,1,27,-330,88,2,0
0,0,1,0,47,21,229,0,0
3,1,1,0,28,3412,22,0,0
6,1,1,1,29,23,159,2,0
1,0,1,1,41,1822,391,0,0
0,0,0,0,44,12392,177,1,0
0,1,0,0,26,350,367,0,0
4,0,1,0,56,289,226,0,0
5,1,1,0,28,707,226,0,0
3,1,2,0,42,22,116,1,0
5,0,2,1,30,40,174,0,0
4,0,1,1,60,1141,211,0,0
6,2,2,0,45,242,336,0,0
0,1,0,1,27,3,506,0,0
3,0,2,0,53,-39,87,0,0
10,1,1,0,27,2245,163,0,0
7,2,1,0,43,1187,80,0,0
3,0,1,0,33,43,332,2,0
1,0,0,0,38,202,1311,0,0
1,0,1,0,44,326,108,0,0
3,1,1,0,28,975,59,0,0
0,0,0,0,41,97,130,0,0
0,1,0,0,31,2915,211,0,0
1,0,1,0,27,616,263,0,0
0,0,0,1,36,-92,196,0,0
5,0,2,1,50,276,641,0,0
10,1,0,0,30,699,396,0,0
3,0,1,0,44,337,257,0,0
9,0,2,0,42,2328,133,0,0
8,0,1,0,47,3188,426,0,0
7,0,1,0,29,425,562,0,0
0,1,1,0,27,924,84,0,0
7,1,1,0,29,970,240,0,0
1,1,0,0,32,1732,140,0,0
10,0,1,1,28,704,171,0,0
3,1,0,0,35,0,262,0,0
3,0,1,0,35,98,136,0,0
0,0,0,0,30,0,142,0,0
2,0,-1,0,47,1481,64,3,0
0,1,1,1,39,-490,141,0,0
5,1,1,0,31,0,1056,0,0
4,0,1,0,60,404,335,0,0
3,0,2,0,23,531,509,9,0
0,0,0,0,31,732,542,1,0
0,0,1,0,33,369,115,1,0
6,1,1,1,35,511,472,0,0
6,0,1,0,31,447,327,3,0
3,0,2,0,50,2590,257,0,0
1,0,1,0,47,332,276,1,0
3,1,1,0,31,54,401,0,0
7,0,0,0,56,719,236,0,0
5,1,1,0,34,934,909,0,0
3,1,-1,0,39,10,23,10,0
3,0,2,0,34,602,680,0,0
1,0,0,0,36,508,233,0,0
6,2,1,1,44,608,19,0,0
3,0,2,0,53,4793,26,5,0
3,0,2,0,39,1046,112,0,0
2,0,1,0,50,78,143,0,0
1,1,1,0,31,201,100,0,0
0,0,0,0,38,162,143,0,0
5,1,1,0,29,1117,77,0,0
3,2,1,0,30,457,115,0,1
3,0,1,0,39,4430,13,1,0
0,0,1,0,67,3240,129,0,0
5,1,1,0,34,1,247,0,0
0,2,0,1,45,-255,128,0,0
5,0,1,0,54,66,167,0,0
3,0,1,0,31,-45,184,0,0
1,0,0,0,42,0,942,0,0
0,0,0,1,36,0,89,0,0
7,1,1,0,31,532,90,0,0
1,0,0,0,30,1126,370,0,0
8,2,1,0,40,6322,459,1,0
3,0,-1,0,35,4822,843,0,0
3,1,1,0,29,0,106,0,0
6,1,0,1,30,717,116,0,0
5,0,1,0,49,197,404,1,0
3,0,1,0,47,1303,68,0,0
5,0,1,0,37,766,123,0,0
0,0,0,1,49,934,158,0,0
5,1,2,0,49,655,32,0,0
3,0,1,0,47,1125,1101,0,0
0,0,0,0,33,321,101,0,0
2,2,1,0,31,290,230,0,0
7,0,0,0,36,687,568,0,0
10,1,0,0,24,1535,126,0,0
3,0,1,0,53,-31,82,0,0
1,0,1,0,35,304,3,0,0
5,0,1,0,61,1046,158,0,0
9,2,2,0,58,0,965,0,0
5,0,1,0,41,0,595,0,0
1,1,1,0,35,417,92,0,0
3,0,2,0,53,1138,375,0,0
2,0,2,0,41,740,134,0,0
6,0,1,0,29,1002,50,0,0
8,0,1,0,58,3867,159,2,0
1,1,1,0,59,6284,41,0,0
5,0,1,1,30,182,143,1,0
0,0,0,0,35,-10,168,1,1
3,0,2,0,33,3074,679,0,0
1,1,0,0,37,1894,1925,7,0
7,0,1,0,40,0,61,0,0
3,0,2,0,29,35,149,0,0
0,0,1,0,52,638,213,0,0
0,0,1,0,32,625,352,2,0
5,0,1,0,27,186,136,0,0
0,0,1,0,35,1,246,0,0
2,2,0,0,36,299,583,0,0
4,0,2,0,59,56,432,0,0
1,0,-1,0,33,0,345,0,0
5,0,1,0,48,156,291,0,0
1,0,0,0,46,0,58,0,0
0,1,0,1,32,796,198,1,0
3,0,2,0,45,4696,99,0,0
0,2,0,0,32,948,204,0,0
5,1,1,0,41,748,94,3,0
6,0,1,0,33,2,136,0,1
0,0,1,0,39,2198,418,0,0
1,0,-1,0,47,-598,239,0,0
9,0,0,0,48,5473,232,0,0
6,0,1,0,28,-494,232,0,0
4,0,2,0,62,1084,505,0,0
3,0,1,0,47,2128,98,0,0
3,0,1,1,53,285,242,0,0
0,0,1,0,48,4415,1032,7,0
3,1,1,1,31,210,166,0,0
0,0,0,0,35,2793,258,0,0
0,1,0,0,52,83,1223,0,0
1,1,1,0,33,79,163,0,0
7,1,0,0,26,1444,139,0,0
3,0,2,1,37,15,136,0,0
5,2,1,0,50,381,519,2,0
3,1,0,0,27,567,523,3,0
1,0,1,0,35,483,165,0,0
7,0,0,0,32,102,398,0,0
6,0,1,0,22,817,128,0,0
3,1,1,0,35,398,198,0,0
6,0,1,1,32,1167,668,1,0
10,1,-1,0,32,5969,12,0,0
0,0,0,0,51,6530,91,0,0
6,1,1,0,45,141,111,0,0
1,0,1,0,60,2041,123,7,0
6,1,0,0,30,1788,288,2,0
1,2,0,1,26,3154,121,0,0
5,1,-1,0,37,179,100,0,0
1,0,1,0,39,116,554,0,0
9,0,0,0,63,1528,309,3,0
1,0,1,0,38,5115,99,6,0
0,0,0,0,49,378,230,0,0
5,2,0,1,53,493,64,0,0
5,0,1,0,32,193,294,0,0
0,0,2,0,41,362,217,0,0
3,0,1,0,39,345,179,0,0
3,2,1,0,41,-90,103,0,0
5,0,1,0,39,456,193,0,0
3,0,1,1,46,190,154,0,0
6,1,1,0,33,0,174,0,0
1,1,1,0,40,103,106,0,0
3,0,2,0,47,3067,141,0,0
0,0,0,0,33,2508,42,0,0
6,1,2,1,26,179,333,0,0
0,0,1,0,39,0,21,0,0
1,1,0,0,50,0,393,0,0
8,1,0,0,30,1159,366,0,0
0,0,0,1,59,2365,159,0,0
6,1,1,0,37,21,96,2,0
3,0,2,0,38,2472,176,0,0
3,2,-1,0,55,103,769,0,0
3,0,1,0,25,-23,936,0,0
3,0,1,0,36,722,816,0,0
0,0,0,0,31,4720,460,0,0
3,1,1,0,24,383,101,0,0
3,0,2,0,48,1778,267,0,0
6,0,2,0,53,2618,185,2,0
3,1,0,0,26,644,346,0,0
6,1,1,0,27,1913,216,0,0
1,1,1,0,30,-127,76,0,0
0,0,0,0,28,250,475,0,0
1,0,2,1,59,309,25,0,0
1,0,-1,0,39,0,106,0,0
5,0,1,0,46,974,174,1,0
3,0,2,1,47,2,661,1,0
1,0,1,0,47,19,105,0,0
1,1,1,0,39,-143,93,7,0
5,1,0,0,27,4738,752,0,0
5,1,1,0,27,110,135,0,0
2,0,0,0,35,280,502,0,0
3,0,1,0,36,199,183,0,0
0,0,1,0,51,335,234,0,0
3,1,1,0,33,371,1128,0,0
6,2,1,0,49,579,158,0,0
4,1,0,0,72,1285,179,2,0
3,2,1,1,54,615,230,0,0
0,0,0,0,50,1240,474,0,0
0,0,0,0,44,1732,43,0,0
6,2,1,0,41,787,297,0,0
1,0,1,1,40,4,135,0,0
1,0,1,0,53,2647,121,0,0
3,1,2,0,51,368,205,0,0
1,1,1,0,34,268,248,9,0
0,1,0,0,38,104,606,0,0
0,0,0,0,33,55,526,3,0
0,0,0,0,48,342,452,0,0
3,0,1,1,56,2190,90,1,0
7,1,2,0,35,181,19,0,0
1,0,1,0,38,958,33,0,0
9,0,0,0,34,5011,311,0,0
3,0,2,0,27,60,550,0,0
6,2,1,0,55,1817,404,0,0
3,1,2,0,38,522,156,0,0
3,0,1,0,28,269,615,0,0
3,0,2,0,37,0,79,0,0
0,0,0,0,30,94,87,0,0
1,0,1,1,43,0,539,5,0
3,0,2,0,26,172,410,3,0
6,0,1,1,40,-38,121,0,0
2,0,-1,0,43,0,380,0,0
5,0,0,0,27,2855,240,3,0
0,0,0,0,53,1759,220,0,0
0,0,1,0,36,0,80,0,0
5,1,1,0,28,-215,188,3,0
6,1,1,0,26,1700,13,0,0
3,1,1,0,42,-178,178,0,0
1,2,1,1,33,522,559,0,0
5,0,1,0,31,184,378,0,0
6,2,1,0,55,-404,502,0,1
4,0,2,0,59,4450,106,0,0
0,1,0,0,38,11971,327,0,0
6,1,1,0,41,397,19,0,0
3,0,1,0,58,1859,277,5,0
3,0,2,0,41,-7,104,2,0
4,1,2,1,48,119,177,0,0
3,0,1,1,42,-628,251,0,0
2,2,1,0,44,1,388,0,0
8,0,1,0,25,285,859,0,0
5,0,1,0,39,563,190,0,0
1,0,1,0,54,719,242,1,0
3,0,1,0,41,1165,69,0,0
3,0,1,0,35,253,452,1,0
0,0,0,1,39,-468,88,0,0
5,0,1,0,30,15,257,0,0
0,0,1,0,60,0,321,8,0
-1,0,1,0,54,2206,104,2,0
3,0,2,0,44,321,59,0,0
1,0,0,0,52,2557,340,1,0
0,1,0,0,33,0,454,0,0
0,2,0,0,37,168,227,0,0
0,0,1,0,31,1064,60,0,0
2,0,2,0,60,2408,102,0,0
1,0,1,0,34,1,165,0,0
6,0,1,0,45,744,211,1,0
4,0,-1,0,66,2540,441,1,0
3,0,1,1,34,0,34,12,0
1,0,1,0,48,720,177,0,0
0,0,0,0,53,1356,429,6,0
5,1,1,0,36,13698,136,0,0
3,1,1,0,35,-482,472,0,0
0,0,0,0,38,762,163,0,0
3,0,1,0,36,136,38,0,0
5,0,1,0,32,497,92,0,0
3,0,1,0,46,5,71,0,0
5,0,1,0,60,438,176,0,0
9,0,1,0,38,316,101,0,0
6,0,1,0,38,-448,929,0,0
4,2,0,0,55,-458,1331,0,0
1,0,2,0,49,1569,470,1,0
0,1,0,0,37,767,160,0,0
1,0,1,0,36,0,156,0,0
1,0,1,0,37,6963,158,0,0
3,0,1,0,43,2374,316,2,0
9,0,1,0,39,4136,142,0,0
1,0,0,0,29,676,470,0,0
0,1,0,0,30,114,65,0,0
6,0,1,1,37,-5,43,0,0
5,2,1,1,38,859,52,4,0
1,2,0,0,35,1242,141,3,0
0,1,0,0,32,703,200,0,0
3,0,1,1,29,313,144,0,0
0,0,2,0,50,15035,158,0,0
3,0,2,0,55,145,59,2,0
2,0,1,0,46,583,137,0,0
0,0,0,0,33,1206,72,0,0
5,2,1,0,36,246,206,0,0
8,0,0,0,38,2812,830,0,0
-1,1,-1,0,47,172,23,0,0
1,0,0,0,56,73,644,0,0
0,1,0,0,42,2032,1173,0,0
0,1,0,0,35,644,120,0,0
9,0,2,0,49,889,388,0,0
5,1,1,0,32,4344,79,3,0
1,0,1,0,34,298,42,0,0
6,0,1,0,50,1134,53,0,0
0,0,0,0,59,2764,459,3,0
1,1,1,0,30,516,66,0,0
3,0,2,0,45,644,422,0,0
3,0,2,0,43,-181,351,3,0
1,2,0,1,45,378,67,0,0
9,0,1,0,47,443,222,0,0
0,0,2,1,59,120,102,0,0
9,0,2,0,59,88,63,0,0
3,0,1,0,52,900,117,0,0
4,0,1,0,56,1678,79,0,0
1,0,1,1,29,95,172,0,0
3,1,2,0,31,2369,87,0,0
1,0,1,0,46,1596,106,0,0
3,0,1,0,32,300,166,0,0
3,0,1,0,45,392,391,2,0
0,0,0,1,50,877,181,0,0
1,0,1,1,52,1697,549,0,0
0,0,0,0,35,867,230,0,0
0,0,1,0,58,-382,398,12,0
0,1,0,0,34,2757,126,0,0
4,0,1,1,51,1295,288,0,0
1,0,1,1,31,0,624,0,0
1,1,0,0,30,1109,215,0,0
1,2,1,0,59,879,228,0,0
7,1,0,0,22,780,272,0,0
3,0,1,0,29,5903,194,0,0
5,1,1,0,30,613,180,1,0
1,0,-1,0,48,2106,499,1,0
4,0,1,0,59,493,237,0,0
0,2,0,0,56,382,117,0,0
4,0,1,0,65,1370,177,1,0
6,1,0,0,34,49,250,0,0
3,2,2,0,46,274,20,0,0
1,1,0,0,30,97,417,0,0
2,1,2,0,36,5,396,3,0
6,0,1,0,36,1746,15,1,0
3,0,2,0,45,55,112,0,0
3,1,2,0,38,1375,83,0,0
3,0,1,0,57,0,125,0,0
8,0,2,0,32,9894,118,0,0
5,1,1,0,29,1070,30,1,0
5,0,1,1,48,1099,340,0,0
3,1,1,0,32,2696,238,3,0
3,1,1,0,39,175,17,2,0
5,1,1,0,45,946,56,4,0
3,0,1,0,43,-7,70,0,1
1,0,1,1,33,2284,210,0,0
3,0,1,0,35,262,427,3,0
7,0,1,0,37,160,107,0,0
5,0,1,0,37,1559,81,0,0
1,1,1,0,35,183,516,2,0
6,1,1,0,27,777,131,0,0
3,0,1,0,49,2159,771,0,0
1,0,1,0,65,2303,95,0,0
3,0,1,0,31,428,75,0,0
0,0,0,0,50,305,111,0,0
5,1,1,0,39,223,277,0,0
5,1,1,0,32,254,319,0,0
0,0,0,0,34,1666,36,0,0
3,0,1,0,35,1454,19,0,0
0,2,1,0,45,51,67,0,0
2,0,0,1,38,678,82,1,0
0,0,0,0,57,1660,642,0,0
1,0,0,0,29,43,68,0,0
3,1,2,0,23,8627,169,1,0
0,0,1,0,58,139,188,2,0
6,0,1,0,51,1605,94,0,0
1,1,1,0,32,316,137,0,0
8,1,0,0,40,7968,733,1,0
4,0,2,0,72,2304,510,0,0
3,0,1,0,38,1149,41,0,0
9,0,1,0,60,0,676,5,0
8,0,2,0,57,2743,89,0,0
1,0,0,0,31,636,352,0,0
6,1,1,0,39,0,133,0,0
1,0,1,0,50,10757,276,0,0
1,2,0,0,28,47,304,0,0
5,2,1,0,39,442,204,2,0
1,0,1,0,47,351,367,0,0
1,0,1,0,57,3240,129,0,0
0,0,0,0,54,2819,123,0,0
8,0,0,0,32,394,266,0,0
3,0,2,0,47,159,771,0,0
4,2,2,0,67,2027,161,0,0
8,1,2,0,45,2249,247,0,0
1,0,1,0,36,1368,516,5,0
3,0,1,0,45,79,98,0,0
1,0,1,0,56,147,203,0,0
4,2,2,0,59,81,107,0,0
4,0,2,0,67,2,1118,0,0
1,1,1,0,32,284,161,0,0
4,1,2,0,46,1190,316,0,0
0,1,0,0,32,2343,226,0,0
1,1,0,0,31,387,149,0,0
1,0,1,0,37,729,156,0,0
5,1,1,1,28,-170,720,0,0
1,0,1,0,49,702,145,0,0
3,0,1,0,39,-931,92,0,1
4,1,0,0,72,1285,494,9,0
0,0,0,0,44,0,122,0,0
3,0,1,0,25,1782,549,0,0
3,0,1,0,58,602,201,0,0
3,0,2,0,42,329,22,0,0
1,1,1,0,28,227,278,0,0
0,0,2,0,45,321,918,0,0
4,0,0,0,74,4912,129,0,0
0,0,0,0,49,6613,106,3,0
3,0,1,0,43,2160,261,1,0
0,1,0,0,59,623,212,0,0
1,0,1,0,41,118,339,0,0
0,0,0,1,42,1275,925,0,0
5,2,1,0,53,0,246,1,0
0,0,0,1,53,1348,120,0,0
7,0,1,0,31,0,36,0,0
9,1,0,0,27,979,272,1,0
0,0,0,0,44,0,78,3,0
4,0,2,0,57,243,108,0,0
6,0,1,1,43,-416,114,3,0
10,1,0,0,30,34,289,0,0
4,0,1,0,56,-1206,382,0,0
0,0,0,0,60,205,107,0,0
2,0,2,0,33,165,218,0,0
4,2,2,0,75,46,294,0,0
6,0,2,0,33,6904,114,0,0
6,1,1,1,27,167,606,0,0
0,0,0,0,31,395,155,0,0
1,0,1,0,42,-813,36,0,0
3,0,1,1,28,379,164,0,0
3,1,2,0,39,-100,159,2,0
0,1,0,0,30,520,157,0,0
5,2,1,1,27,2,472,0,0
1,0,2,0,38,217,491,0,0
1,0,1,0,37,-21,229,0,0
3,1,-1,0,35,-532,149,0,1
1,0,1,0,36,23,152,1,0
3,0,1,0,41,-648,104,2,0
1,1,1,1,26,831,84,0,0
1,1,0,0,43,4243,30,0,0
7,0,1,0,50,38,42,0,0
0,1,0,0,49,145,57,38,0
5,2,1,0,34,67,90,0,0
10,1,2,0,23,1235,122,3,0
6,0,1,0,37,1627,602,0,0
0,0,0,0,32,553,72,0,0
1,0,0,0,31,11,651,0,0
1,0,1,0,30,4,17,0,0
3,0,1,1,26,557,282,0,0
3,0,1,0,31,297,480,0,0
0,0,0,0,54,0,140,0,0
7,0,0,0,34,870,58,0,0
3,2,2,0,41,2195,211,0,0
0,1,0,0,33,307,113,4,0
10,1,1,0,26,2572,620,0,0
5,0,1,0,34,220,65,0,0
0,2,0,0,51,986,143,0,0
3,0,1,0,29,3310,276,0,0
3,1,2,0,38,162,200,0,0
0,2,0,0,55,25,404,0,0
10,1,1,0,21,123,513,1,0
10,1,1,0,22,3982,206,0,0
5,0,1,0,53,1203,6,0,0
8,1,1,0,32,1249,160,4,0
1,0,1,0,40,32,55,0,1
9,0,2,0,48,627,21,0,0
4,0,0,0,57,0,141,0,0
3,0,1,0,47,273,163,0,0
0,0,0,0,49,603,590,0,0
3,1,1,0,39,4286,1376,0,0
0,0,0,0,43,657,367,0,0
1,2,1,0,33,4369,433,0,0
1,0,1,0,27,806,768,0,0
8,1,1,0,40,6,134,0,0
6,1,1,0,39,126,211,0,0
3,0,1,1,30,-97,255,1,0
5,2,1,0,43,242,174,0,0
0,1,0,1,35,303,85,0,0
6,1,1,0,24,1611,418,0,0
0,0,2,0,48,3230,207,0,0
3,0,2,0,54,211,200,0,0
1,1,1,0,46,0,42,0,0
0,1,0,0,32,0,282,0,0
3,1,1,0,32,255,175,0,0
6,2,1,0,43,1040,552,0,0
3,2,1,0,35,-566,151,2,0
1,1,1,0,30,1625,90,0,0
1,1,0,0,26,515,775,0,0
4,0,0,0,40,794,138,0,0
1,1,0,0,30,780,339,0,0
3,0,2,0,29,630,219,0,0
0,0,0,1,33,4149,159,0,0
5,1,0,0,39,22086,160,0,0
1,0,1,0,47,0,297,0,0
3,0,1,0,28,1958,196,0,0
0,0,0,0,33,0,295,1,0
4,0,-1,0,52,3303,33,0,0
0,1,0,0,32,1831,86,0,0
5,1,1,0,41,84,238,0,0
5,0,1,0,56,2087,146,0,0
0,0,0,0,42,981,276,0,0
9,0,1,0,39,0,218,0,0
3,0,1,0,41,114,82,0,0
5,0,1,1,51,0,150,1,0
5,0,2,0,57,202,207,2,0
4,0,0,0,58,3628,109,0,0
1,1,0,0,26,3411,236,2,0
3,0,1,0,53,-162,81,0,0
6,2,1,0,50,256,316,0,0
6,0,1,0,35,8412,479,0,0
5,0,1,0,59,1473,106,0,0
1,0,1,0,53,65,178,0,0
0,1,0,0,26,1094,137,0,0
0,0,0,0,29,6586,176,0,0
3,1,1,0,32,228,67,0,0
0,2,1,0,46,270,125,0,0
1,1,1,0,29,362,826,0,0
3,0,1,1,47,13,135,0,0
0,2,0,0,44,1379,119,0,0
4,2,1,0,64,4833,621,3,0
3,0,2,0,47,2749,774,1,0
1,0,1,0,51,463,213,0,0
1,0,1,0,36,4587,271,0,0
4,0,2,1,40,0,181,0,0
0,0,2,0,54,879,191,0,0
5,0,1,0,37,1967,242,1,0
3,0,2,0,46,225,157,0,0
1,1,0,0,31,252,107,0,0
3,0,2,0,45,1227,127,0,0
1,0,1,0,35,0,309,0,0
3,0,0,1,33,870,545,0,0
4,2,-1,0,78,0,259,0,0
4,0,-1,1,58,-230,133,0,0
0,0,0,0,34,276,216,0,0
5,0,-1,0,59,0,242,0,0
1,1,1,0,30,224,298,0,0
4,2,2,0,80,235,577,3,0
5,2,1,0,29,201,121,0,0
3,1,1,0,39,82,147,0,0
3,1,2,0,38,1351,96,0,0
0,0,0,0,46,4039,716,0,0
1,1,1,0,32,5600,77,0,0
1,0,0,1,37,-681,280,0,1
5,0,1,0,51,3025,476,1,0
0,2,1,0,54,300,329,2,0
1,0,1,1,52,371,224,1,0
1,0,1,0,30,2326,420,2,0
5,0,1,1,32,1539,218,0,0
3,0,1,0,38,475,412,0,0
5,0,1,0,39,170,408,0,0
3,0,-1,0,42,408,107,0,0
3,0,2,0,36,441,100,1,0
3,0,1,0,41,1915,245,0,0
1,0,0,0,33,6843,755,10,0
3,0,2,0,43,12618,25,0,0
3,0,1,0,34,1089,394,0,0
5,0,1,0,58,145,616,0,0
0,2,0,0,35,0,100,0,0
0,0,0,0,48,5326,116,0,0
1,1,1,0,29,-397,114,0,1
6,1,1,0,32,91,241,0,0
9,0,2,0,46,296,205,0,0
3,0,1,1,35,280,65,0,0
0,1,0,0,30,2,269,0,0
1,0,1,1,53,6671,72,0,0
0,0,0,0,30,151,121,0,0
6,0,1,1,39,1323,188,0,0
7,1,1,0,25,1242,615,0,0
0,0,0,0,46,0,96,0,0
9,2,1,0,38,70,255,1,0
0,2,1,0,39,-17,316,4,0
3,0,1,0,56,126,113,0,0
6,0,1,0,27,94,352,0,0
5,0,2,0,44,248,234,0,0
4,0,0,0,71,653,471,1,0
7,0,0,0,42,52,432,0,0
1,0,1,0,47,201,254,0,0
0,2,0,0,45,6200,103,0,0
5,1,2,0,42,629,164,0,0
0,1,0,0,41,4477,357,0,0
5,2,1,1,38,407,146,1,0
1,0,1,1,56,1199,336,0,0
6,0,1,1,31,-489,392,0,0
5,0,1,0,35,530,149,0,0
6,0,1,0,50,1,80,0,0
5,1,0,0,30,305,633,2,0
2,0,1,0,57,5657,146,0,0
1,1,1,0,32,116,718,0,0
1,0,1,0,40,-312,198,0,0
1,1,1,0,36,125,676,0,0
5,0,1,0,30,4,7,0,0
3,0,2,0,35,0,90,0,0
6,1,1,0,23,665,1183,0,0
0,0,0,0,73,1609,169,0,0
1,0,1,0,55,1205,158,0,0
6,2,2,1,53,0,206,0,0
5,0,1,1,53,244,197,0,0
2,0,1,0,47,2192,134,0,0
3,0,2,1,36,679,115,0,0
1,0,0,0,31,3192,179,2,0
3,0,2,1,27,300,209,0,0
5,0,1,0,45,369,20,0,0
9,1,2,0,34,443,10,1,0
0,0,0,0,51,-714,83,0,0
5,1,1,0,41,2015,480,0,0
2,0,1,0,42,46,1013,0,0
5,0,1,1,35,786,322,0,0
3,2,1,0,40,125,349,0,0
10,0,-1,0,42,-7,41,0,0
1,2,1,0,35,48,73,0,0
3,0,2,0,58,73,116,0,0
5,2,2,1,46,505,119,0,0
10,1,1,0,25,722,172,0,0
5,0,1,0,47,3676,567,3,0
5,1,1,0,26,2509,776,3,0
3,1,2,0,25,4599,120,0,0
2,1,1,0,34,339,110,2,0
1,0,1,0,38,0,65,0,0
9,2,-1,0,59,873,152,0,0
3,1,1,0,34,297,407,0,0
9,2,2,0,34,46,31,0,0
5,1,1,0,34,280,86,0,0
5,0,1,0,27,16,54,0,0
0,0,0,0,37,-491,80,0,0
3,0,1,0,44,6491,126,1,0
1,0,0,0,57,1103,399,0,0
7,0,1,0,32,409,217,0,0
1,1,1,0,33,1994,57,0,0
3,1,1,0,28,-267,86,0,0
1,1,2,0,44,148,311,0,0
0,0,0,0,34,3050,469,0,0
5,0,1,0,52,979,156,1,0
3,0,-1,1,39,638,83,0,0
2,0,2,0,34,165,182,1,0
7,0,1,1,37,0,320,0,1
5,1,1,0,28,157,155,0,0
3,2,2,1,50,-10,369,0,0
8,0,0,0,33,3335,98,0,0
7,0,1,0,39,4722,483,0,0
0,1,0,0,28,0,767,0,0
1,1,0,0,31,1081,202,2,0
3,0,1,1,53,2267,57,0,0
5,0,1,0,38,1073,207,0,0
3,0,1,0,38,279,379,0,0
3,0,1,0,34,262,89,1,0
0,2,0,0,47,-130,221,5,0
0,0,0,0,50,78,218,9,0
10,1,0,0,27,32,239,0,0
5,0,1,0,31,734,195,0,0
0,1,1,0,35,-202,268,0,1
4,2,1,0,51,1679,417,9,0
3,0,2,0,40,98,193,0,0
0,0,1,0,43,481,164,2,0
6,1,1,1,28,60,248,0,0
3,0,1,0,49,5058,255,4,0
0,1,0,0,40,3797,263,2,0
0,1,0,0,31,533,372,10,0
6,0,1,0,38,293,70,0,0
6,0,1,0,25,0,12,0,0
5,0,1,0,35,1345,163,1,0
1,0,1,0,26,523,216,0,0
4,2,0,0,60,4,415,5,0
9,0,1,0,38,-278,143,0,0
5,0,1,0,26,2469,136,0,0
1,2,-1,0,43,4389,632,1,0
3,0,2,0,51,1491,206,0,0
3,0,2,0,40,2635,20,0,0
3,0,2,0,28,507,359,0,0
3,0,1,0,32,557,388,1,0
5,0,1,0,34,16489,145,0,0
2,0,0,0,37,0,118,0,0
10,1,1,0,28,689,36,0,0
1,2,1,0,43,0,150,2,0
3,0,1,0,40,0,54,0,0
0,0,2,0,55,366,161,1,0
6,0,0,1,35,6,316,0,0
2,0,0,0,42,5345,878,0,0
3,0,1,0,49,93,212,0,0
3,0,1,0,49,598,219,0,0
1,1,0,1,28,-594,296,2,0
5,0,1,1,59,373,362,0,0
0,0,0,1,32,268,106,0,0
0,1,0,0,39,257,58,0,0
5,1,1,0,30,2702,129,0,0
3,1,1,0,42,7547,1569,0,0
6,0,1,1,36,33,81,0,0
4,0,2,0,72,806,169,0,0
4,0,1,0,66,3473,441,0,0
1,1,1,0,35,-229,100,0,0
4,0,2,1,58,-257,163,0,0
0,0,0,0,37,2364,662,0,0
2,0,2,0,53,27,230,0,0
2,0,2,1,50,237,184,0,0
1,0,0,0,38,128,183,0,0
3,0,2,0,45,804,528,0,0
5,0,0,0,35,690,108,0,0
5,0,1,0,39,3732,515,2,0
1,0,1,0,34,4,644,0,0
1,0,1,0,36,569,265,5,0
6,0,2,1,27,-90,175,0,0
6,1,1,0,41,-278,17,3,0
9,2,0,0,45,2098,81,0,0
1,1,1,0,34,3311,197,0,0
3,0,1,0,41,2039,729,0,0
5,0,1,0,39,260,226,4,0
0,1,0,0,29,572,314,1,0
1,0,1,1,55,1938,193,3,0
5,2,1,0,35,1224,187,0,0
0,2,1,0,45,0,395,0,0
3,0,0,0,47,1707,71,0,0
4,0,2,0,77,121,191,0,0
5,0,1,1,37,-498,175,0,0
9,0,2,1,43,18,192,0,0
9,1,0,0,56,1947,110,0,0
0,0,0,0,56,3610,162,0,0
1,1,1,1,29,-2,9,0,0
-1,1,-1,0,28,326,450,1,0
0,0,1,0,55,190,271,0,0
0,0,0,0,32,272,188,1,0
10,1,1,0,21,347,77,0,0
3,0,2,0,50,1164,166,0,0
5,2,1,0,44,163,1669,0,0
1,1,0,0,26,401,188,0,0
3,1,2,0,33,-104,34,16,0
6,1,1,0,34,3080,27,0,0
3,0,2,0,43,2105,36,0,0
0,0,0,0,45,2077,163,0,0
0,0,0,1,35,656,83,0,0
8,1,0,0,28,7,20,0,0
3,0,1,1,35,0,291,1,0
0,0,0,0,60,1574,189,1,0
3,0,1,0,41,795,147,0,0
1,0,0,0,38,1092,317,0,0
3,1,2,0,44,-24,564,0,0
4,0,2,1,55,159,184,0,0
3,0,1,0,31,671,704,0,0
4,0,2,0,51,1495,1946,0,0
3,0,2,0,39,800,76,0,0
3,0,1,0,36,512,343,0,0
0,0,1,0,39,517,387,2,0
3,0,1,0,30,0,439,0,0
3,0,1,0,34,262,339,0,0
3,1,1,0,34,7541,541,0,0
0,1,0,0,52,824,466,2,0
0,1,0,0,36,900,499,0,0
3,1,1,0,35,40,617,0,0
0,1,0,0,27,118,132,0,0
2,0,-1,0,28,1034,113,0,0
3,1,2,1,27,-71,70,0,0
9,0,2,0,33,451,327,0,0
1,2,0,0,45,10768,104,0,0
3,0,2,0,43,0,3,0,0
7,0,1,0,51,1377,9,0,0
1,1,1,0,40,360,73,0,0
1,2,1,0,37,5733,105,0,0
1,0,1,1,51,18,363,0,0
5,0,1,0,46,70,229,0,0
0,0,2,0,46,-292,100,0,0
9,0,2,0,38,21,634,0,0
0,1,0,0,30,1572,200,0,0
1,1,0,0,40,47,110,0,0
0,0,0,0,33,5289,487,0,0
8,0,2,0,59,13836,733,0,0
2,0,1,0,33,1034,23,6,0
3,0,2,0,43,223,112,2,0
1,2,1,0,50,116,40,14,0
7,0,1,0,31,263,150,0,0
1,1,0,0,39,5803,83,0,0
6,0,1,0,36,3740,254,0,0
1,0,1,0,35,1,215,0,0
10,1,-1,1,27,910,77,0,0
0,2,0,0,31,0,953,0,0
2,0,0,1,39,345,110,0,0
0,0,0,0,34,697,166,0,0
1,1,1,0,33,151,86,0,0
0,1,0,0,37,-533,234,0,0
3,1,1,0,27,370,128,0,0
3,1,2,0,34,505,351,0,0
0,0,-1,0,48,7861,380,0,0
8,1,0,0,26,77,175,0,0
8,0,1,0,46,562,491,0,0
1,2,1,1,51,-406,150,0,0
0,0,-1,0,51,6482,182,0,0
0,0,0,0,47,761,80,0,0
1,0,1,0,32,3322,380,4,0
5,0,1,1,60,39,208,0,0
1,0,1,1,53,137,129,0,0
0,1,0,0,31,3289,235,1,0
7,1,0,0,30,578,142,0,0
1,0,1,0,49,3033,125,0,0
1,1,1,0,30,0,173,1,0
3,0,1,0,24,-220,401,1,0
3,0,1,0,36,249,709,0,0
6,0,1,0,34,2825,198,0,0
5,0,1,0,36,953,77,1,0
2,0,0,1,42,287,83,0,0
6,0,1,0,50,486,203,0,0
7,0,0,0,31,414,169,0,0
4,0,-1,0,60,3875,55,0,0
0,0,1,1,54,282,154,0,0
0,0,0,0,53,7067,82,0,0
5,0,1,0,46,1069,45,0,0
5,1,0,0,25,1734,366,0,0
0,1,0,0,38,-119,185,0,0
7,0,0,0,32,1423,1249,0,0
8,1,1,0,37,687,271,0,0
3,0,1,0,30,554,100,0,0
4,0,2,0,58,657,128,0,0
0,1,0,0,46,379,83,0,0
3,0,2,0,59,4143,122,0,0
3,0,1,0,44,-617,172,0,1
0,2,0,1,26,-402,66,2,1
0,0,0,0,33,22867,165,5,0
5,0,1,0,41,158,426,2,0
3,1,-1,0,30,-570,12,0,0
6,0,1,0,39,0,793,0,0
5,1,1,0,29,914,344,0,0
3,0,2,0,37,253,59,2,0
5,0,2,0,48,4459,439,1,0
1,1,-1,0,44,509,71,0,0
0,1,0,0,36,0,174,0,0
0,1,0,1,27,0,46,0,1
8,2,1,0,40,507,134,7,0
3,2,2,0,53,4401,254,0,0
2,0,1,0,43,1516,318,0,0
1,2,1,0,32,202,429,1,0
3,0,2,0,43,2598,272,0,0
5,1,1,0,23,749,315,0,0
1,0,1,1,55,0,88,0,0
6,0,1,0,45,4,709,0,0
4,0,1,0,57,466,641,0,0
8,1,2,0,23,1003,8,0,0
3,0,1,0,40,2279,104,0,0
7,1,1,0,31,360,592,0,0
0,1,0,1,35,2576,136,4,0
3,0,2,0,33,331,435,3,0
2,0,2,0,55,214,217,0,0
1,1,1,0,29,-218,73,0,0
0,2,0,0,44,6486,272,0,0
7,0,1,1,51,34,200,0,1
0,0,0,0,40,0,147,8,0
0,1,1,1,33,-665,188,0,0
1,0,1,0,57,2625,465,0,0
3,0,1,0,31,1981,198,2,0
1,1,1,0,31,31868,34,0,0
3,1,2,0,23,145,1519,0,0
1,1,0,0,38,221,79,0,0
8,0,1,0,41,2423,101,0,0
0,0,0,0,52,1319,113,0,0
6,1,2,0,60,313,920,0,0
0,0,0,0,33,2126,174,0,0
6,0,1,0,43,2126,92,0,0
6,1,1,0,26,-74,147,0,0
0,0,0,0,49,502,379,0,0
3,0,1,0,39,599,53,0,0
3,2,1,0,38,316,223,2,0
1,1,1,0,35,0,111,0,0
0,0,-1,0,46,802,445,1,0
5,1,1,1,53,-285,328,0,0
0,1,0,0,31,1411,121,0,0
9,0,2,1,31,979,298,0,0
9,2,0,0,55,6920,406,0,0
1,0,1,0,37,-403,31,0,0
3,1,-1,1,29,694,1806,0,0
6,1,1,0,41,-68,100,0,0
3,1,1,0,39,393,339,0,0
0,0,0,0,38,-558,533,0,0
6,1,1,0,39,158,354,0,0
1,0,0,0,43,0,1488,0,0
4,0,0,0,89,553,2027,0,0
0,1,0,1,31,-429,207,0,0
0,0,0,0,35,2161,569,0,0
5,2,1,0,47,-480,360,0,0
1,0,0,0,47,2408,236,1,0
3,0,1,0,36,2357,228,0,0
3,0,2,0,35,2212,320,4,0
1,1,1,0,43,59,107,0,0
0,1,1,0,40,9916,98,0,0
10,1,1,0,23,43,4,0,0
5,2,0,1,37,0,139,0,0
8,1,1,0,35,2116,409,0,0
1,2,1,0,46,435,192,0,0
0,1,1,0,46,5993,165,3,0
4,2,2,1,58,2745,469,0,0
3,1,2,0,32,216,87,1,0
4,0,1,0,55,905,861,1,0
5,0,1,1,52,32,103,0,0
6,0,1,0,38,1559,162,0,0
5,1,1,1,31,160,233,0,0
2,0,1,0,35,2074,144,0,0
1,1,0,0,41,1646,172,8,0
0,0,0,0,34,158,212,6,0
3,0,1,0,53,-626,205,0,0
6,0,1,0,54,3601,238,0,0
3,2,1,0,35,3102,138,0,0
3,2,1,0,40,0,121,0,0
6,0,1,0,45,88,87,0,0
6,0,1,0,32,2833,415,0,0
3,0,2,1,41,2770,191,0,0
0,0,0,1,48,0,204,1,0
6,1,1,1,25,55,217,0,0
1,0,1,0,37,630,241,0,0
1,0,1,0,42,27,259,0,0
0,1,0,0,32,863,264,0,0
0,1,0,0,54,2081,147,0,0
1,0,1,0,41,169,296,0,0
10,1,1,0,27,6036,175,1,0
3,2,1,0,34,164,102,0,0
3,2,2,0,40,0,333,0,1
3,1,1,0,29,445,139,0,0
0,0,0,0,58,0,358,0,0
6,1,1,1,33,91,376,0,0
3,0,1,0,48,113,255,5,0
9,0,2,0,55,10,174,0,0
0,0,0,0,35,4124,350,7,0
0,0,0,0,30,6432,334,5,0
3,2,2,1,39,190,96,0,0
0,0,2,0,56,1172,91,0,0
2,0,2,0,60,987,102,0,0
3,1,2,1,35,1147,29,0,0
0,0,0,0,54,2226,514,0,0
6,0,1,1,31,-230,715,0,0
6,2,1,1,39,2,62,0,0
2,2,1,1,46,1187,92,1,0
0,0,0,0,34,703,342,0,0
8,0,1,1,55,-246,305,0,0
3,0,2,1,28,278,31,4,0
1,0,1,0,34,-173,85,0,0
1,0,1,0,31,2420,166,0,0
6,0,1,1,31,-455,168,0,1
1,1,0,0,31,3729,176,10,0
1,2,1,0,32,75,129,0,0
7,0,1,0,55,12159,142,2,0
0,0,0,0,33,296,142,0,0
3,1,-1,0,30,306,314,0,0
2,0,1,0,35,350,345,0,0
3,0,2,0,38,0,78,2,0
8,2,1,0,30,1144,252,0,0
0,0,2,0,58,4850,179,0,0
0,0,0,0,34,496,105,0,0
5,2,1,0,52,2002,103,0,0
3,0,1,0,34,765,238,0,0
3,0,2,0,48,476,856,0,0
3,0,1,0,58,584,339,0,0
4,0,1,0,57,1841,302,0,0
5,0,2,0,49,458,381,0,0
0,0,0,0,46,99,569,0,0
0,1,0,0,43,778,230,0,0
5,0,1,0,35,5250,343,1,0
1,1,-1,0,43,11115,291,3,0
3,1,-1,0,37,-114,113,0,0
3,1,1,0,31,545,195,0,0
7,1,0,0,37,1758,98,0,0
0,1,0,1,26,-630,192,0,0
4,0,2,0,64,48,167,1,0
4,0,0,0,65,1973,396,0,0
3,1,1,0,53,105,239,0,0
7,2,1,1,40,1876,269,0,0
0,0,0,0,53,146,150,0,0
5,1,1,0,37,862,85,2,0
1,1,0,0,38,5122,370,1,0
4,0,2,0,58,1980,255,0,0
4,2,2,0,83,20,65,0,0
0,1,0,0,30,232,141,0,0
1,0,-1,0,35,86,33,0,0
0,0,0,0,41,1132,95,0,0
5,0,1,0,30,8781,898,0,0
5,0,1,0,39,0,366,10,0
7,0,0,0,36,11387,134,0,0
5,1,1,0,27,1,42,0,0
3,0,1,0,33,66,182,0,0
3,0,1,1,33,833,62,0,0
6,0,1,1,42,714,211,5,0
3,2,2,0,52,528,307,0,0
0,2,0,0,37,153,221,2,0
7,1,0,0,28,0,1560,0,0
0,1,0,0,29,74,174,0,0
1,0,0,0,36,421,793,0,0
3,2,1,0,38,2641,67,0,0
0,1,0,1,32,14,53,0,0
7,0,1,0,45,706,78,1,0
5,2,1,0,44,777,517,2,0
3,0,1,0,43,1495,141,0,0
3,0,1,0,49,16,193,0,0
0,0,1,0,34,487,442,0,0
7,0,1,0,38,-165,230,0,0
3,0,2,0,42,969,721,0,0
0,0,2,0,55,384,75,0,0
5,1,1,0,31,162,247,0,0
3,2,-1,0,39,463,169,0,0
3,0,1,0,41,203,342,0,0
3,1,1,0,25,377,1412,0,0
5,0,1,0,50,284,106,3,0
3,0,2,1,47,584,337,0,0
3,1,2,0,35,337,127,0,0
6,0,1,1,38,123,202,0,0
9,1,0,0,30,19,139,5,0
3,0,1,0,35,449,395,0,0
3,0,2,0,34,500,240,1,0
6,0,1,0,42,3620,22,0,0
0,1,1,1,32,0,385,0,0
4,2,1,0,77,3417,134,0,0
1,2,1,0,50,0,120,6,0
0,0,1,0,33,-15,247,0,0
5,0,1,1,32,-540,53,0,0
1,0,1,0,39,251,342,0,0
9,1,2,1,42,206,148,0,0
5,0,1,0,49,5361,70,0,0
0,1,0,0,43,690,58,0,0
0,0,0,0,37,-57,37,0,0
1,1,-1,0,27,0,168,0,0
3,2,1,0,40,973,449,0,0
3,0,2,0,38,689,585,2,0
0,0,0,0,48,0,60,0,0
3,0,1,1,43,701,69,0,0
1,0,1,0,56,1750,629,0,0
1,0,1,0,47,1387,219,0,0
4,0,0,0,57,1292,89,0,0
3,1,1,0,27,0,504,0,0
8,0,1,0,39,0,73,0,0
0,1,0,0,48,145,14,0,0
6,0,1,0,49,388,1032,0,0
1,0,1,0,37,83,68,1,0
3,0,1,0,38,56,238,0,0
3,1,1,0,28,-46,199,14,0
6,0,1,1,43,-416,80,0,0
2,0,1,0,45,-479,167,0,0
7,0,0,0,38,585,34,0,0
7,0,0,1,42,1430,16,0,0
-1,0,1,0,31,111,504,2,0
0,0,0,0,32,393,458,0,0
3,0,1,0,34,2926,90,0,0
6,0,1,0,30,33,36,0,0
6,0,1,0,27,100,57,0,0
5,2,1,0,56,0,100,2,0
4,0,0,0,57,138,157,0,0
0,0,0,0,70,10171,65,0,0
1,0,0,0,29,534,452,0,0
1,2,1,0,45,88,55,0,0
1,0,1,0,43,2344,111,0,0
4,2,1,0,60,0,91,0,0
6,1,1,0,29,2559,214,0,0
3,0,2,0,31,1601,521,0,0
10,1,-1,0,23,565,162,0,0
4,0,2,0,64,440,495,0,0
1,0,1,0,39,49,379,0,0
7,0,1,0,42,0,58,0,0
3,0,2,0,33,163,135,0,0
0,0,-1,0,51,712,287,0,0
3,2,1,0,38,595,245,0,0
1,0,1,0,39,1587,171,0,0
5,0,1,0,40,1060,14,0,0
0,0,0,0,54,12,77,0,0
0,0,0,0,47,0,213,0,0
1,1,1,0,24,-156,4,0,0
1,1,1,0,23,3092,56,0,0
1,0,1,0,51,195,78,0,0
7,1,0,0,32,368,149,0,0
3,1,1,0,27,28,68,0,0
0,1,0,0,31,2336,224,0,0
3,0,1,0,45,-258,384,0,0
3,0,2,0,33,50,246,0,0
0,0,0,0,37,1353,101,0,0
1,1,1,1,33,77,354,0,0
3,0,2,0,55,3485,625,0,0
0,1,0,0,25,222,114,0,0
1,1,0,0,38,876,5,4,0
1,0,1,0,42,3,11,0,0
0,1,0,0,26,4116,301,0,0
1,0,1,0,37,28,101,0,0
1,2,1,1,52,511,98,0,0
3,1,2,0,30,71,122,0,0
0,0,1,0,59,42,40,0,0
0,2,0,0,58,4256,121,0,0
1,2,0,0,45,0,58,0,0
0,1,0,0,34,1,76,0,0
0,0,0,0,33,1782,437,0,0
3,0,1,0,36,2774,172,0,0
7,0,1,0,55,2408,172,0,0
5,0,1,0,53,1796,145,0,0
3,0,2,0,43,632,440,0,0
3,1,1,0,29,2806,294,5,0
4,0,2,0,43,400,282,0,0
6,2,1,0,51,0,273,0,0
1,1,1,0,43,214,335,0,0
1,1,1,1,32,648,166,0,0
1,1,1,0,27,405,256,0,0
0,0,0,0,42,202,136,0,0
8,1,0,0,30,1683,162,0,0
0,0,0,0,25,4461,796,0,0
3,0,1,0,38,924,108,0,0
3,0,2,1,36,973,293,0,0
3,0,2,0,39,3324,96,1,0
0,0,0,0,55,33,246,0,0
3,0,1,0,29,0,186,0,0
0,1,0,0,33,-61,50,0,0
0,1,0,0,47,-230,293,0,0
5,0,1,0,54,426,205,0,0
6,1,2,0,22,35,106,0,0
5,0,1,0,33,6,386,3,0
0,0,2,0,47,530,457,0,0
3,0,1,0,45,746,261,0,0
1,2,1,0,43,-36,190,1,0
0,0,2,0,56,21,118,0,0
4,0,2,0,58,0,566,0,0
2,0,-1,1,53,2496,94,0,0
6,2,1,0,32,130,194,0,0
3,2,1,1,42,47,141,0,0
0,0,0,0,34,-73,90,0,0
8,0,1,1,36,-872,153,0,0
2,0,2,0,32,56,389,0,0
4,0,1,0,60,0,149,0,0
0,0,0,0,39,-409,590,0,0
3,1,1,0,32,135,232,0,0
0,2,0,0,42,0,61,0,0
6,2,1,0,46,15,314,0,0
1,1,1,1,26,-266,667,0,0
9,0,1,0,42,808,121,0,0
5,2,1,1,42,0,185,0,0
0,0,0,0,35,3109,467,0,0
7,1,0,1,33,562,196,1,0
1,0,0,0,32,133,421,0,0
3,0,1,1,32,20,117,0,0
3,0,1,0,46,0,127,0,0
8,1,0,0,54,252,101,0,0
1,0,1,0,53,1776,443,0,0
7,1,1,0,36,3670,617,0,0
1,0,1,0,46,-220,203,0,0
0,0,0,0,44,3762,125,0,0
7,2,1,0,51,7848,59,0,0
0,1,0,1,39,26,304,0,0
3,1,1,1,26,188,46,0,0
0,1,0,0,39,0,271,3,0
8,0,1,0,53,2057,134,0,0
1,0,1,0,46,1307,404,0,0
6,0,1,0,44,-63,392,0,0
1,0,1,0,33,3572,85,0,0
3,1,2,0,34,-175,40,0,0
4,2,2,0,70,828,433,0,0
3,0,1,0,40,3122,344,0,0
5,0,1,0,28,934,53,0,0
1,0,0,0,34,31,108,0,0
1,1,1,0,28,-1042,712,0,1
1,1,1,0,35,1227,1005,10,0
3,2,2,0,32,-156,129,0,0
2,0,1,0,40,285,133,0,0
0,0,0,1,38,5432,707,2,0
1,1,0,0,30,4459,149,0,0
3,0,1,0,60,414,147,0,0
5,0,1,0,42,247,76,0,0
6,1,0,0,38,323,138,0,0
1,0,1,1,54,473,182,1,0
0,0,0,0,40,0,61,0,0
1,2,1,0,35,54,73,0,0
0,2,0,0,30,46,382,0,0
6,0,1,0,45,6397,117,0,0
0,0,0,0,36,6,166,0,0
0,1,0,0,32,0,98,1,0
5,2,1,0,44,776,150,0,0
0,0,0,0,36,-633,106,0,0
1,0,1,0,45,-312,268,0,0
5,0,1,0,52,686,544,0,0
1,1,1,0,51,-463,496,3,0
5,0,-1,0,46,2033,99,5,0
0,0,0,0,35,481,73,0,0
4,2,1,0,61,291,286,0,0
3,1,1,0,32,604,410,2,0
0,0,0,0,33,1138,73,0,0
5,0,0,1,44,348,170,0,0
6,0,2,1,34,31,53,0,0
10,1,1,0,26,279,239,0,0
5,1,1,0,51,3132,459,0,0
0,0,0,1,36,441,160,0,0
3,0,1,0,37,43,250,0,0
6,0,1,0,48,517,273,0,0
0,0,0,0,39,2810,77,0,0
0,0,0,0,50,5794,625,0,0
1,1,1,0,22,4659,53,0,0
6,0,1,0,35,52,328,4,0
2,0,1,0,38,197,979,0,0
8,0,2,0,59,19102,462,0,0
1,2,1,0,57,-305,43,0,0
5,0,1,0,50,2678,1011,0,0
4,0,1,1,57,91,256,0,0
9,0,2,0,32,0,90,0,0
1,1,1,0,35,-476,57,4,0
1,2,1,1,59,-296,34,0,0
1,1,0,0,33,258,80,0,0
9,0,0,0,38,5669,31,0,0
4,0,1,0,53,1554,138,0,0
6,0,1,0,50,1687,205,0,0
6,1,0,0,32,785,273,0,0
2,0,1,0,34,-538,428,0,1
1,2,1,0,56,1561,75,0,0
1,2,1,0,30,3028,65,0,0
0,0,2,0,50,478,126,0,0
3,2,2,1,43,1260,17,0,0
3,0,2,0,50,71,678,0,0
5,0,1,0,31,307,538,0,0
1,0,1,0,38,114,117,0,0
3,1,1,0,26,249,235,5,0
7,1,0,0,28,75,245,0,0
1,0,1,0,45,3583,191,0,0
5,1,1,0,29,103,502,0,0
7,0,1,0,35,-56,162,3,0
5,0,0,1,33,1636,105,1,0
1,0,1,0,34,159,252,0,0
0,1,1,0,33,1473,43,0,0
5,0,1,0,39,0,29,0,0
3,1,1,0,31,184,178,0,0
0,0,0,0,33,91,526,0,0
7,0,1,0,54,12159,183,0,0
3,0,2,1,31,576,230,0,0
3,1,1,0,34,-947,211,0,1
6,0,1,0,39,1205,118,0,0
2,0,0,0,25,30,254,0,0
1,1,0,1,35,172,52,0,0
4,0,0,0,60,0,363,0,0
4,0,0,0,73,1843,106,0,0
0,2,0,0,57,408,402,1,0
3,0,1,1,37,-57,55,0,0
3,0,1,0,41,-100,20,0,0
0,0,2,0,52,3343,227,0,0
1,1,1,0,31,691,198,0,0
3,1,1,0,29,2553,250,0,0
3,1,1,1,27,-247,264,0,0
0,0,0,0,50,112,70,5,0
0,1,0,0,33,109,122,0,0
5,1,0,0,32,291,223,5,0
3,0,2,0,31,352,97,0,0
5,2,2,0,47,1095,171,2,0
5,2,1,0,42,0,226,0,1
3,0,1,0,31,1529,231,0,0
1,0,1,0,35,513,377,0,0
0,0,0,0,47,109,91,1,0
1,1,1,0,33,390,254,0,0
0,0,0,0,33,0,244,0,0
1,0,0,0,59,4445,96,0,0
0,0,1,0,47,177,95,0,0
8,1,0,0,28,0,39,0,0
1,2,2,0,56,13,357,0,0
1,0,1,0,32,3184,135,0,0
7,1,0,0,32,519,317,1,0
1,1,0,0,34,228,387,0,0
-1,0,-1,0,65,4717,256,0,0
9,0,2,0,45,8692,108,0,0
3,1,2,0,27,5,182,0,0
1,0,2,0,46,718,80,1,0
3,0,2,0,36,650,170,0,0
5,0,1,0,38,76,129,0,0
3,0,1,1,55,989,246,0,0
3,0,1,1,38,625,210,0,0
3,0,2,0,34,329,952,1,0
3,0,2,0,44,1704,312,0,0
3,0,1,0,42,250,42,0,0
4,0,0,1,55,197,256,0,0
3,0,2,0,34,765,111,0,0
3,0,-1,0,44,189,175,0,0
3,0,2,1,41,293,102,0,0
4,1,2,1,55,700,141,0,0
0,0,0,0,29,318,1434,4,0
1,2,1,0,35,0,124,0,0
3,0,-1,0,60,104,22,0,0
3,1,1,0,28,38,31,0,0
3,0,-1,0,50,1389,162,0,0
1,0,1,1,33,-534,16,0,0
0,1,0,0,37,3452,8,0,0
3,0,1,1,36,80,234,4,0
3,0,1,1,42,4,229,0,0
5,1,1,0,27,276,311,0,0
3,0,1,0,53,148,66,1,0
9,0,1,1,39,1029,133,0,0
5,0,1,0,30,1589,51,0,0
8,1,1,0,31,8304,164,1,0
10,1,1,0,26,6036,152,0,0
8,1,1,0,21,280,280,0,0
3,0,1,1,38,566,318,6,0
1,0,1,1,28,930,112,0,0
0,1,0,0,34,2561,554,0,0
1,0,1,0,33,390,460,0,0
8,0,1,1,35,1054,106,0,1
3,0,1,0,47,1484,274,0,0
7,2,0,0,50,13,76,0,0
0,1,0,0,49,163,496,0,0
4,0,1,0,68,1146,356,5,0
7,1,-1,0,24,1179,122,0,0
1,0,1,0,49,6312,93,0,0
4,0,2,0,67,708,96,0,0
2,1,2,0,23,4,395,0,0
3,1,1,1,32,5,134,0,0
2,0,0,0,30,366,75,0,0
3,0,1,0,48,1730,489,2,0
4,0,1,0,58,2609,136,0,0
0,2,0,0,56,4266,490,0,0
5,1,1,0,32,554,101,5,0
3,0,2,0,37,3370,156,0,0
0,1,1,0,40,269,128,0,0
3,0,1,0,32,363,431,0,0
1,1,0,0,29,2485,48,0,0
3,0,1,0,39,4777,103,0,0
7,1,1,0,33,136,30,13,0
5,2,1,0,60,174,241,1,0
5,1,0,0,28,4,148,0,0
3,1,1,1,39,519,180,15,0
1,0,1,0,41,1270,1389,0,0
5,0,1,0,37,313,11,0,0
3,0,1,1,45,430,140,0,0
6,2,1,0,30,-94,41,0,0
3,0,-1,0,50,2284,1088,0,0
3,0,2,0,43,8014,523,0,0
1,1,1,0,26,237,1091,0,0
0,2,0,0,46,-154,201,0,0
2,0,1,0,41,353,90,0,0
1,1,1,0,28,1363,79,0,0
2,2,0,0,45,1867,144,0,0
1,2,1,0,40,2394,75,0,0
3,0,1,0,33,931,272,1,0
4,2,2,0,58,720,250,4,0
3,0,2,1,60,1262,1015,0,0
0,0,0,0,48,20718,125,0,0
9,1,1,0,48,1042,129,0,0
5,2,1,0,43,1076,223,1,0
0,0,0,0,58,1016,78,1,0
0,2,0,0,57,3287,867,3,0
0,1,0,0,36,832,237,0,0
0,0,2,0,34,2026,100,0,0
7,0,1,0,55,39,20,0,0
6,1,1,0,25,88,121,0,0
1,1,1,0,34,0,181,0,0
1,0,0,0,37,0,484,0,0
1,2,1,0,60,11615,70,0,0
5,0,2,0,59,4387,73,0,0
3,0,2,0,40,2129,1156,0,0
1,2,0,1,26,278,1467,0,0
3,0,2,0,44,2958,229,0,0
7,1,0,0,33,301,446,0,0
2,2,0,0,36,219,358,0,0
0,0,0,0,60,3824,195,0,0
0,0,0,0,42,1767,283,0,0
10,1,1,0,26,620,76,2,0
3,2,1,0,32,8,226,0,0
4,0,1,0,73,2850,184,3,0
6,0,1,0,44,556,134,0,0
5,0,-1,0,45,2033,48,0,0
3,1,2,0,26,-887,827,0,0
0,1,0,0,24,0,526,0,0
5,2,1,0,39,512,275,0,0
6,1,1,0,27,4923,57,0,0
3,2,1,1,42,-580,172,0,0
4,0,1,0,71,2850,185,0,0
1,1,0,0,31,454,73,0,0
0,0,0,0,37,539,168,1,0
1,0,1,1,56,0,152,3,0
1,0,1,0,29,1599,115,1,0
3,0,1,0,36,-195,229,0,0
7,0,0,0,34,980,243,3,0
5,1,1,0,31,112,102,0,0
3,0,1,1,34,130,156,0,0
1,1,1,1,36,-333,847,0,0
5,0,1,0,38,-33,162,0,0
3,0,1,0,39,41,135,0,0
1,2,1,0,38,5733,173,4,0
8,0,2,0,41,2636,318,0,0
3,1,2,0,37,21,231,0,1
3,0,-1,0,42,149,329,0,0
6,0,1,1,29,340,297,0,0
2,0,0,0,30,93,146,0,0
0,1,0,0,34,1228,99,10,0
6,1,1,0,37,1534,267,0,0
3,1,1,0,28,1849,204,0,0
1,0,1,0,36,-78,346,0,0
2,1,0,0,27,0,103,0,0
1,0,1,0,49,2400,262,0,0
5,1,1,0,32,-15,214,0,0
10,1,-1,0,22,410,365,0,0
3,2,2,0,53,4222,112,0,0
0,0,0,0,60,70,36,0,0
0,0,0,0,37,1813,291,0,0
3,0,2,0,52,940,317,0,0
3,0,1,0,38,0,361,0,0
1,0,1,0,33,-160,898,0,0
3,0,2,0,43,56,365,0,0
0,1,0,0,29,797,334,0,0
7,0,0,1,41,-326,86,0,0
3,0,1,0,41,1362,25,0,0
3,0,1,0,31,492,99,0,0
3,2,1,0,39,0,275,1,0
3,0,1,0,46,4707,93,0,0
3,0,1,0,44,1147,23,0,0
6,0,1,1,44,-230,352,1,0
1,0,1,0,42,-197,66,0,1
5,1,0,0,25,760,58,0,0
0,1,0,1,42,130,112,0,1
5,1,1,0,31,1,236,0,0
3,0,1,1,31,1406,1091,0,0
5,1,1,0,51,1994,771,0,0
1,0,1,1,38,0,44,0,1
1,0,1,0,48,862,160,0,0
6,0,-1,0,55,-45,764,0,0
1,0,1,1,39,738,90,0,0
7,1,0,0,29,0,231,0,0
5,2,1,0,40,221,154,0,0
0,0,0,1,48,58,102,0,0
1,0,0,0,32,4089,114,3,0
0,0,2,0,29,5547,236,0,0
3,0,1,0,45,1335,702,0,0
4,0,1,1,60,78,151,0,0
3,0,2,0,35,1177,243,0,0
6,1,1,0,28,68,8,0,0
3,0,-1,0,36,3783,113,0,0
0,0,0,0,37,1276,146,2,0
7,0,0,0,38,0,117,0,0
3,0,1,0,31,472,907,0,0
5,2,1,0,26,-3,181,0,1
0,1,0,0,24,393,1298,0,0
1,1,0,0,34,332,75,0,0
5,1,1,0,33,572,1296,0,0
5,0,1,0,63,0,253,0,0
0,0,0,0,50,3296,255,0,0
6,0,1,1,28,510,1767,0,0
2,0,1,0,60,1393,591,0,0
2,0,0,1,54,1129,242,8,0
4,0,2,0,59,-13,77,0,1
0,0,0,0,47,699,432,2,0
0,1,0,0,39,416,56,0,0
3,0,2,0,47,145,255,0,0
3,0,1,1,37,-158,892,0,0
0,0,1,0,42,1331,698,0,0
4,0,1,0,54,1371,1492,0,0
5,0,1,1,53,263,143,0,0
1,0,1,0,44,533,127,2,0
5,0,2,0,50,82,101,0,0
1,2,0,0,32,267,128,0,0
3,2,1,0,40,635,122,0,0
3,1,1,1,26,5005,117,0,0
5,0,1,0,39,-104,290,0,1
5,2,1,0,51,228,136,0,0
1,0,1,0,42,1865,164,0,0
10,1,-1,0,34,1281,109,0,0
3,0,2,1,35,202,72,0,0
1,1,0,0,29,865,248,1,0
0,0,1,0,51,0,224,0,0
3,2,1,0,48,501,12,0,0
10,1,1,0,20,130,75,0,0
9,0,2,1,52,1466,150,0,0
3,0,1,0,36,1587,200,0,0
3,1,1,0,29,218,255,0,0
0,2,0,0,48,2263,874,0,0
0,0,0,0,30,265,45,0,0
3,0,2,0,41,2097,160,0,0
0,1,0,0,30,0,62,0,0
8,0,1,0,37,356,33,1,0
-1,0,2,0,58,7369,247,0,0
1,1,1,0,38,275,52,0,0
3,1,-1,0,30,194,410,0,0
0,1,0,0,39,1234,64,0,0
1,1,1,0,38,0,196,0,0
3,0,1,0,39,327,244,0,0
6,0,2,0,37,52,359,0,0
3,0,2,0,26,5116,246,0,0
5,0,1,1,50,-221,90,0,0
9,0,0,0,62,1528,134,1,0
1,1,1,0,37,-56,291,0,1
0,2,0,1,39,36,133,0,0
4,0,0,0,56,87,136,0,0
5,1,1,1,47,19,90,1,0
3,1,2,0,27,1,10,0,0
5,0,1,0,32,0,524,0,0
4,0,0,1,47,1225,191,2,0
0,0,0,0,47,2306,239,0,0
0,0,0,0,57,3431,73,0,0
9,0,2,0,54,3151,350,0,0
6,0,1,0,32,1397,224,0,0
0,0,-1,0,64,2352,153,11,0
0,0,0,1,53,1014,59,0,0
1,0,1,0,51,337,687,0,0
8,0,1,0,39,0,191,0,0
8,1,0,0,37,953,102,5,0
0,0,1,0,59,4412,162,0,0
1,1,1,0,33,56,236,0,0
3,0,2,1,58,3,55,0,0
6,1,-1,0,46,454,155,0,0
5,0,1,0,38,0,175,0,0
3,0,1,0,38,205,170,0,0
2,0,0,0,37,310,76,0,0
0,1,0,0,39,816,37,0,0
0,0,0,0,35,244,155,1,0
5,1,1,0,38,883,95,9,0
3,0,2,0,30,595,231,0,0
3,0,1,0,48,1562,50,0,0
1,1,0,0,41,1413,81,0,0
5,1,1,0,28,3029,58,0,0
6,0,1,1,40,87,116,4,0
3,0,2,0,42,1017,11,0,0
8,0,1,0,38,0,168,0,0
6,0,1,1,35,27,442,3,0
1,0,1,0,30,42,140,0,0
3,2,1,0,35,52,574,0,0
8,0,2,0,26,70,99,0,0
0,0,0,0,31,1812,461,0,0
0,0,0,0,35,1108,52,0,0
9,0,2,0,34,326,17,0,0
1,0,-1,0,55,240,108,1,0
0,1,0,0,35,635,547,0,0
1,2,1,1,49,342,58,0,0
0,0,0,0,54,0,120,0,0
2,0,0,1,46,1082,288,0,0
1,1,1,0,31,106,94,0,0
0,0,1,0,57,7633,301,0,0
5,1,1,0,32,217,345,0,0
10,1,-1,0,22,1215,154,0,0
1,2,1,0,44,2179,180,0,0
0,0,0,1,51,941,252,0,0
3,0,0,0,28,902,296,0,0
1,1,1,0,28,468,152,0,0
4,0,1,0,59,161,272,0,0
1,1,1,0,28,181,139,0,0
5,1,1,0,30,19,372,0,0
3,0,2,0,39,1551,264,0,0
1,0,2,0,57,4442,97,0,0
6,0,1,1,34,314,114,0,0
1,0,0,0,48,2,165,3,0
4,0,-1,0,63,2193,1348,0,0
5,0,1,0,48,13551,89,0,0
3,0,1,0,36,7449,187,0,0
1,0,0,0,36,530,239,0,0
0,1,0,0,32,46,788,0,0
10,1,-1,0,27,3511,300,0,0
9,0,2,0,44,2388,570,0,0
1,2,1,0,54,-369,246,0,0
0,1,0,0,38,-145,54,0,0
0,0,2,0,42,4362,238,0,0
1,0,1,0,40,169,43,0,0
3,2,2,0,48,0,324,0,0
0,2,0,1,54,92,86,0,0
8,1,1,0,28,559,236,0,0
10,0,2,0,36,3503,31,0,0
6,0,1,0,28,1394,293,0,0
0,1,0,1,35,992,238,0,0
1,1,0,1,26,36,502,0,0
3,1,1,0,30,445,218,2,0
8,1,1,0,30,2424,337,2,0
9,0,1,0,37,1863,163,0,0
4,0,1,1,52,5423,93,1,0
0,1,0,0,30,-218,13,0,0
5,0,1,0,29,1634,402,0,0
4,2,2,0,49,150,254,0,0
1,0,1,0,49,425,816,4,0
7,0,1,0,51,421,306,0,0
8,1,1,0,28,3463,64,0,0
3,2,1,0,47,-535,71,0,1
8,1,1,0,27,1301,817,0,0
4,0,1,1,54,3846,216,0,0
0,0,0,0,37,4357,548,0,0
0,0,-1,0,38,1349,100,0,0
1,0,-1,1,51,-174,348,0,0
1,0,1,0,42,1539,63,2,0
5,2,1,0,45,8032,73,0,0
6,0,1,0,56,159,132,0,0
9,0,1,0,51,-1013,664,0,1
2,0,1,0,34,3119,505,4,0
6,0,1,1,31,-538,284,0,0
8,0,2,0,56,0,250,0,0
1,0,1,0,33,844,476,0,0
4,0,0,0,61,2557,89,4,0
0,2,0,0,43,38,197,0,0
4,0,2,0,72,3856,582,1,0
3,0,2,0,30,4,34,0,0
1,0,0,0,40,516,175,1,0
6,0,1,0,52,0,202,0,0
1,0,1,0,41,55,185,0,0
5,2,1,0,48,1282,123,2,0
9,2,1,0,42,314,249,0,0
6,2,1,0,38,49,43,2,0
1,1,1,1,30,3048,223,0,0
9,0,1,0,43,1476,216,0,0
10,1,1,0,25,486,273,4,0
3,0,1,1,30,1,347,0,0
3,0,2,1,48,193,64,0,0
1,0,0,0,55,1181,42,0,0
3,1,1,1,32,-204,202,0,0
0,2,0,0,57,8897,865,0,0
5,0,0,1,33,88,86,0,0
8,0,0,0,51,1801,838,0,0
4,0,0,0,57,31,260,0,0
3,0,1,1,49,863,101,0,0
6,0,1,1,45,3638,313,0,0
0,1,0,0,30,2708,479,0,0
5,0,1,0,54,42,192,0,0
8,1,1,0,29,1562,286,0,0
5,0,1,0,31,89,297,0,0
1,0,1,1,48,219,154,0,0
1,1,0,0,31,162,13,0,0
6,1,1,0,50,294,73,0,0
1,2,1,0,45,146,216,0,0
6,0,1,0,36,211,93,0,0
1,0,1,0,37,-143,95,0,1
3,1,1,0,32,2137,423,1,0
0,0,0,0,46,2199,146,0,0
3,0,1,0,48,264,439,0,0
1,2,1,0,45,809,155,4,0
1,0,1,0,56,64,35,0,0
1,1,0,0,32,1012,178,0,0
10,1,1,0,22,23,137,0,0
1,2,0,0,38,1805,952,0,0
5,1,1,0,42,2534,105,0,0
0,0,0,0,45,1186,25,0,0
0,0,0,0,57,0,188,0,0
0,0,0,0,46,466,109,0,0
9,0,2,0,47,183,144,0,0
1,0,1,0,35,-195,309,0,0
1,0,1,0,31,172,151,0,0
0,1,0,0,29,1514,363,7,0
2,0,0,0,57,-524,199,0,1
3,1,1,0,29,0,623,0,0
5,0,1,0,49,1058,291,0,0
0,1,0,0,30,0,240,0,0
0,0,0,0,37,-70,386,0,0
4,0,2,0,57,1466,326,0,0
1,0,1,0,42,234,765,0,0
1,1,1,0,29,3851,59,0,0
6,0,0,0,38,658,328,0,0
3,0,1,0,36,779,240,0,0
0,0,1,0,33,1423,333,3,0
0,1,0,0,33,370,141,0,0
2,0,1,1,46,0,54,0,0
0,0,0,0,42,17,175,0,0
0,0,0,0,31,181,497,0,0
6,0,1,1,47,-98,211,0,0
5,2,1,0,53,592,151,0,0
1,1,1,1,33,341,289,0,0
2,0,0,0,41,10,196,2,0
7,0,1,1,27,254,194,1,1
6,2,1,0,55,1,208,0,1
3,0,1,0,39,-405,177,0,0
1,0,1,0,46,778,71,0,0
0,1,0,1,31,0,117,3,0
6,1,0,0,37,718,43,0,0
7,0,2,0,49,5711,89,0,0
6,1,1,0,31,2038,148,0,0
6,0,1,0,30,80,185,0,0
0,0,1,0,44,8262,201,0,0
8,1,1,0,32,8304,486,2,0
0,1,0,0,28,95,283,0,0
0,1,0,0,37,-670,240,0,0
0,1,0,0,31,15,119,0,0
1,0,1,0,40,1270,342,0,0
5,0,0,1,35,221,142,0,0
5,0,1,1,45,644,92,0,0
0,0,0,1,35,6,136,0,0
0,0,0,0,41,1408,403,0,0
5,1,1,0,50,642,435,0,0
6,2,1,0,49,947,808,0,0
7,1,0,0,33,1354,130,0,0
5,1,1,0,39,113,342,0,0
6,0,1,0,50,26394,206,0,0
0,0,0,0,32,864,17,0,0
3,0,1,0,31,823,152,0,0
1,1,0,0,35,7546,255,2,0
5,0,1,0,44,266,294,0,0
3,1,1,0,33,5,188,0,0
5,0,1,0,37,597,395,0,0
0,0,0,0,49,1887,244,0,0
3,0,0,0,33,22,375,0,0
0,0,0,0,35,300,555,0,0
6,0,1,0,41,428,38,0,0
0,2,0,0,32,530,118,1,0
6,0,1,0,32,1129,903,2,0
6,1,1,1,29,84,587,0,0
8,0,2,0,57,0,231,0,0
3,0,2,1,35,1347,360,0,0
0,1,0,0,28,502,136,0,0
5,2,1,0,31,53,128,0,0
1,1,1,0,49,1202,122,0,0
6,1,1,0,40,23,179,0,0
0,1,0,0,33,973,762,0,0
7,0,1,0,32,9,331,0,1
7,2,0,1,54,0,309,0,0
3,0,2,0,49,592,133,0,0
10,1,1,0,27,1925,190,0,0
3,0,2,0,50,156,117,0,0
3,0,1,0,56,2583,70,0,0
0,0,0,1,36,-661,221,0,0
3,0,2,0,46,874,996,0,0
0,0,1,0,32,14611,67,0,0
3,0,2,1,42,869,718,0,0
3,0,1,0,31,41,265,0,0
8,0,2,0,58,3884,399,0,0
1,0,1,0,44,7876,212,2,0
7,2,0,0,46,926,463,3,0
1,0,1,0,40,203,328,0,0
0,0,0,1,35,-640,78,0,0
5,1,1,0,34,713,124,0,0
0,0,0,0,40,2487,126,0,0
3,0,2,0,46,4602,39,0,0
7,1,0,0,34,36,55,0,0
1,0,0,0,47,150,212,0,0
3,0,1,0,43,917,87,0,0
1,1,0,0,30,1271,303,0,0
1,1,0,0,31,44,16,0,0
0,1,0,0,33,-5,127,0,1
3,0,1,0,33,-81,339,0,0
1,0,0,0,34,-624,20,0,0
3,0,0,1,31,433,114,0,0
0,0,1,0,37,2442,97,0,0
5,2,1,1,37,295,202,2,0
3,0,2,0,26,399,1288,0,0
1,1,1,0,31,2544,229,2,0
6,0,1,0,30,1256,123,0,0
1,1,0,0,45,302,22,4,0
1,0,1,0,49,308,266,0,0
0,0,-1,0,60,6313,39,0,0
3,0,-1,0,38,0,477,1,0
6,0,1,0,40,5807,98,0,0
3,0,2,0,54,1895,345,0,0
1,0,1,0,30,418,112,0,0
4,2,1,0,60,4243,416,0,0
3,2,1,1,40,-349,31,0,0
0,1,0,0,39,-50,59,0,0
9,2,2,0,44,629,432,0,0
3,2,2,0,31,158,157,0,0
8,1,0,0,27,-446,120,0,0
6,0,1,1,35,63,480,0,0
3,0,2,0,25,0,116,0,0
5,0,1,0,43,0,674,0,0
3,0,1,0,56,300,184,0,0
6,2,-1,0,42,651,61,0,0
5,0,-1,0,54,907,71,0,0
8,0,2,0,38,890,43,0,0
3,0,1,0,50,278,250,0,0
4,0,1,1,55,971,154,0,0
1,0,0,0,39,3911,247,0,0
7,0,0,0,31,0,1037,0,0
0,0,0,0,38,-113,141,3,0
0,2,0,0,41,236,159,0,0
3,0,1,1,44,701,103,2,0
0,0,0,0,47,2820,92,0,0
3,0,1,0,50,1832,80,0,0
1,1,2,0,24,126,10,0,0
1,1,1,0,30,816,179,0,0
1,0,1,1,57,0,200,0,0
4,0,0,0,73,1641,49,0,0
0,0,0,0,49,128,298,0,0
3,0,-1,0,49,5,202,0,0
4,0,1,1,71,951,83,0,0
1,0,0,1,35,-290,265,0,0
8,1,2,0,58,278,1009,0,0
1,0,-1,0,55,1192,481,0,0
1,0,1,0,47,72,278,0,0
5,2,1,1,45,397,582,2,0
0,1,0,0,59,1180,22,0,0
0,0,1,0,57,657,20,0,0
0,0,0,0,49,414,155,0,0
5,0,2,0,57,853,86,0,0
0,1,0,1,34,1310,90,0,0
9,0,0,1,59,0,376,0,0
8,2,1,0,54,1664,257,0,0
0,0,2,0,53,798,45,2,0
5,0,1,0,28,22171,85,0,0
6,0,2,0,29,549,205,2,0
2,0,1,1,58,2429,446,0,0
1,2,1,0,42,-106,95,0,0
9,0,1,1,60,681,337,0,0
8,0,1,0,35,759,556,0,0
3,0,1,0,49,2219,51,0,0
0,0,0,0,50,1612,188,4,0
5,0,1,1,36,0,113,0,0
3,2,2,0,50,608,107,0,0
0,0,0,0,38,385,154,0,0
0,0,0,0,38,-70,140,3,0
8,0,0,0,49,-471,77,7,0
3,0,2,0,40,-35,194,0,0
3,0,2,0,31,605,334,0,0
1,1,0,1,28,172,100,2,0
1,1,1,1,35,161,175,0,0
3,0,2,0,32,217,169,0,0
1,1,1,0,28,1453,246,1,0
6,0,1,0,43,2478,347,1,0
0,0,0,0,40,1308,1776,0,0
2,1,0,0,48,2313,130,0,0
0,1,0,1,33,102,199,0,0
3,0,1,0,35,21,663,0,0
6,1,1,0,24,-92,245,0,0
1,1,1,0,31,-423,103,0,0
6,0,1,0,29,-597,500,0,0
0,0,0,0,44,17361,476,0,0
3,2,2,0,36,-308,725,0,0
1,2,0,1,35,1718,74,16,0
5,0,1,0,46,2583,111,0,0
1,2,1,0,39,454,73,0,0
4,0,1,0,58,1874,103,0,0
5,1,1,0,39,782,162,0,0
9,1,1,0,30,1924,170,0,0
0,2,0,0,37,122,1622,0,0
0,0,0,0,49,5795,75,0,0
10,1,1,0,27,2784,153,1,0
3,0,1,0,28,781,749,0,0
3,0,1,1,48,4770,616,0,0
3,0,2,0,51,0,324,0,0
0,0,0,0,45,37378,167,0,0
1,0,0,0,40,296,198,0,0
9,0,1,1,48,513,939,0,0
0,2,0,0,46,770,94,0,0
4,2,1,0,58,312,398,0,0
0,0,0,1,37,1393,129,0,0
5,0,1,0,51,3736,92,0,0
9,2,2,0,71,1311,301,1,0
4,0,1,0,79,2354,121,0,0
7,0,0,0,52,0,117,0,0
0,1,0,1,37,411,142,0,0
5,0,1,0,39,15,256,0,0
3,0,2,0,34,176,78,0,0
3,2,2,0,38,0,133,0,0
1,0,1,0,47,293,251,1,0
5,0,2,1,30,9,323,0,0
1,0,1,0,43,422,181,1,0
5,0,1,0,36,251,180,0,0
1,0,0,1,30,702,40,0,0
9,0,2,1,57,501,105,2,0
6,0,2,0,55,269,89,0,0
4,0,1,0,62,1495,265,0,0
3,0,1,0,54,-754,222,0,0
0,0,0,0,32,927,282,0,0
0,0,0,0,55,-408,528,0,0
5,0,1,0,34,-191,156,0,0
3,0,1,0,52,594,178,0,0
3,0,1,0,28,2257,352,0,0
6,2,2,1,53,-291,591,0,0
2,2,1,0,46,2514,68,0,0
3,1,2,0,29,213,2653,0,0
3,1,1,0,28,623,25,0,0
3,1,2,0,26,52,271,2,0
0,0,0,0,40,423,134,0,0
5,0,0,0,45,2552,149,0,0
5,0,1,0,38,9618,214,0,0
4,0,2,0,43,7298,36,0,0
1,2,1,0,42,-593,69,0,0
2,1,-1,0,53,202,106,0,0
1,2,1,0,50,380,492,0,0
3,0,2,1,38,-257,458,0,0
2,0,2,0,57,6,126,0,0
1,0,1,0,47,734,92,0,0
3,0,2,0,55,4103,291,0,0
5,0,1,0,37,1335,309,4,0
3,0,-1,0,28,486,180,0,0
1,0,1,0,31,510,117,0,0
0,1,0,0,33,8514,165,1,0
3,0,1,1,47,947,24,0,0
3,2,2,0,53,559,16,0,0
3,1,1,0,31,183,258,1,0
0,0,0,0,41,1254,272,0,0
1,0,0,0,31,3564,1377,0,0
6,0,1,0,43,-1,51,2,0
3,0,1,0,52,2206,875,0,0
6,1,1,1,28,118,376,1,0
5,0,1,0,32,340,665,0,0
3,0,1,0,24,9,292,0,0
0,0,0,0,45,2671,94,0,0
5,0,1,0,30,0,318,0,0
0,1,0,0,38,2813,146,0,0
1,2,1,0,35,3549,250,0,0
5,1,0,0,33,475,1046,0,0
3,0,-1,0,42,132,238,0,0
1,1,0,0,32,1212,463,0,0
4,2,1,0,56,4166,378,0,0
1,1,0,0,34,992,301,2,0
0,2,0,0,43,36,79,0,0
3,0,1,0,32,489,212,0,0
5,1,1,0,37,0,397,0,0
5,0,0,0,30,4168,198,0,0
9,0,2,0,60,1163,470,0,0
10,1,0,0,34,873,267,0,0
7,0,1,0,45,830,468,0,0
3,0,1,0,26,0,320,0,0
5,0,1,0,59,506,281,0,0
3,0,1,1,31,-204,429,0,0
1,1,0,0,32,705,20,0,0
3,0,2,0,36,272,222,0,0
1,0,1,0,38,27,404,0,0
6,1,1,0,29,20,431,0,0
5,2,2,0,45,1807,118,0,0
0,0,1,0,46,1299,104,0,0
0,1,0,0,43,2067,756,0,0
1,0,1,0,52,0,97,0,0
1,0,1,0,69,2661,925,3,0
1,0,1,0,64,1473,121,0,0
1,1,0,1,25,437,121,0,0
0,2,0,0,32,1145,580,4,0
4,0,0,0,60,1224,120,0,0
1,0,1,1,37,0,101,0,0
3,1,1,0,32,1475,209,0,0
6,1,1,0,30,695,203,0,0
3,0,1,0,56,3760,243,0,0
6,0,0,1,31,585,272,0,0
6,0,1,0,42,1027,63,4,0
4,0,2,0,55,1821,224,0,0
3,0,1,0,37,183,112,0,0
3,0,2,1,44,271,94,0,0
1,0,1,0,33,390,151,0,0
6,0,0,0,60,6557,214,0,0
6,0,1,0,52,2081,150,0,0
5,0,0,1,47,2279,161,0,0
3,0,1,0,43,833,156,0,0
6,0,1,1,47,405,994,0,0
5,2,1,0,55,166,84,0,0
3,0,2,0,34,2490,185,1,0
6,2,1,0,47,691,285,0,0
9,0,1,0,31,0,327,0,0
5,0,1,0,34,260,50,0,0
4,0,1,0,56,255,481,0,0
0,1,0,0,32,3289,375,2,0
0,1,0,1,42,328,125,0,0
3,0,1,0,37,139,412,0,0
4,0,2,0,75,3504,195,0,0
-1,1,-1,0,41,942,143,1,0
2,0,1,1,35,2436,1397,0,0
3,0,1,1,42,-29,294,0,1
4,0,0,0,65,2416,221,0,0
0,2,0,0,53,0,119,0,0
0,0,0,0,58,37,236,0,0
6,1,1,0,31,374,49,0,0
1,1,1,0,34,105,303,2,0
1,0,1,1,56,62,243,0,0
7,1,0,0,34,366,348,0,0
5,1,1,1,36,0,63,3,0
1,1,0,0,28,4253,336,0,0
2,0,1,0,57,9902,88,0,0
2,0,-1,0,54,1021,13,0,0
5,1,1,0,30,81,121,3,0
5,0,1,0,49,387,347,0,0
1,2,0,0,47,48,27,0,0
0,0,-1,0,42,342,156,0,0
1,0,1,0,34,56,91,0,0
4,0,1,0,58,268,516,0,0
1,2,1,1,56,77,25,0,0
5,0,1,0,35,0,121,0,0
0,0,0,0,34,5399,227,0,0
0,0,0,0,34,273,308,1,0
1,1,1,0,26,261,371,0,0
3,0,2,0,45,532,137,0,0
3,0,1,0,48,647,64,0,0
0,1,0,0,46,2223,67,0,0
5,0,1,1,50,0,97,0,0
1,2,1,0,35,2823,102,2,0
5,0,1,0,32,-169,310,0,0
1,2,1,1,50,-556,270,0,0
0,0,0,0,35,1256,26,0,0
3,0,1,0,41,1011,113,4,0
0,2,0,0,45,2096,317,0,0
5,1,1,0,35,414,386,0,0
8,0,0,0,38,9881,497,0,0
0,0,0,0,59,1978,928,0,0
0,1,1,0,34,356,52,0,0
0,0,0,0,32,820,738,0,0
0,0,0,1,45,4119,473,1,0
3,1,2,0,36,736,114,2,0
0,0,0,1,44,236,199,0,0
0,1,0,0,30,2995,329,0,0
3,2,1,0,30,4591,89,1,0
3,1,1,0,31,1598,152,1,0
0,2,0,0,57,6468,730,4,0
1,0,1,0,33,620,106,0,0
5,2,1,0,51,-338,97,0,0
0,0,0,0,62,3371,187,2,0
0,0,0,0,33,22867,73,2,0
2,0,2,0,59,0,207,1,0
3,0,1,0,46,137,252,0,0
0,0,0,0,50,2635,303,0,0
10,1,-1,0,25,839,109,2,0
5,2,1,1,35,0,86,0,0
0,0,1,0,60,358,74,0,0
6,0,1,1,40,22,145,0,0
5,1,1,0,53,2398,108,1,0
0,0,0,0,36,1852,362,0,0
3,1,2,0,35,-269,96,0,0
6,1,1,0,30,1824,153,0,0
0,0,0,0,35,3402,269,2,0
7,0,0,0,56,871,381,0,0
6,2,1,0,30,98,155,0,0
2,0,0,0,42,2476,251,0,0
1,2,0,0,31,2287,97,0,0
10,1,0,0,27,1,73,0,0
3,0,2,0,33,240,373,0,0
2,0,1,0,50,556,130,0,0
5,0,1,0,51,176,214,2,0
1,0,2,0,58,4198,441,5,0
6,0,2,0,29,711,136,0,0
4,0,1,0,47,477,68,0,0
3,0,1,0,28,708,339,0,0
0,1,0,0,28,334,438,0,0
3,0,1,0,39,123,165,0,0
5,1,1,0,44,11,530,0,0
4,0,1,1,60,345,129,0,0
0,1,0,0,30,3779,1093,0,0
1,0,1,0,54,1455,90,0,0
3,1,1,1,26,786,103,0,0
3,0,2,0,37,120,80,1,0
1,0,1,0,43,90,54,0,0
1,0,1,0,37,5115,1210,4,0
1,0,1,0,45,406,240,10,0
1,0,1,0,34,223,202,0,0
1,0,1,0,48,466,99,0,0
8,0,2,0,52,426,252,0,0
5,2,1,0,42,490,196,0,0
3,1,1,0,33,17,288,0,0
6,0,1,0,32,914,372,0,0
0,0,2,0,39,0,308,0,0
3,0,1,0,34,750,204,0,0
7,0,1,1,51,-201,153,0,0
3,0,1,0,43,0,440,0,0
3,0,2,0,38,346,15,3,0
5,1,1,0,26,609,112,0,0
0,1,0,0,52,0,98,0,1
0,0,1,0,38,794,50,0,0
3,0,1,0,47,2775,262,0,0
0,0,0,0,36,1198,278,0,0
5,0,0,0,34,788,269,0,0
0,0,0,1,34,926,655,0,0
3,0,1,0,35,876,318,0,0
3,0,2,0,52,359,361,0,0
9,0,1,1,38,1372,224,0,0
8,0,2,0,47,798,89,0,0
1,2,0,0,48,855,68,0,0
3,1,2,0,39,24277,261,0,0
3,0,1,0,28,-470,275,0,0
1,1,1,0,29,323,148,1,0
0,0,1,0,67,1287,511,0,0
2,0,0,0,37,836,129,0,0
3,0,1,0,22,223,268,1,0
0,1,0,0,47,86,253,4,0
5,0,1,1,38,47,50,0,0
9,0,2,0,59,0,186,0,0
8,0,1,0,50,525,177,0,0
3,0,2,0,46,687,125,0,0
0,0,0,0,33,29,549,0,0
0,0,2,0,59,2358,30,0,0
3,0,1,0,28,619,327,0,0
6,0,1,0,37,651,220,0,0
0,0,0,0,59,5397,244,3,0
3,0,1,0,34,3990,591,7,0
7,1,0,0,34,5462,430,0,0
0,1,0,0,39,1509,248,0,0
6,0,0,0,36,301,333,0,0
6,0,1,0,40,429,272,0,0
0,0,0,0,31,-181,127,2,0
3,0,2,0,38,1807,348,0,0
0,0,0,0,47,838,72,0,0
5,0,1,0,48,490,136,0,0
10,1,1,0,28,305,625,0,0
0,0,0,0,36,860,294,0,0
0,1,0,0,30,16922,198,0,0
1,1,1,0,26,0,362,0,0
1,1,0,0,31,418,67,0,0
3,1,1,0,29,348,185,0,0
3,0,2,0,42,7041,386,0,0
1,0,1,0,57,20,119,0,0
5,0,1,0,50,3608,176,2,0
0,1,0,1,26,3,149,1,0
5,0,1,0,33,1158,25,0,0
3,1,2,1,53,-137,72,0,0
3,0,1,0,32,1780,100,0,0
5,1,1,0,43,426,76,2,0
10,1,-1,0,26,689,678,0,0
1,0,1,0,42,2152,113,4,0
6,0,1,0,32,315,149,0,0
1,1,0,0,32,300,163,0,0
0,0,0,1,50,290,50,0,0
2,1,2,1,32,-849,204,0,1
4,0,1,1,45,22,276,0,0
2,0,1,1,38,0,305,1,0
1,0,1,0,36,1345,231,0,0
0,1,1,0,32,416,290,2,0
3,0,2,0,35,11,326,0,0
1,0,1,0,34,7487,534,0,0
1,1,1,0,30,13,379,0,0
-1,0,-1,0,59,3940,48,0,0
0,0,0,0,32,1667,345,0,0
8,0,0,0,51,1801,82,3,0
0,0,0,1,55,561,318,0,0
3,0,1,0,53,3397,231,0,0
3,0,2,0,43,953,135,0,0
6,0,1,0,36,338,90,0,0
0,1,0,0,30,13,21,0,0
3,0,2,0,48,278,125,0,0
4,0,2,0,70,2346,421,6,0
2,0,1,0,48,86,98,0,0
3,0,2,0,34,1090,130,0,0
1,0,0,0,30,3418,211,0,0
7,2,0,0,40,4647,330,0,0
7,0,1,0,41,3123,1203,2,0
5,1,1,1,26,-42,305,0,1
3,0,1,0,47,1996,761,0,0
7,0,0,0,33,1676,102,2,0
3,0,1,0,62,180,183,4,0
5,0,1,1,33,61,116,0,0
10,1,1,0,25,1957,1207,1,0
3,1,1,0,28,53,93,0,0
9,2,2,0,58,57,117,0,0
-1,0,1,0,34,1434,50,0,0
0,0,0,0,54,292,120,0,0
4,0,0,0,58,0,207,0,0
1,0,1,0,46,940,1227,0,0
0,1,0,0,46,479,34,0,0
1,0,0,0,32,2688,216,1,0
0,0,0,0,43,0,107,0,0
0,2,0,0,35,2885,199,8,0
10,1,0,0,29,5,889,0,0
0,0,0,0,43,-3372,386,0,1
3,2,2,1,30,-242,124,0,0
3,0,1,1,30,791,137,0,0
6,2,1,0,53,765,959,7,0
1,1,0,0,32,2204,11,0,0
2,0,1,0,34,393,172,0,0
0,2,0,1,46,-154,150,2,0
1,0,0,0,44,964,158,0,0
3,0,2,0,28,4,7,0,0
3,0,2,0,53,570,158,0,0
5,1,1,1,41,242,116,0,0
0,0,0,1,55,505,135,0,0
3,1,2,0,41,1649,312,0,0
6,0,0,0,47,871,602,0,0
2,0,0,0,55,41923,69,0,0
0,0,0,0,44,0,260,0,0
3,0,1,0,44,1308,334,0,0
1,0,0,0,33,1020,82,0,0
9,0,1,0,45,258,287,0,0
3,0,1,1,49,395,188,0,0
1,1,1,0,29,316,156,0,0
2,0,0,0,48,981,995,0,0
6,0,1,0,55,477,170,0,0
1,0,1,1,48,1449,188,0,0
5,0,-1,0,54,3965,138,0,0
9,0,2,1,57,501,59,0,0
4,0,1,0,69,21446,358,0,0
3,0,2,0,50,0,233,0,0
3,0,1,0,44,2017,74,0,0
4,0,1,0,55,185,26,0,0
2,1,0,0,28,95,255,0,0
6,0,1,1,40,664,29,0,0
3,1,1,0,32,3,108,0,0
1,1,1,0,32,260,13,7,0
1,0,2,0,57,3376,421,0,0
3,1,1,1,28,4229,205,0,0
9,0,1,0,50,7317,172,1,0
3,0,1,0,44,630,192,0,0
7,1,0,0,30,166,136,0,0
8,0,2,0,46,641,201,0,0
0,0,0,0,32,1636,124,0,0
3,1,0,0,36,1830,183,11,0
0,2,0,1,57,0,61,0,0
0,0,0,0,37,0,96,0,0
5,2,1,1,27,0,227,0,0
3,0,2,0,52,66653,109,0,0
0,1,0,0,48,0,96,0,0
1,0,1,0,40,990,252,0,0
5,2,1,0,38,74,279,0,0
1,1,1,0,36,140,100,0,0
4,0,2,0,57,9367,981,6,0
0,0,0,0,35,0,295,0,0
0,0,0,0,39,9579,160,0,0
0,1,0,0,35,134,219,0,0
8,1,0,0,33,1716,396,0,0
0,1,0,0,35,471,276,0,0
4,0,1,1,59,-2,102,0,1
4,0,2,0,60,1167,79,0,0
4,0,1,0,77,610,766,0,0
1,1,0,0,33,2340,65,3,0
0,0,0,0,48,0,300,0,0
0,0,0,0,45,0,112,0,0
2,0,-1,0,51,606,560,0,0
0,0,0,1,33,-148,340,0,1
9,0,2,0,46,39,74,0,0
2,1,1,1,43,5705,173,0,0
3,0,1,0,35,430,147,0,0
0,1,0,0,33,0,699,0,0
0,1,0,0,30,2,377,0,0
5,1,1,0,44,733,360,5,0
10,1,-1,0,32,0,7,0,0
0,1,0,0,31,177,124,0,0
3,0,1,0,46,2173,98,0,0
8,0,1,0,46,1040,542,5,0
3,1,1,0,34,4963,226,0,0
1,0,1,1,54,827,294,0,0
7,2,0,0,51,5244,266,0,0
4,0,1,0,59,0,73,0,0
0,0,0,0,59,10114,596,0,0
3,0,2,0,38,-326,237,0,0
1,1,1,0,28,1536,347,0,0
5,1,1,0,26,787,68,1,0
6,0,1,0,27,271,130,0,0
0,0,0,0,47,295,157,0,0
3,0,2,0,33,208,284,0,0
0,0,0,0,46,587,186,0,0
9,0,0,1,58,1280,112,0,0
1,1,1,0,42,275,522,0,0
3,1,1,0,26,419,94,0,0
4,0,2,0,40,407,502,0,0
6,1,1,0,48,2749,442,0,0
1,2,0,1,48,113,38,0,0
5,1,1,0,31,-449,81,0,0
1,2,1,0,47,-81,262,0,0
0,2,0,0,56,2126,131,0,0
0,0,0,0,34,188,399,0,0
0,0,0,0,35,1684,39,0,0
7,0,-1,0,56,7,305,0,0
10,1,1,0,24,304,180,0,0
4,2,0,0,58,1321,157,0,0
1,1,1,0,33,920,58,4,0
1,1,0,0,31,336,661,0,0
5,0,0,0,34,457,144,0,0
7,1,0,0,30,166,151,0,0
1,0,1,1,44,2575,129,0,0
3,0,1,0,29,1956,266,0,0
5,2,1,0,51,340,186,0,0
0,0,1,0,49,104,285,0,0
3,0,1,0,48,1730,158,1,0
3,0,1,0,41,284,8,0,0
4,0,2,0,59,4007,157,4,0
4,0,1,0,69,3588,429,0,0
0,1,0,0,34,318,133,0,0
0,1,0,0,34,2607,63,12,0
0,0,0,0,43,1825,742,0,0
8,1,1,0,46,836,95,0,0
5,0,1,0,31,352,60,0,0
0,0,0,0,35,222,187,0,0
1,0,1,1,37,1016,195,1,0
1,0,1,1,46,1,200,0,0
4,2,2,0,85,7613,355,0,0
6,0,1,0,33,2184,151,0,0
4,0,1,1,61,313,42,0,0
8,0,1,0,29,596,510,0,0
5,0,1,0,53,3703,104,1,0
1,1,0,0,54,467,674,0,0
3,0,2,0,36,1503,138,0,0
6,0,1,1,49,245,318,0,0
0,1,0,0,52,2076,112,0,0
4,0,1,0,60,15,80,0,1
4,2,1,0,78,3417,309,1,0
3,0,1,0,47,-423,127,0,0
10,0,1,0,31,200,362,0,0
9,1,1,0,30,358,45,0,0
0,1,1,0,31,301,82,0,0
2,0,0,0,51,-267,42,0,0
3,1,2,0,46,96,217,0,0
7,0,0,0,29,242,73,0,0
3,2,1,0,39,2601,70,0,0
1,0,0,0,48,58,110,0,0
3,0,1,1,52,5275,1029,0,0
0,1,0,0,35,9336,311,0,0
4,0,2,0,67,4416,245,0,0
0,1,0,0,35,385,168,0,0
3,0,2,0,52,1331,213,0,0
3,0,1,0,36,63,322,0,0
4,0,1,0,72,1978,312,0,0
0,1,0,0,26,498,99,0,0
3,2,1,0,34,1780,187,0,0
6,0,1,0,32,109,364,0,0
9,0,1,0,59,1040,123,0,0
7,2,0,0,44,1070,137,3,0
0,2,0,1,33,0,275,0,0
0,1,0,1,32,62,577,0,1
3,0,2,0,54,258,86,1,0
1,0,1,0,35,410,67,0,0
10,1,-1,0,31,7826,133,0,0
1,2,1,0,49,972,104,2,0
0,1,0,0,35,824,693,0,0
8,1,1,0,31,284,855,0,0
6,0,1,0,49,2201,233,0,0
1,2,0,1,47,-1148,62,0,0
0,2,0,0,40,69,503,2,0
3,2,2,0,56,3021,419,0,0
3,1,1,0,35,0,1174,4,0
1,1,1,0,31,304,293,2,0
3,0,2,0,46,575,129,0,0
6,0,-1,0,35,0,229,0,0
4,0,2,0,58,0,506,0,0
10,2,1,0,33,422,406,0,0
0,2,1,0,49,1598,76,1,0
0,0,0,1,58,-565,191,0,0
3,0,1,0,32,-446,126,1,0
0,0,0,0,32,233,193,0,0
7,0,0,0,37,1510,88,0,0
5,2,1,0,50,556,305,0,0
3,0,-1,0,31,-13,176,0,1
9,0,1,1,28,65,165,1,1
3,0,1,0,47,3070,144,0,0
-1,0,1,0,62,367,221,5,0
0,1,1,0,27,442,212,0,0
0,0,0,0,37,1300,211,0,0
0,0,0,1,40,-495,303,0,0
0,0,0,0,35,387,254,0,0
5,0,1,1,29,1761,175,0,0
1,0,0,0,39,0,13,0,0
9,0,2,0,59,1100,147,0,0
3,0,2,0,57,452,139,0,0
5,0,0,1,34,21,269,2,0
1,1,1,0,37,1255,224,0,0
7,1,0,0,30,3343,235,0,0
10,1,1,0,26,3090,379,1,0
5,1,1,1,26,160,172,0,0
-1,1,1,0,29,923,333,0,0
2,0,-1,0,42,206,695,0,0
10,1,0,0,24,1592,98,5,0
6,1,1,0,26,-72,82,0,0
1,0,0,1,43,1201,82,3,0
5,0,1,0,45,-31,295,0,0
0,0,0,0,34,82,94,0,0
6,1,1,0,43,66,198,0,0
5,1,1,0,53,1178,295,0,0
0,1,0,0,33,7114,271,3,0
0,1,0,0,30,17036,597,0,0
4,0,-1,0,69,647,199,0,0
3,0,1,0,41,1236,911,0,0
9,2,0,0,43,42,696,0,0
5,1,1,0,26,96,606,1,0
0,1,1,0,37,8311,474,0,0
3,1,2,1,34,0,100,0,0
5,2,1,0,57,3058,268,0,0
6,0,1,0,42,2145,124,0,0
3,0,2,0,45,658,406,2,0
3,2,-1,0,39,170,268,0,0
3,0,2,0,34,425,182,0,0
6,0,1,0,47,4,73,6,0
5,1,1,0,36,810,296,0,0
4,0,2,0,70,7781,222,0,0
1,0,1,0,37,277,251,0,0
6,0,1,1,37,345,114,1,0
7,1,0,1,30,901,601,0,0
5,1,0,1,31,7505,258,0,0
1,0,0,0,49,2568,192,0,0
1,0,1,0,43,381,191,0,0
1,1,1,0,36,0,8,0,0
5,1,0,0,29,14,87,1,0
6,0,1,0,57,5486,86,3,0
2,2,1,0,42,335,580,0,0
1,0,1,0,31,2440,312,0,0
3,1,-1,0,31,17,72,0,1
3,1,1,0,28,171,523,0,0
3,0,1,0,45,4111,211,0,0
6,1,1,1,25,402,264,0,0
9,1,1,0,36,7171,216,0,0
6,0,1,0,26,-16,1036,0,0
5,0,1,0,39,2319,84,0,0
0,1,0,0,32,2915,519,2,0
2,0,0,0,55,0,116,0,0
3,0,1,0,35,53,826,0,0
0,0,1,0,52,0,249,0,0
3,0,1,1,32,139,70,0,0
0,0,1,0,60,544,95,2,0
2,2,0,1,39,966,186,0,0
7,0,1,0,41,634,239,0,0
9,0,2,0,39,1146,364,0,0
5,2,-1,0,37,471,200,0,0
0,1,0,0,27,1277,267,0,0
5,0,1,0,30,122,107,0,0
5,1,1,0,34,0,150,0,0
5,0,0,0,47,97,220,3,0
7,1,0,1,35,670,44,0,0
4,0,1,0,71,1696,486,0,0
1,0,1,0,59,0,62,0,0
6,1,1,0,37,3,527,0,0
5,0,1,0,45,295,92,0,0
3,0,2,0,38,5643,106,1,0
5,0,1,1,58,821,83,0,0
3,0,1,0,31,-723,112,0,0
6,0,1,0,37,3321,215,0,0
5,0,1,1,54,9,140,0,0
5,0,2,0,51,943,620,0,0
3,0,1,0,32,3166,418,0,0
3,1,2,0,33,95,102,0,0
10,1,1,0,22,2162,168,0,0
5,0,1,0,43,9173,80,0,0
1,0,1,0,35,0,524,5,0
4,0,0,0,78,1204,135,0,0
6,1,1,0,35,-267,193,0,0
6,1,1,1,27,243,253,0,0
8,2,1,0,54,309,241,0,0
2,0,1,0,46,294,444,1,0
1,1,1,0,28,-97,96,0,0
4,0,2,0,58,745,23,0,0
3,1,1,0,32,3845,459,0,0
3,0,2,0,51,296,211,0,0
5,0,1,0,30,1165,205,2,0
9,0,2,0,51,3486,135,0,0
3,0,2,0,46,258,217,0,0
2,0,0,0,46,406,232,0,0
0,1,0,1,35,1618,542,0,0
1,1,-1,0,28,0,96,1,0
7,0,2,1,54,0,130,0,0
1,1,1,0,26,3382,844,0,0
1,0,1,1,52,1818,46,0,0
5,0,1,0,50,335,166,0,0
6,0,1,0,33,2975,207,0,0
1,0,1,0,31,4182,347,0,0
0,0,0,0,31,256,28,0,0
8,1,1,0,38,223,698,0,0
6,0,1,1,38,304,238,1,0
3,0,1,1,39,285,209,0,0
4,2,0,0,63,0,263,2,0
3,0,1,0,39,334,575,0,0
5,0,1,1,35,214,247,0,0
5,0,1,0,56,150,105,0,0
0,2,0,0,37,443,240,0,0
5,0,1,0,44,73,404,0,0
5,0,1,1,32,1604,625,0,0
0,2,0,0,45,6269,20,0,0
0,0,1,0,32,350,110,0,0
1,1,0,0,34,651,351,0,0
1,1,0,0,39,861,32,0,0
6,0,1,0,42,120,179,0,0
1,1,-1,0,37,391,103,0,0
1,1,-1,0,32,10600,485,0,0
5,1,0,0,25,1185,135,0,0
3,0,2,0,50,12519,146,4,0
1,1,0,0,36,1072,338,0,0
0,1,0,0,35,1750,687,3,0
1,2,1,0,34,17,375,0,0
6,0,1,0,46,2420,405,0,0
0,0,0,1,40,89,148,0,0
3,0,1,0,45,1345,120,0,0
0,1,0,1,50,1098,286,0,0
7,0,0,0,49,503,118,5,0
6,0,2,0,47,0,226,0,0
5,1,1,0,28,891,377,0,0
1,0,1,0,31,439,5,0,0
0,0,2,0,43,1880,63,0,0
0,1,0,0,53,720,99,0,0
3,0,-1,0,55,728,130,0,0
8,0,0,0,49,377,74,0,0
0,0,0,0,39,346,230,0,0
0,1,0,0,31,305,297,0,0
3,0,2,0,38,1099,22,0,0
1,0,0,1,29,138,113,0,0
6,0,1,1,45,-36,389,0,0
3,1,1,0,38,3344,143,5,0
3,0,1,1,34,205,309,0,0
0,0,1,0,50,309,113,0,0
4,0,1,0,63,4752,233,0,0
9,0,1,0,46,38,181,1,0
1,0,1,1,55,517,61,0,0
5,0,1,0,56,3554,151,0,0
0,1,0,0,34,2646,142,0,0
0,1,0,0,33,3143,421,0,0
1,0,0,0,50,2313,553,0,0
7,0,1,0,31,33,165,0,0
3,0,2,0,35,2878,140,0,0
0,0,0,0,31,141,572,7,0
8,1,0,0,32,1974,775,0,0
3,1,2,1,26,16,249,0,0
0,1,0,0,46,0,686,0,0
2,0,0,0,45,770,65,0,0
5,0,1,0,55,8304,193,1,0
5,1,1,0,21,66,31,2,0
4,0,0,0,59,538,48,0,0
4,0,2,1,60,949,239,0,0
3,0,2,0,60,2147,213,0,0
4,2,0,0,58,2086,194,0,0
3,0,2,0,40,34,350,1,0
4,0,2,1,58,650,114,0,0
4,0,2,0,74,5539,253,1,0
0,1,0,0,39,572,153,0,0
3,0,2,0,38,0,179,0,0
4,0,2,0,78,158,360,0,0
0,1,0,0,30,725,69,0,0
6,0,1,0,30,2191,157,0,0
2,0,2,0,51,538,1122,0,0
7,0,0,1,51,5350,612,0,0
0,1,0,0,32,297,225,0,0
1,2,1,0,46,-154,215,1,0
5,0,1,1,57,5888,288,0,0
3,0,1,0,43,-63,160,0,0
2,1,1,0,38,2543,357,5,0
1,0,1,0,53,1389,34,0,0
7,1,0,0,25,931,263,4,0
5,1,0,0,25,1141,718,1,0
0,0,0,0,29,1671,182,0,0
2,0,1,0,42,169,87,0,0
0,1,1,0,30,1090,65,0,0
1,1,1,0,31,942,138,0,0
3,0,1,0,39,49,566,2,0
1,1,1,0,32,17,17,0,0
6,0,2,0,53,8918,173,0,0
1,0,1,0,46,2045,281,0,0
3,0,1,0,33,1834,117,0,0
0,2,0,0,58,315,62,0,0
7,2,0,0,45,963,528,0,0
0,0,0,0,47,2351,163,1,0
1,0,1,0,27,876,268,1,0
1,0,1,0,38,635,31,0,0
5,1,1,1,25,-213,592,0,0
2,1,0,0,25,0,347,0,0
1,2,1,1,36,19,109,0,0
0,1,0,0,36,7506,839,1,0
6,1,1,0,28,47,405,0,0
3,0,1,0,35,218,128,0,0
9,1,1,0,30,49,267,0,0
5,0,1,0,52,347,217,0,0
3,0,2,0,36,-20,353,0,0
0,0,2,1,43,0,123,0,0
1,1,1,0,28,598,177,2,0
6,0,1,0,34,196,59,0,0
0,1,0,0,43,47,316,0,0
0,0,0,0,64,3951,164,0,0
1,2,0,0,49,1807,229,0,0
5,0,1,1,25,7,209,0,0
1,1,1,0,30,908,27,0,0
10,1,1,0,20,210,101,0,0
6,1,1,0,34,-92,236,0,0
7,0,1,0,41,13489,124,0,0
0,0,2,0,60,0,442,0,0
4,0,1,0,56,1956,126,0,0
0,0,0,0,60,2281,230,0,0
6,0,1,1,49,66,59,0,0
2,0,0,0,42,1068,70,0,0
1,0,2,0,32,3774,591,0,0
5,0,1,0,33,1499,144,0,0
8,0,1,0,33,1211,535,1,0
8,1,0,0,44,7822,20,0,0
1,1,0,0,40,445,631,0,0
1,0,1,1,44,1196,61,0,0
3,0,1,0,48,3776,254,0,0
1,1,0,1,29,-803,827,9,0
0,1,1,0,35,1031,254,0,0
2,2,1,0,49,816,12,0,0
2,1,1,0,29,404,413,0,0
1,0,1,0,42,1048,23,0,0
6,1,1,0,30,179,286,0,0
6,0,0,1,32,4908,491,0,0
0,1,0,0,33,561,104,0,0
3,0,1,0,31,625,135,3,0
5,0,0,0,61,1332,156,0,0
-1,0,0,0,54,10,150,0,0
3,2,1,1,51,734,17,0,0
7,2,0,1,37,353,134,0,1
5,1,1,0,43,275,457,0,0
1,2,1,1,54,784,579,0,0
1,1,1,0,33,18,93,0,0
3,1,1,0,27,1401,392,0,0
5,0,1,0,47,368,269,5,0
0,1,0,0,39,0,389,0,0
0,1,0,0,40,2784,181,0,0
2,1,2,1,30,0,1051,0,0
5,2,1,0,36,181,271,0,0
7,0,2,0,39,2165,213,0,0
3,1,2,0,35,3339,304,0,0
0,1,0,0,57,33,132,0,0
8,0,1,0,46,594,197,0,0
3,0,1,0,28,131,147,0,0
0,0,0,0,31,6980,157,0,0
1,0,1,0,49,305,140,1,0
6,0,1,0,37,-954,69,3,1
5,1,1,0,34,66,237,0,0
3,0,1,0,34,120,369,0,0
0,0,0,0,42,-671,80,0,0
5,1,1,0,31,6042,228,0,0
2,1,0,1,46,77,520,0,0
2,0,2,0,41,406,272,0,0
3,0,1,0,46,1723,176,7,0
0,2,0,0,33,219,93,1,0
1,1,1,0,31,125,78,0,0
5,0,1,0,54,1342,80,0,0
0,1,0,0,27,0,323,0,0
0,1,0,0,30,364,306,0,0
3,1,1,1,27,77,497,0,0
8,0,1,0,30,1566,73,0,0
5,0,1,0,53,264,159,0,0
3,0,2,0,55,309,115,0,0
1,2,1,0,55,284,78,0,1
0,0,0,0,59,315,591,2,0
6,1,0,0,29,1788,353,0,0
4,0,1,0,60,143,345,0,0
6,1,1,0,34,215,56,0,0
5,2,1,1,37,0,17,0,0
2,0,2,0,50,461,651,0,0
1,1,1,0,36,634,281,2,0
5,0,1,0,43,506,398,0,0
3,1,2,1,39,366,166,0,0
-1,0,-1,0,47,0,466,0,0
0,0,0,0,52,258,188,0,0
0,1,0,0,34,6707,16,4,0
2,2,0,0,36,3407,993,4,0
3,0,1,0,45,776,232,1,0
1,0,1,0,40,5517,146,0,0
4,0,2,0,77,1492,663,2,0
0,1,0,0,50,3537,305,0,0
8,0,0,0,50,377,283,3,0
1,0,2,0,51,260,137,0,0
5,1,1,0,27,0,552,0,0
0,0,0,0,41,4063,14,2,0
6,0,1,0,32,241,197,0,0
0,0,0,0,32,421,851,0,0
8,0,0,1,47,1172,86,0,0
0,0,0,1,51,2125,20,0,0
6,1,2,0,51,2499,98,0,0
0,0,0,0,46,964,174,0,0
6,2,1,1,39,-421,374,0,0
1,1,1,0,34,0,54,0,0
1,0,1,0,35,569,487,0,0
0,1,0,0,28,616,116,2,0
3,0,-1,0,35,-205,147,0,0
4,0,0,0,55,357,878,0,0
0,0,0,0,48,0,108,0,0
0,0,0,0,47,109,268,0,0
6,0,1,0,30,7032,102,0,0
0,0,0,1,45,904,14,0,0
10,1,1,0,23,0,526,0,0
7,0,0,0,53,2580,138,0,0
6,1,1,0,27,453,142,0,0
3,0,-1,0,46,626,177,0,0
0,0,1,0,45,21,788,0,0
5,1,1,0,34,0,189,0,0
1,1,1,0,31,13,318,1,0
7,0,0,0,57,192,320,0,0
0,2,0,0,35,146,392,2,0
8,0,0,0,48,641,113,0,0
0,0,0,0,49,53,134,0,0
5,0,1,0,45,67,326,0,0
3,0,1,0,34,261,611,0,0
5,0,1,0,36,-294,148,0,0
0,0,0,0,27,1109,833,0,0
0,1,0,0,31,874,98,2,0
6,0,1,0,47,0,250,0,0
-1,0,-1,0,64,2280,289,0,0
3,0,1,0,36,-461,254,1,0
0,1,0,0,50,567,50,8,0
10,1,0,0,28,5741,1042,3,0
5,0,1,0,59,106,186,0,0
0,0,0,0,43,704,116,0,0
0,0,1,0,30,11391,319,2,0
3,0,2,0,45,0,43,0,0
5,0,1,0,27,132,21,0,0
0,1,0,0,27,616,685,1,0
3,0,1,1,31,27,109,0,0
3,1,2,0,44,99,187,0,0
1,2,1,0,56,397,185,0,0
1,1,0,0,33,436,258,0,0
8,1,0,0,50,0,102,0,0
0,1,0,0,35,-353,70,0,0
9,0,2,0,80,0,639,1,0
0,1,1,1,29,0,463,0,0
1,0,1,0,37,432,386,55,0
8,0,1,0,47,0,81,0,1
4,0,1,0,58,35,336,0,0
2,0,0,1,45,219,118,0,0
0,2,1,0,37,414,352,0,0
0,0,0,0,32,1517,202,0,0
0,0,1,0,39,0,63,0,0
5,0,-1,0,52,635,228,0,0
0,1,0,0,37,614,371,0,0
0,0,1,0,47,5012,262,0,0
4,0,1,0,62,1486,56,0,0
1,1,1,0,38,8637,193,0,0
3,0,1,0,48,1000,1268,0,0
3,0,2,0,37,11,109,0,0
0,1,0,0,30,167,320,0,0
8,0,2,0,62,532,298,1,0
0,1,0,0,34,0,183,0,0
3,1,1,0,53,1004,393,1,0
0,0,0,0,52,502,637,0,0
0,0,0,0,53,3591,306,2,0
4,2,1,0,65,828,305,0,0
4,0,1,0,58,235,88,0,0
5,0,1,0,29,-150,328,0,0
2,1,0,0,41,791,215,1,0
0,1,0,0,41,7595,1121,0,0
3,2,2,0,46,916,472,0,0
1,0,0,0,35,712,73,0,0
3,1,1,0,25,509,418,0,0
3,0,2,1,53,0,263,0,0
5,0,1,0,30,187,106,0,0
3,0,1,1,33,-354,104,2,1
3,0,2,0,34,392,180,1,0
-1,0,1,0,33,335,566,0,0
5,0,1,0,44,10,52,0,0
5,0,1,0,50,176,155,0,0
0,0,0,1,33,644,124,2,0
5,0,0,0,32,176,50,0,0
4,2,0,1,57,241,146,0,0
1,1,0,1,35,2277,55,0,0
0,2,0,0,59,866,46,0,0
3,0,1,0,49,2631,76,0,0
0,1,1,0,32,-119,231,1,0
3,0,1,0,46,3,153,0,0
5,1,1,0,29,464,208,3,0
7,0,0,0,33,666,297,0,0
5,1,1,0,43,386,242,4,0
5,1,1,0,34,266,437,0,0
10,1,1,0,21,546,94,0,0
7,0,0,1,39,-3058,882,0,0
3,1,1,0,30,332,465,0,0
0,1,0,1,30,2419,213,0,0
3,1,1,0,44,0,442,0,0
5,0,1,1,39,419,35,0,0
3,0,1,0,39,1403,214,2,0
0,0,0,0,50,2366,816,1,0
3,2,-1,0,54,-473,239,2,0
3,0,1,1,57,5553,589,0,0
0,0,0,0,58,3864,815,0,0
1,0,1,0,38,6,113,0,0
1,0,0,0,31,79,78,0,0
0,0,0,0,31,1183,676,0,0
0,1,0,0,30,254,202,0,0
2,0,0,0,33,1145,92,0,0
1,0,1,0,48,454,114,0,0
3,0,1,0,31,1030,180,0,0
3,0,2,1,53,1715,27,0,0
1,1,1,0,30,411,948,0,0
3,1,1,0,39,631,57,8,0
3,0,1,0,32,-39,104,0,0
0,1,0,0,30,35,185,0,1
0,0,0,0,27,33,337,0,0
3,0,1,0,32,0,7,0,0
3,2,2,1,51,155,220,1,0
1,1,1,0,34,1279,339,10,0
1,1,0,0,26,1996,111,0,0
0,1,1,0,30,46,93,0,0
7,1,0,0,31,283,98,1,0
3,0,1,0,37,222,7,1,0
5,0,1,0,37,2320,59,1,0
7,0,0,0,39,1238,212,0,0
1,0,0,0,36,404,63,0,0
0,1,0,0,30,3384,578,0,0
1,0,1,0,30,2107,23,0,0
0,2,0,0,39,5009,255,2,0
1,2,1,0,44,-562,159,0,0
5,0,1,0,60,12210,256,0,0
3,0,1,0,49,1039,156,1,0
0,1,0,1,25,323,98,0,0
1,0,0,0,35,1654,169,0,0
3,0,1,0,42,165,169,0,0
4,0,2,0,60,60,219,0,0
3,0,2,0,28,182,153,0,0
3,1,2,0,30,185,11,0,0
-1,0,2,0,59,282,301,0,0
0,0,0,0,29,1366,273,0,0
6,1,1,0,35,3816,331,1,0
4,0,0,0,74,1843,251,3,0
0,0,0,0,31,382,43,0,0
1,1,1,1,32,483,35,0,0
6,0,2,0,58,2946,467,0,0
9,0,2,0,44,3706,209,0,0
0,1,0,0,31,55,215,0,0
0,0,0,0,55,16786,90,0,0
7,0,0,0,46,2421,170,0,0
3,0,1,1,35,0,519,0,0
1,2,1,0,54,255,140,0,0
5,1,1,0,30,-118,377,0,0
0,2,0,0,56,321,49,0,0
3,1,2,0,49,566,979,0,0
3,0,2,0,51,1238,48,0,0
4,0,1,1,59,1035,126,1,0
1,0,1,0,42,2152,161,6,0
0,0,0,0,35,1253,210,0,0
0,0,0,0,33,2604,167,0,0
8,1,-1,0,42,3274,137,0,0
1,1,0,0,33,2565,128,0,0
1,0,1,0,42,233,143,0,0
5,2,1,0,34,0,323,0,0
6,0,1,0,44,300,182,0,0
7,0,0,0,31,3,215,0,0
8,1,1,0,30,0,137,0,0
9,0,1,0,42,341,790,0,0
0,0,0,0,33,2599,1373,0,0
1,1,1,0,25,1135,396,0,0
6,0,1,0,42,1048,71,1,0
3,1,2,0,41,-206,342,0,0
4,0,0,0,58,324,13,0,0
4,0,1,1,59,306,121,0,0
3,0,2,1,52,655,155,0,0
0,1,0,0,43,2048,155,0,0
5,0,1,1,36,-423,106,0,0
6,0,0,0,32,0,80,0,0
2,0,2,0,49,199,113,0,0
5,2,1,1,60,0,357,0,0
8,0,1,0,39,1309,587,0,0
3,0,1,0,46,0,328,0,0
1,2,1,0,50,0,109,3,0
1,1,1,1,35,5059,115,0,0
0,0,1,0,51,1250,209,0,0
3,2,1,0,40,-244,184,0,0
4,0,1,0,57,3738,220,7,0
1,0,1,0,50,3370,160,0,0
3,1,2,0,30,296,41,0,0
0,2,0,0,56,41,179,0,0
2,0,0,0,59,-820,43,0,0
3,0,1,0,36,0,91,2,0
5,1,2,0,49,181,161,0,0
3,2,1,0,34,-566,248,0,0
3,0,1,1,37,539,147,2,0
5,0,1,0,48,17957,700,0,0
1,1,0,1,33,119,202,0,0
1,1,1,1,29,853,239,0,0
3,1,1,0,27,3675,101,0,0
3,2,2,0,47,409,143,1,0
0,0,0,0,41,13874,255,2,0
1,0,1,0,23,8254,409,0,0
1,1,1,0,31,18,27,0,0
1,2,1,0,35,2823,74,1,0
3,0,-1,0,33,-923,237,0,0
9,1,1,0,37,1358,119,0,0
1,0,1,0,34,2726,67,0,0
0,0,1,0,52,5193,477,0,0
6,0,1,1,55,186,241,0,0
3,0,1,0,35,344,25,0,0
10,1,1,0,19,372,444,0,0
0,0,0,0,43,1751,146,0,0
6,0,1,0,31,505,773,0,0
3,0,1,0,32,419,122,2,0
3,0,1,0,58,8195,104,2,0
4,0,2,0,56,2399,652,0,0
1,0,1,0,41,112,158,0,0
0,0,0,1,47,1884,74,0,0
5,1,1,0,27,105,179,0,0
3,1,1,0,31,823,174,0,0
0,1,0,0,42,1673,43,0,0
3,0,-1,0,46,-619,96,0,0
3,0,1,0,32,22,145,0,0
1,0,0,0,34,4953,235,0,0
1,0,1,0,53,-725,1205,0,0
3,0,1,0,30,0,30,0,0
6,0,2,1,35,31,131,3,0
3,0,1,0,38,6994,150,0,0
6,1,1,1,34,66,450,0,0
3,0,1,0,44,16178,297,0,0
6,0,1,0,50,5699,381,0,0
1,0,1,1,35,2019,83,1,0
5,1,1,0,26,338,209,2,0
8,1,1,0,34,0,63,0,0
3,0,1,0,33,3605,308,0,0
3,0,1,0,39,1554,378,0,0
1,1,1,0,41,0,229,0,0
0,2,0,0,40,69,149,0,0
3,0,1,0,30,378,566,0,0
10,1,1,0,26,611,138,3,0
5,0,1,0,42,679,194,0,0
5,2,1,0,49,771,264,1,0
1,0,0,0,35,122,277,0,0
3,0,2,0,50,-1,195,0,0
1,0,1,0,43,186,137,0,0
6,0,1,0,38,-32,154,0,0
3,0,-1,0,39,0,470,0,0
9,2,2,0,60,1412,127,0,0
3,2,2,0,59,867,120,0,0
6,0,1,0,37,1616,418,0,0
0,0,0,0,43,79,640,0,0
7,0,1,1,37,2203,9,0,0
5,1,1,1,22,4111,65,0,0
0,0,-1,0,55,1504,186,2,0
1,2,1,0,54,447,146,0,0
3,0,2,0,33,309,42,0,0
3,1,1,1,27,294,694,0,0
5,0,1,1,46,711,187,0,0
0,1,0,0,32,4262,361,0,0
1,1,1,0,36,76,109,0,0
3,0,2,0,55,419,33,0,0
1,0,1,0,45,396,266,0,0
3,0,2,0,31,33,901,0,0
3,1,1,1,25,189,687,0,0
5,0,1,1,55,3664,423,0,0
7,1,0,0,27,516,57,0,0
0,0,0,0,58,0,24,0,0
3,0,1,1,30,579,381,0,0
0,1,-1,0,37,504,555,0,0
6,1,1,0,22,395,70,0,0
7,0,1,0,50,5312,106,0,0
6,1,1,0,40,2936,473,0,0
4,2,2,0,72,0,359,0,0
1,1,1,0,30,3568,265,0,0
6,1,1,0,24,11,114,0,0
1,0,1,0,27,-428,451,0,0
5,0,0,0,43,279,155,1,0
0,0,0,0,51,12,90,0,0
4,0,1,0,64,1220,84,1,0
6,0,1,1,32,264,1502,0,0
0,0,0,0,35,611,305,1,0
3,0,1,0,27,72,105,0,0
2,0,0,0,34,146,788,0,0
0,0,0,0,29,1713,227,0,0
7,1,1,0,28,68,157,0,0
9,0,2,1,37,0,265,0,0
5,0,1,1,35,1098,143,0,0
3,1,1,0,28,2845,182,0,0
3,0,1,1,48,238,118,1,0
0,0,0,0,30,646,99,0,0
0,1,0,0,26,155,74,5,0
8,2,1,0,64,588,409,0,0
6,1,1,0,28,94,300,0,0
4,1,0,0,53,888,128,0,0
5,0,1,0,53,3765,1094,0,0
0,0,1,0,35,1825,42,0,0
1,0,0,0,40,1759,87,0,0
0,1,1,0,28,1609,98,3,0
5,0,1,0,66,5464,131,0,0
8,0,2,0,42,75,120,0,0
3,0,2,0,46,2558,107,1,0
3,0,2,0,41,3658,268,1,0
9,0,1,0,55,139,256,0,0
3,0,1,0,31,136,228,1,0
2,0,0,0,30,3037,10,7,0
3,0,1,0,60,3122,51,0,0
0,2,0,0,41,292,352,0,0
4,0,2,0,73,1388,767,1,0
1,2,1,0,53,1252,149,0,0
0,0,0,0,41,1304,93,0,0
3,0,2,0,39,1473,112,0,0
10,1,-1,0,34,1281,279,1,0
6,1,1,0,30,432,340,0,0
5,1,0,0,33,621,217,0,0
0,2,0,1,56,659,56,0,0
6,0,2,0,41,0,18,0,0
0,1,0,0,28,1086,128,0,0
8,1,1,0,33,1173,844,0,0
3,0,1,0,54,1291,266,0,0
1,1,0,0,38,523,388,0,0
0,0,0,1,31,1224,1441,0,0
6,2,1,0,40,0,111,0,0
8,1,1,0,29,1055,427,1,0
7,0,2,0,47,3363,382,0,0
1,0,-1,0,42,1559,368,0,0
1,1,1,0,58,382,460,0,0
1,2,1,0,35,56,24,0,0
0,0,1,0,39,794,71,3,0
5,1,1,1,28,710,341,0,0
3,0,1,0,34,8558,466,0,0
0,0,0,0,34,3031,94,0,0
7,1,0,0,28,805,116,2,0
5,1,1,1,48,0,47,0,0
8,0,0,0,52,0,43,0,0
0,0,0,0,38,1617,691,0,0
5,1,1,0,30,1027,136,1,0
5,0,1,0,54,426,74,1,0
10,1,1,0,22,185,153,0,0
0,0,0,0,35,77,69,0,0
1,2,0,0,43,101,173,0,0
3,0,1,1,37,0,1302,0,0
3,1,0,0,55,325,693,0,0
0,1,0,1,36,854,503,0,0
4,0,1,0,59,2467,972,0,0
3,1,2,0,25,147,59,2,0
2,2,1,0,36,251,59,0,0
1,0,1,0,50,423,204,0,0
1,0,1,0,40,1819,169,2,0
3,0,2,0,41,262,89,0,0
7,1,2,0,59,0,1307,0,0
2,0,2,1,41,0,311,0,0
0,1,0,0,44,670,435,0,0
6,0,2,0,29,-102,134,0,0
0,0,0,0,32,477,87,5,0
10,1,-1,0,29,7585,145,1,0
6,0,1,0,37,1784,19,0,0
3,0,1,1,58,590,133,0,0
4,0,2,0,77,680,103,0,0
3,0,1,1,38,620,420,0,0
1,0,-1,0,60,148,148,0,0
0,0,0,0,38,126,164,0,0
6,1,1,0,29,1274,136,0,0
3,1,1,0,48,574,328,0,0
0,1,0,1,33,-75,22,0,0
1,1,1,0,34,1763,246,0,0
2,0,0,1,52,54,103,0,0
9,0,2,0,47,0,162,0,0
0,0,0,0,36,322,485,0,0
0,2,0,0,57,52,40,8,0
6,2,1,1,44,51,3094,0,0
3,0,2,0,39,0,178,0,0
1,1,0,0,37,6889,108,1,0
3,1,1,0,42,1279,347,0,0
1,0,0,0,53,2336,173,3,0
0,0,0,0,43,2616,301,0,0
5,1,1,0,32,626,324,1,0
7,1,0,0,27,1393,382,1,0
4,0,1,0,75,468,316,0,0
10,1,-1,0,38,9669,15,0,0
3,0,1,0,26,818,226,0,0
0,0,0,0,49,4200,55,0,0
4,2,0,1,59,439,136,0,0
3,0,2,0,40,743,18,0,0
6,1,1,0,21,1903,107,0,0
3,0,1,0,51,1797,168,0,0
3,0,1,0,26,20,200,0,1
8,1,1,0,34,15,377,0,0
3,0,1,0,34,452,90,0,0
3,0,1,0,55,4577,24,0,0
3,0,2,0,34,428,59,0,0
0,0,0,0,34,0,122,1,0
0,2,2,0,53,443,422,0,0
0,0,1,0,41,6526,334,0,0
1,0,0,0,39,437,186,0,0
9,0,2,0,51,108,278,0,0
2,0,0,0,30,501,94,0,0
3,0,1,0,37,408,28,0,0
6,0,2,0,54,198,69,0,0
5,0,0,0,27,2855,138,4,0
3,0,1,1,51,224,231,0,0
7,0,1,0,60,1690,64,0,0
0,0,0,0,42,154,183,0,0
1,1,1,1,27,41,803,0,0
6,1,1,0,36,755,355,0,0
3,0,2,0,33,-195,9,0,0
6,0,1,0,38,0,263,0,0
0,0,1,0,51,563,23,0,0
0,0,1,0,52,-588,81,0,0
7,1,1,1,30,635,209,0,0
2,2,0,0,33,188,118,0,0
3,1,1,0,25,491,393,0,0
10,1,-1,0,35,0,122,0,0
3,0,2,0,35,2732,254,0,0
6,1,1,0,34,258,131,0,0
1,1,1,0,30,249,406,0,0
1,0,1,0,43,764,164,5,0
3,1,1,0,35,343,151,0,0
5,2,1,0,43,146,274,2,0
0,0,0,0,52,0,164,0,0
6,1,0,0,31,1025,72,0,0
8,0,1,0,60,957,246,3,0
0,2,0,1,55,2171,318,1,0
6,0,1,0,44,-236,218,7,0
5,0,1,0,33,4902,110,0,0
1,1,1,0,28,154,416,0,0
3,0,2,1,34,567,241,0,0
5,0,1,0,52,1648,172,0,0
3,0,1,0,38,451,143,0,0
3,0,1,0,35,-17,7,0,0
1,0,1,0,34,5266,140,0,0
6,0,1,1,33,312,7,0,0
7,0,2,0,54,277,360,0,0
8,2,1,0,59,2026,395,0,0
5,1,0,0,26,617,157,0,0
0,0,0,0,51,1355,272,0,0
4,0,2,0,57,0,340,0,0
3,0,2,0,59,-365,408,0,0
0,0,0,0,56,1803,305,0,0
3,0,1,0,31,150,68,0,0
1,0,1,0,31,2363,247,0,0
1,1,1,0,30,0,82,0,0
0,1,0,0,31,63,161,0,0
1,0,1,0,60,316,545,4,0
0,0,0,0,30,931,1183,0,0
2,0,0,0,34,0,611,1,0
2,0,0,0,36,1169,168,0,0
0,0,0,0,36,-85,85,0,0
0,1,1,0,28,1154,71,0,0
6,0,1,1,43,94,68,0,0
1,1,1,0,36,5436,443,0,0
7,0,0,0,44,3295,138,0,0
4,0,1,0,53,1296,115,0,0
0,0,1,0,40,106,676,0,0
10,1,1,0,24,1847,390,0,0
0,2,1,0,50,1716,82,0,0
5,1,1,1,32,458,125,0,0
0,2,0,0,37,0,74,11,0
0,0,0,0,31,60,302,0,0
6,1,1,1,25,-41,114,0,0
5,0,1,0,60,3735,183,11,0
3,0,1,0,39,3045,260,0,0
9,0,0,0,57,2326,207,1,0
3,2,1,0,48,602,231,0,0
0,1,0,0,42,145,174,0,0
5,0,1,0,48,1060,87,3,0
3,1,1,0,36,275,89,2,0
3,0,1,0,29,87,1330,0,0
1,0,1,0,42,-129,175,0,0
10,1,1,0,26,47,273,0,0
9,0,2,0,39,0,129,0,0
1,1,1,0,38,435,437,1,0
3,0,2,0,47,1294,164,0,0
3,0,2,1,51,2095,438,0,0
1,0,2,0,44,177,197,0,0
5,1,0,1,32,328,271,0,0
1,1,1,0,32,-92,139,1,1
1,0,1,0,36,58,24,0,0
5,1,1,0,38,115,250,10,0
3,1,1,0,39,116,182,0,0
7,2,0,0,32,3271,949,0,0
6,1,1,0,29,193,288,0,0
-1,0,1,0,49,4846,638,0,0
0,1,0,0,40,1361,1473,0,0
0,0,0,1,56,664,71,0,0
3,0,1,0,37,1818,193,0,0
0,0,0,0,33,377,213,1,0
7,0,2,0,53,127,78,0,0
1,0,1,0,54,87,20,9,0
0,0,0,1,35,2308,540,0,0
-1,1,1,0,39,0,188,0,0
0,1,0,0,36,515,14,0,0
3,2,1,0,42,1118,620,0,0
7,1,1,0,29,1186,313,0,0
1,1,1,0,32,4843,63,0,0
1,0,1,0,46,0,107,3,0
3,0,1,0,31,3364,290,0,0
5,2,0,1,43,1440,254,0,0
5,2,0,1,36,289,73,0,0
0,0,0,0,26,1531,129,0,0
7,1,0,0,31,1815,1541,0,0
6,0,1,1,49,5673,357,0,0
1,2,1,0,35,-870,180,0,0
1,0,-1,0,46,626,399,0,0
5,2,1,0,31,360,332,2,0
1,0,0,0,34,1611,490,0,0
3,2,1,0,36,64,143,0,0
3,0,2,0,46,1227,157,0,0
1,2,0,0,44,9192,59,0,0
10,1,1,0,36,409,72,0,0
3,1,1,0,29,-167,361,0,0
0,0,0,0,34,5973,326,0,0
6,0,1,0,58,50,161,0,0
0,1,1,1,45,-57,262,0,0
5,1,-1,0,30,1,307,0,1
0,0,0,0,31,351,165,0,0
3,0,2,0,54,1298,304,0,0
0,1,0,0,39,3797,96,0,0
0,0,1,0,37,857,132,0,0
6,2,1,1,37,9,411,0,0
1,0,1,0,54,114,458,0,0
5,1,0,0,31,-194,165,0,0
1,0,1,0,36,1130,223,0,0
3,0,2,0,38,290,283,0,0
1,1,0,0,32,705,414,4,0
4,0,1,0,88,433,161,1,0
1,2,1,0,53,12,150,0,0
7,0,1,1,30,220,187,0,0
7,0,0,0,32,312,262,0,0
7,0,1,0,55,12159,179,4,0
-1,0,0,0,40,119,258,0,0
6,1,2,0,35,790,221,0,0
7,0,1,0,56,14,239,0,0
3,2,2,0,50,5,118,0,0
8,0,2,0,34,309,578,0,0
3,0,1,0,45,4646,118,0,0
5,1,1,0,37,0,640,0,0
0,1,0,0,32,100,181,0,0
1,0,-1,1,51,205,665,0,0
10,1,1,0,24,508,12,1,0
9,0,2,0,33,0,138,0,0
0,0,0,0,45,103,35,0,0
2,0,0,1,33,87,141,0,0
3,1,1,0,38,577,50,0,0
7,0,1,0,48,91,136,0,0
3,0,2,1,42,692,207,0,0
8,2,1,0,49,495,40,0,0
6,2,1,1,51,65,881,0,0
1,1,1,0,36,1228,153,3,0
3,0,1,0,41,424,83,0,0
5,0,1,0,49,1629,57,0,0
3,0,2,0,49,371,18,0,0
3,1,2,0,36,736,323,0,0
1,2,0,0,57,114,281,0,0
3,0,1,0,47,5041,184,0,0
3,1,1,0,30,180,203,2,0
2,0,-1,0,51,3404,44,0,0
5,0,1,0,37,1345,59,0,0
1,0,1,1,35,1,85,0,0
5,0,1,0,38,1283,60,0,0
3,1,1,0,31,2194,275,1,0
3,0,2,0,54,4503,168,0,0
0,1,0,0,37,9,484,0,0
1,0,1,0,31,54,775,0,0
3,0,1,0,33,355,87,0,0
7,0,2,0,53,2639,304,0,0
3,0,2,0,60,5,494,2,0
6,0,2,0,28,3,9,0,0
3,0,1,0,35,1312,224,0,0
0,0,0,0,39,2976,134,0,0
5,1,1,0,41,90,77,4,0
0,1,0,1,34,-184,80,1,0
3,0,1,0,46,1934,20,0,0
3,0,2,0,31,3283,100,0,0
3,2,1,1,41,1,289,0,0
0,0,2,0,55,2587,328,2,0
7,0,1,0,42,105,85,0,0
1,2,1,0,36,141,165,0,0
4,0,-1,0,70,647,152,1,0
0,0,0,0,52,6909,223,0,0
0,0,0,0,53,4928,738,0,0
6,2,1,0,37,49,619,0,0
7,1,0,0,35,4213,203,0,0
3,0,1,0,41,1334,234,0,0
5,0,1,0,32,995,331,2,0
10,1,0,0,29,459,376,0,0
7,1,0,0,28,160,158,0,0
3,0,2,0,40,332,339,3,0
5,0,1,0,39,7711,289,0,0
4,0,1,0,68,20723,318,0,0
1,1,0,0,38,2273,222,0,0
0,0,0,0,35,1631,83,0,0
5,0,1,0,57,2087,140,1,0
9,0,2,0,50,152,107,0,0
3,0,1,0,50,-54,46,0,0
-1,0,-1,0,57,106,836,0,0
0,0,0,0,51,371,52,0,0
3,0,2,0,44,6393,156,0,0
3,1,2,0,45,308,191,0,0
3,1,1,0,24,6837,345,0,0
10,1,0,0,34,3404,420,5,0
0,0,0,0,36,0,145,0,0
0,0,-1,0,44,21,323,0,0
1,0,1,0,44,0,205,0,0
0,0,0,0,33,0,223,0,0
0,0,0,0,33,741,283,1,0
3,0,1,0,48,653,24,0,0
3,0,-1,0,44,1529,347,0,0
4,0,0,0,70,44,1104,2,0
1,1,1,0,25,2704,63,0,0
3,2,2,0,43,177,124,0,0
1,0,1,0,27,374,188,0,0
2,0,1,0,41,707,707,0,0
5,1,1,0,32,197,205,0,0
5,1,1,0,41,2002,172,1,0
0,0,1,0,61,985,998,0,0
6,0,1,1,45,219,142,0,0
3,0,1,1,29,580,1311,0,0
1,0,1,0,53,144,282,0,0
8,1,0,0,28,1638,238,0,0
1,2,1,0,33,22,71,0,0
7,0,0,0,47,192,120,0,0
7,1,0,0,24,2376,123,1,0
3,0,2,0,41,-252,166,0,0
1,0,0,1,56,787,92,0,0
1,1,0,0,32,-770,618,0,0
5,0,1,0,40,540,217,0,0
1,0,1,0,36,110,80,0,0
5,0,1,1,38,272,174,0,0
0,0,0,0,34,1433,170,0,0
1,0,0,0,39,122,44,0,0
4,0,1,0,60,197,1386,0,0
5,0,1,1,46,0,239,2,0
0,1,0,0,45,16,59,0,0
3,0,2,0,31,7424,54,0,0
1,0,1,0,48,101,338,0,0
3,0,1,0,56,0,432,0,0
3,0,2,1,32,5151,185,0,0
0,1,0,0,48,4558,145,0,0
3,0,2,0,26,755,61,0,0
1,0,1,0,30,-280,609,2,0
0,0,0,0,34,577,80,0,0
1,1,1,1,32,540,750,0,0
3,0,1,0,41,271,148,2,0
1,1,1,1,27,223,253,3,0
3,1,1,1,52,2430,185,0,0
6,0,-1,0,47,11,455,0,0
3,0,1,0,53,1023,150,0,0
0,0,0,0,59,2143,59,1,0
6,1,1,0,31,456,322,0,0
6,1,1,0,37,54,118,0,0
6,0,2,0,53,49,152,0,0
3,1,1,0,24,-398,14,4,0
7,1,0,0,35,44,310,2,0
0,0,0,0,35,-547,101,0,0
0,0,0,0,30,1814,207,0,0
7,0,0,0,42,1202,40,0,0
1,0,0,0,48,443,235,0,0
-1,1,2,0,41,2398,287,0,0
1,0,1,1,43,-313,89,0,1
6,2,2,0,48,927,201,0,0
9,0,1,1,54,0,97,0,0
1,0,1,0,35,1854,401,0,0
1,1,1,0,44,696,680,0,0
0,0,0,0,57,2101,101,0,0
1,1,-1,0,39,0,130,0,0
3,1,1,0,26,191,550,0,0
9,2,2,0,52,337,130,0,0
0,1,0,0,48,81,23,0,0
6,1,1,0,32,687,154,0,1
4,0,2,0,76,3324,309,4,0
0,0,0,0,44,588,245,0,0
0,1,0,0,35,6659,83,0,0
5,0,1,0,36,-206,122,0,0
5,2,1,0,40,6,140,0,0
9,0,2,0,33,4136,178,0,0
9,2,2,0,52,3899,49,0,0
0,0,1,1,53,0,59,0,0
0,0,0,0,34,0,300,1,0
3,0,1,0,44,837,218,0,0
0,1,0,0,25,1348,109,0,0
0,0,2,0,59,1727,500,2,0
6,1,1,0,49,6882,482,0,0
2,0,0,0,39,942,880,1,0
0,0,0,0,45,3370,36,0,0
0,1,0,0,32,12686,54,0,0
5,1,1,0,34,4447,75,0,0
3,0,1,0,33,-267,1030,0,0
-1,1,-1,0,44,18881,187,0,0
7,0,0,0,34,7602,222,0,0
3,1,1,1,32,4339,76,0,0
3,0,1,0,42,505,117,0,0
3,0,1,1,26,-330,87,0,0
1,0,2,0,54,3067,222,0,0
5,2,1,0,41,4,232,1,0
8,0,1,0,52,9139,684,0,0
1,1,-1,0,36,0,148,0,0
7,0,2,0,59,671,57,3,0
6,1,1,0,44,618,193,0,0
5,1,1,0,33,352,225,0,0
5,0,1,1,53,1661,85,0,0
3,0,2,0,48,1850,61,0,0
0,0,-1,1,54,831,208,3,0
3,0,1,0,42,2152,319,1,0
3,0,2,1,48,214,246,1,0
0,2,0,0,45,3150,101,0,0
6,1,1,0,27,504,106,8,0
3,0,1,0,56,1316,76,0,0
5,1,1,0,41,-22,166,0,0
3,0,1,0,41,440,523,2,0
5,0,0,0,40,764,85,0,0
3,0,1,0,52,8979,72,0,0
5,0,1,0,52,484,128,0,0
3,0,1,0,52,331,84,0,0
3,0,2,0,51,111,140,0,0
2,1,0,0,38,-38,119,0,1
5,0,0,0,33,640,318,0,0
1,0,1,0,41,0,850,0,0
2,1,0,0,28,224,567,0,0
3,0,1,0,32,-103,298,0,0
4,0,2,0,58,331,145,0,0
6,1,1,1,24,77,390,0,0
0,0,0,0,37,1852,117,1,0
6,1,1,0,30,495,641,0,0
0,1,0,0,25,1,9,0,0
0,0,0,0,50,3284,51,0,0
1,0,1,0,55,9774,227,0,0
8,0,1,0,43,210,88,0,0
0,0,0,1,51,1854,166,2,0
1,0,1,0,59,259,415,1,0
0,1,0,0,32,0,455,0,0
7,0,1,0,55,203,9,12,0
9,2,2,0,43,0,643,0,0
9,0,2,0,54,136,92,0,0
6,1,1,0,43,21,203,0,0
3,1,0,0,37,481,11,0,0
10,1,1,0,22,948,169,3,0
0,1,0,0,33,206,231,0,0
6,0,1,0,50,517,420,0,0
1,1,1,0,31,23,110,0,0
9,2,2,0,40,2610,301,0,0
5,2,2,0,59,0,604,0,0
4,0,0,0,77,7802,483,0,0
5,2,1,1,43,3350,488,0,0
3,0,1,0,39,-196,127,0,0
3,1,-1,0,27,89,139,0,0
6,0,1,0,41,957,326,0,0
1,0,1,0,52,-33,257,0,0
5,0,2,0,72,2321,200,6,0
3,0,2,0,45,751,151,0,0
3,2,1,0,40,2540,189,0,0
3,0,1,1,27,5505,134,0,0
0,0,0,0,54,511,264,3,0
4,0,1,0,84,81204,390,3,0
4,0,1,0,52,424,89,0,0
3,0,2,0,37,378,514,0,0
0,1,0,0,30,171,301,0,0
5,0,1,0,44,100,71,0,0
8,2,1,0,47,947,124,0,0
5,2,2,0,46,1807,62,2,0
0,1,0,0,38,2368,241,0,0
7,2,0,0,53,8,201,0,0
3,0,1,0,29,23,219,0,0
3,2,2,1,45,8,407,0,0
0,2,1,0,38,-17,11,0,0
2,0,0,0,44,624,552,0,0
6,0,1,0,53,579,1224,0,0
3,0,1,0,56,881,225,0,0
5,1,1,0,31,482,183,0,0
1,0,0,0,31,1385,116,0,0
4,0,1,1,59,2516,282,0,0
5,1,1,0,43,6,244,0,0
5,0,1,0,45,25,82,0,0
7,1,0,0,30,253,283,0,0
0,0,0,0,34,8000,110,0,0
1,0,1,0,34,479,65,0,0
0,2,0,0,53,15,76,0,0
0,2,0,0,43,350,128,0,0
1,0,1,0,41,965,336,0,0
3,1,2,1,31,-147,263,0,0
0,1,0,0,34,0,346,0,0
0,0,0,0,48,3842,215,0,0
1,2,1,0,50,3656,509,0,0
3,0,2,0,44,711,291,0,0
3,1,1,0,21,2265,92,0,0
6,0,1,1,56,17,342,0,0
1,1,1,0,31,137,27,0,0
0,1,1,0,50,431,180,0,0
3,0,1,0,27,556,11,0,0
5,0,1,0,55,139,241,0,0
1,0,0,0,47,52,93,0,0
0,2,0,0,31,1742,156,0,0
0,0,0,0,42,2816,193,0,0
4,0,1,0,64,4787,501,0,0
1,0,1,0,34,4,105,1,0
5,2,1,0,30,78,132,0,0
3,1,1,0,44,259,163,0,0
0,0,1,0,39,1034,306,0,0
0,0,0,0,42,255,302,0,0
2,1,1,0,31,0,544,0,0
3,1,1,0,36,284,114,0,0
5,1,1,0,38,2600,67,0,0
6,1,1,1,34,34,333,0,0
3,0,2,0,48,448,189,0,0
2,0,0,0,51,5254,134,0,0
5,0,0,0,31,608,89,0,0
3,0,2,0,28,237,498,0,0
0,0,0,0,50,830,71,2,0
3,0,1,0,37,103,153,0,0
3,0,2,0,46,494,131,1,0
3,0,1,0,45,1778,41,5,0
9,1,1,0,33,118,159,0,0
3,0,1,0,38,814,306,0,0
0,0,0,0,37,236,95,0,0
6,0,1,0,39,1142,276,0,0
1,0,1,0,41,-832,226,0,0
0,0,0,1,42,1336,65,0,0
0,0,1,0,47,894,105,0,0
0,1,-1,0,58,1873,49,0,0
7,0,0,0,31,168,193,0,0
0,0,0,0,40,-4,2033,0,0
6,1,1,0,32,121,213,0,0
3,0,2,0,47,17,121,0,0
5,0,1,0,28,788,11,0,0
0,2,0,0,45,839,340,4,0
6,1,1,1,35,143,68,2,0
5,1,1,0,28,251,178,0,0
4,0,1,0,59,2126,359,1,0
0,0,1,0,52,335,411,1,0
1,0,1,0,32,253,257,0,0
1,0,0,0,46,0,159,0,0
0,0,1,0,40,643,74,1,0
0,1,0,0,31,9506,321,0,0
1,0,0,0,43,1663,185,0,0
7,0,1,0,39,1317,42,0,0
0,1,0,0,41,480,178,0,0
7,1,1,0,30,280,92,0,0
1,1,1,0,37,363,39,3,0
3,0,2,0,54,1311,485,3,0
5,0,1,1,41,442,344,0,0
0,0,0,0,49,0,44,0,0
1,0,1,0,33,399,143,0,0
0,0,0,1,53,0,266,0,0
6,0,1,0,55,2476,579,0,0
3,0,2,0,39,186,208,0,0
4,2,2,0,55,1174,245,0,0
4,0,2,0,67,258,221,0,0
3,0,1,0,30,253,160,0,0
3,1,1,0,34,381,83,1,0
5,1,2,1,34,0,172,0,0
3,1,1,0,35,2158,288,0,0
0,1,0,1,39,4025,162,0,0
5,0,1,1,48,2235,755,0,0
3,0,1,0,34,640,636,0,0
0,0,0,0,42,0,90,0,0
1,2,1,0,47,5735,282,0,0
5,0,1,0,31,212,191,0,0
5,1,1,0,37,597,126,0,0
3,2,2,0,47,0,327,0,1
7,0,0,0,35,137,142,0,0
6,1,0,0,33,1268,2219,2,0
8,1,0,0,43,408,568,0,0
5,1,1,0,33,1248,359,0,0
0,0,0,0,36,2195,377,0,0
0,0,0,0,48,866,146,0,0
3,1,1,0,37,134,200,0,0
0,1,0,0,42,1146,98,0,0
0,1,0,1,30,2,305,0,0
1,0,1,0,34,1,108,0,0
1,0,0,0,32,401,200,0,0
4,0,1,0,58,225,122,0,0
8,2,1,0,43,4478,133,0,0
1,1,0,1,34,33,244,0,1
4,2,2,0,75,37127,505,0,0
3,0,2,0,47,259,83,0,0
0,0,0,0,31,1755,588,0,0
5,0,1,0,45,638,75,0,0
3,1,1,1,30,435,128,0,0
5,1,1,0,37,115,187,9,0
0,0,1,0,56,819,55,0,0
0,0,1,0,55,8592,255,0,0
5,2,1,1,55,0,122,4,0
9,0,0,0,35,3831,59,0,0
5,0,1,0,26,1417,60,0,0
3,0,1,0,41,523,232,0,0
0,0,1,0,47,1083,141,0,0
6,0,1,0,33,-319,142,0,1
0,1,0,0,52,556,733,0,0
0,0,0,0,38,389,262,0,0
6,0,1,0,33,0,54,0,0
4,2,1,0,59,514,673,1,0
7,1,0,0,44,1367,1232,1,0
0,0,0,0,44,278,95,0,0
1,1,0,0,29,7,70,0,0
3,0,1,0,29,0,215,0,0
6,1,0,0,28,2938,184,0,0
2,0,1,1,38,157,57,1,0
1,2,1,0,45,982,123,3,0
0,2,0,0,45,2406,248,0,0
0,0,0,1,57,1963,178,0,0
0,0,0,0,48,618,149,0,0
5,0,1,0,27,-790,273,0,0
1,1,1,0,30,538,148,0,0
0,0,2,0,47,4151,114,0,0
0,0,2,1,56,-346,84,0,0
-1,0,-1,0,44,722,269,0,0
1,1,1,1,36,34,247,0,0
0,0,0,0,38,2656,230,0,0
1,1,0,0,30,1185,284,1,0
4,0,2,0,57,1532,286,0,0
3,2,1,1,30,0,320,0,0
2,0,0,1,39,1,102,0,1
0,2,0,0,48,507,528,0,0
3,0,2,0,55,1937,64,0,0
0,1,0,0,40,269,11,0,0
6,0,1,0,31,356,228,0,0
5,0,1,1,35,-521,71,0,0
6,1,0,0,30,108,282,0,0
6,2,1,0,33,2411,360,0,0
9,1,2,0,41,1179,950,0,0
5,0,1,0,39,2783,131,0,0
5,1,1,0,34,239,6,0,0
1,2,1,1,41,225,139,0,0
1,1,1,1,25,1400,424,0,0
6,1,0,0,36,1189,220,0,0
0,1,0,0,27,1995,239,0,0
5,0,1,1,46,171,251,1,0
5,0,1,0,49,10250,97,0,0
3,0,2,0,32,-6,169,0,0
5,1,1,0,32,12,242,2,0
9,0,0,0,34,1265,118,3,0
1,1,1,1,39,2,14,0,0
3,1,2,0,47,355,144,1,0
1,0,0,0,34,1806,160,0,0
3,0,1,1,32,501,43,0,0
3,1,2,0,32,315,61,0,0
10,2,0,0,38,2946,605,0,0
3,0,1,0,37,523,257,0,0
7,2,0,0,44,1070,172,5,0
3,0,1,0,55,16873,78,0,0
8,0,1,0,57,1681,226,0,0
3,0,2,0,32,-89,389,0,0
4,0,2,0,59,2632,123,0,0
3,0,1,0,46,-371,138,0,0
0,1,0,0,38,427,17,2,0
8,0,2,0,55,1212,241,1,0
5,0,1,0,40,2082,82,0,0
5,0,1,0,32,1078,177,0,0
8,2,1,0,57,2762,100,0,0
3,0,-1,0,58,3585,122,1,0
6,0,1,0,39,5549,157,0,0
3,1,0,0,48,2330,15,0,0
3,1,1,0,29,202,128,0,0
0,1,0,0,38,623,297,4,0
3,0,1,0,54,254,66,0,0
8,1,0,0,37,1706,542,0,0
2,1,0,0,46,1410,93,8,0
1,1,1,0,31,1970,284,0,0
8,1,0,0,27,1,65,0,0
5,2,1,1,41,6046,300,2,0
5,1,0,1,34,625,34,0,0
6,0,1,0,37,775,150,0,0
0,2,0,0,47,0,186,0,0
5,0,1,0,35,0,78,0,0
1,1,1,0,29,213,174,1,0
5,0,1,0,47,4923,121,0,0
1,1,1,0,43,4990,88,0,0
3,0,1,0,32,298,163,7,0
6,0,1,0,57,1113,264,0,0
7,0,0,0,35,247,167,0,0
1,2,1,0,41,348,225,2,0
0,2,0,0,42,461,72,0,0
1,2,1,0,39,80,124,0,0
1,0,1,0,37,-90,921,3,0
1,0,0,0,34,218,109,0,0
1,0,1,0,47,65,118,0,0
1,1,1,0,35,1609,288,0,0
3,1,2,0,32,398,716,0,0
3,0,1,0,34,678,278,0,0
3,1,2,0,24,145,520,1,0
0,0,0,1,53,952,121,0,0
4,0,1,1,57,49,93,0,0
2,0,2,1,35,25,236,0,1
3,0,1,0,46,123,381,0,0
0,0,0,0,39,2939,348,0,0
3,0,1,0,42,-1664,169,0,0
1,0,1,0,44,0,225,0,0
2,1,0,0,33,484,537,0,0
1,1,1,0,33,261,622,0,0
3,1,2,1,45,-183,395,0,1
3,0,2,0,50,5356,289,0,0
6,0,1,1,30,44,90,0,0
9,0,1,0,59,0,153,0,0
0,0,0,1,42,843,226,0,0
5,0,1,0,44,205,289,0,0
8,0,-1,0,36,1437,810,0,0
4,0,1,0,68,1146,212,6,0
0,0,0,0,48,-13,20,2,1
0,0,2,1,57,687,107,0,0
3,1,1,0,35,2227,219,0,0
3,0,2,0,36,946,255,0,0
0,1,0,0,31,16,73,0,0
0,0,0,1,43,2,472,0,0
0,0,0,0,45,2220,89,2,0
7,1,0,0,41,0,408,0,0
2,1,1,0,38,2543,223,4,0
1,1,0,0,30,0,34,0,0
3,0,2,0,51,-11,126,0,0
1,0,1,0,32,-1,153,0,0
0,0,0,0,39,-342,110,0,0
8,0,0,0,36,39385,120,0,0
0,1,1,0,36,4394,114,0,0
6,2,1,1,41,5745,69,1,0
1,1,0,0,40,39,130,0,0
1,0,1,0,51,1446,84,0,0
4,0,1,0,61,479,464,0,0
3,0,1,1,46,456,618,0,0
3,0,2,0,50,3924,122,0,0
3,0,1,0,42,476,93,0,0
4,0,1,0,60,0,87,0,0
4,0,0,0,72,0,99,0,0
5,0,1,0,56,699,54,0,0
7,1,1,0,32,518,34,0,0
3,1,1,0,31,17,296,0,0
0,1,0,0,31,6495,383,3,0
6,1,1,1,39,1281,177,0,0
6,2,-1,0,39,434,553,0,0
0,0,0,0,37,223,24,0,0
6,1,1,0,47,917,293,0,0
4,0,0,0,57,815,385,0,0
0,0,0,0,30,696,187,0,0
7,0,1,1,50,6174,456,0,0
2,0,1,0,63,3904,250,2,0
3,1,1,0,25,0,44,0,0
3,2,1,0,38,1686,9,0,0
-1,0,-1,0,34,164,119,0,0
0,2,0,0,49,108,288,2,0
3,0,2,0,33,3868,445,0,0
3,0,-1,0,60,3538,261,0,0
2,0,0,0,35,0,150,0,0
9,0,1,0,37,167,225,0,0
1,2,1,0,37,2610,53,0,0
0,1,0,0,42,1156,62,0,0
9,2,1,0,51,330,218,0,0
3,1,1,1,27,-289,94,0,0
1,1,0,0,33,1393,1127,0,0
8,1,1,0,34,9,153,0,0
0,1,1,0,37,34,285,0,0
3,1,-1,0,53,1555,383,0,0
1,1,1,0,34,2683,73,0,0
1,1,1,0,50,246,270,2,0
6,0,1,0,31,-346,187,0,0
3,2,1,0,43,59,157,0,0
0,0,1,0,59,-1246,175,0,0
0,0,1,1,39,-810,77,0,0
0,1,0,0,41,260,149,0,0
0,1,0,0,31,220,257,2,0
1,1,1,0,32,-138,278,0,0
9,0,1,0,38,0,105,0,0
3,1,1,0,43,747,685,0,0
1,1,0,0,30,0,342,1,0
4,0,2,0,63,1084,201,1,0
0,0,0,0,58,256,508,4,0
1,1,1,1,30,-123,120,0,0
5,0,1,0,59,1575,301,11,0
0,0,0,0,34,443,235,0,0
9,0,2,0,60,211,406,0,0
0,1,0,0,32,316,215,0,0
3,0,1,1,39,356,607,0,0
3,0,1,0,27,373,49,0,0
10,1,1,0,22,216,363,1,0
7,0,1,0,36,189,632,0,0
3,0,2,0,30,135,268,0,0
0,1,0,0,25,436,132,0,0
7,0,2,0,38,618,184,0,0
3,1,1,0,30,1837,109,0,0
0,0,2,0,39,13,59,0,0
6,0,2,1,31,-212,911,0,0
5,1,1,0,57,2223,1064,0,0
3,0,1,0,34,1221,210,6,0
1,0,0,1,38,-255,63,0,0
3,0,2,0,45,2523,110,0,0
3,0,2,0,49,923,471,0,0
3,0,1,1,31,1131,126,6,0
6,1,1,0,48,3778,46,0,0
8,1,1,1,45,382,182,0,0
1,2,0,1,60,-361,76,0,0
-1,0,-1,0,41,779,647,0,0
3,0,1,0,32,150,1178,0,0
0,1,0,0,36,490,207,1,0
5,1,1,0,33,2557,186,0,0
3,0,2,0,39,1014,261,0,0
3,0,1,0,27,-584,411,0,1
1,0,2,1,56,314,108,5,0
5,1,1,0,28,244,31,0,0
7,0,0,0,29,0,253,1,0
6,2,1,0,32,454,978,0,0
7,1,1,0,28,242,205,0,0
3,0,2,0,51,1869,30,0,0
3,0,1,0,45,17,66,14,0
6,0,1,0,29,417,234,0,0
10,1,-1,0,37,444,137,5,0
5,1,1,0,37,9,165,0,0
10,1,0,0,27,118,160,1,0
3,0,1,0,48,149,71,0,0
3,0,2,0,57,249,164,0,0
5,0,1,1,54,0,117,0,0
3,0,1,0,28,-42,192,3,0
2,1,0,0,29,219,76,1,0
0,0,0,0,43,8016,422,0,0
3,0,1,0,30,7,197,0,0
2,1,0,0,33,138,141,0,0
3,0,1,0,34,-53,196,1,0
3,0,1,1,35,0,72,0,0
3,0,1,0,37,395,157,0,0
0,0,0,0,36,3770,150,0,0
3,0,2,0,37,510,122,0,0
3,0,2,0,35,690,880,0,0
3,0,1,0,29,721,644,0,0
1,0,-1,0,39,880,29,0,0
0,0,0,0,41,285,90,4,0
3,0,1,0,45,10252,675,0,0
6,1,1,0,27,139,165,0,0
5,2,1,0,38,0,93,0,0
0,0,0,0,29,250,371,1,0
0,0,0,0,29,877,166,0,0
3,0,1,0,38,332,184,0,0
1,0,1,0,46,5681,43,0,0
1,0,1,0,49,662,47,0,0
4,2,0,0,59,979,281,0,0
3,0,1,1,36,1654,167,0,0
3,0,2,0,41,1356,50,0,0
3,1,1,0,32,-206,148,0,1
3,0,0,0,39,200,166,0,0
3,1,0,0,39,172,125,2,0
0,1,1,0,44,3684,35,0,0
3,0,1,0,53,1777,253,0,0
3,0,1,0,37,1330,390,0,0
3,0,2,1,49,1,98,1,0
1,0,1,0,50,4,200,0,0
5,0,1,0,39,732,522,0,0
0,0,0,0,40,3185,109,0,0
3,0,1,0,58,6004,133,6,0
3,2,2,0,29,2597,112,0,0
0,0,0,0,49,146,86,0,0
1,1,1,1,41,0,162,0,0
7,2,1,0,38,2,291,0,1
1,1,-1,0,47,77,83,0,0
5,0,1,0,41,437,138,0,0
1,0,1,1,34,2019,102,0,0
0,2,0,0,48,1492,249,0,0
3,1,1,0,23,27,280,0,0
0,2,0,0,39,9541,815,0,0
9,0,2,0,33,2293,457,0,0
6,0,1,0,31,-68,293,0,0
1,1,1,0,30,3286,743,0,0
5,1,1,0,37,176,80,0,0
1,2,1,0,53,2156,671,0,0
3,0,2,0,43,0,570,0,0
1,1,1,0,34,0,130,0,0
5,2,-1,0,48,244,280,0,0
3,0,2,0,59,3302,85,0,0
3,0,2,0,51,19,26,0,0
0,0,0,1,28,3694,70,0,0
4,0,1,0,52,411,180,10,0
3,0,1,0,36,3420,98,0,0
0,2,0,0,40,823,159,0,0
4,0,0,0,57,11254,229,0,0
5,0,1,0,48,182,180,0,0
1,1,1,0,21,519,5,0,0
3,1,2,0,50,1743,49,0,0
1,1,1,0,46,1758,109,0,0
0,1,0,0,30,1191,381,0,0
7,1,0,0,27,202,678,0,0
5,2,1,0,37,1573,639,10,0
0,0,0,0,37,825,214,0,0
3,0,2,0,30,453,445,0,0
1,0,1,0,46,167,155,0,0
3,0,1,0,35,412,316,0,0
6,1,1,0,31,85,151,0,0
5,0,2,0,50,429,60,0,0
0,1,0,0,35,1396,809,1,0
4,0,1,0,76,2302,345,0,0
0,1,0,0,35,694,129,0,0
10,1,0,0,26,97,382,0,0
0,1,0,0,31,453,58,0,0
3,0,2,1,40,572,171,1,0
0,1,0,0,30,4210,796,0,0
0,1,0,0,31,8436,162,0,0
6,0,1,0,31,520,123,0,0
6,2,2,0,40,4,171,0,0
3,0,2,0,57,403,63,0,0
6,0,1,0,34,0,56,0,0
1,0,1,0,29,492,259,0,0
1,1,1,0,35,450,63,0,0
1,0,1,0,33,2666,117,0,0
3,0,1,0,28,1021,774,1,0
7,0,-1,0,75,4984,509,0,0
1,0,-1,0,52,425,219,3,0
1,1,1,1,27,3305,78,0,0
3,1,2,0,31,859,80,0,0
0,0,1,0,44,4425,477,0,0
9,2,1,0,46,154,79,0,0
3,1,1,0,38,2422,257,0,0
6,2,1,0,56,476,67,0,0
5,0,1,0,43,316,289,0,0
0,2,2,1,45,274,101,0,0
5,0,1,0,34,-142,107,0,0
3,0,1,0,53,-8,794,0,0
0,1,0,0,33,718,104,4,0
10,1,0,0,25,641,53,0,0
1,1,1,0,44,293,345,1,0
1,1,1,0,39,316,100,0,0
0,1,0,0,34,9,439,0,0
6,1,1,0,28,123,115,3,0
5,1,1,0,43,2527,276,0,0
1,0,1,0,60,259,396,2,0
6,0,1,0,51,1703,101,0,0
0,0,0,1,46,4693,79,2,0
1,0,0,0,32,-252,52,0,0
0,1,0,0,34,0,191,0,0
3,1,1,0,33,264,494,0,0
1,0,1,0,35,19,130,0,0
6,0,1,1,30,2,50,0,0
1,0,1,0,38,0,111,0,0
5,1,0,0,37,869,60,0,0
5,2,1,0,35,30,186,0,0
3,0,1,0,32,944,231,1,0
5,0,0,0,32,118,358,0,0
9,0,2,0,65,715,323,0,0
1,2,0,0,47,194,368,0,0
5,0,1,1,40,1565,288,0,0
1,0,1,0,38,2767,711,0,0
0,1,0,0,37,198,304,0,0
4,0,2,0,64,43,117,1,0
2,0,2,0,51,4711,253,0,0
3,0,2,0,29,201,101,0,0
1,1,1,0,35,433,163,0,0
7,0,1,1,49,1878,283,0,0
3,0,2,0,56,0,82,0,0
1,0,0,1,43,1201,84,0,0
1,1,1,0,33,659,274,0,0
6,0,1,0,24,620,144,0,0
0,2,0,0,31,0,269,0,0
0,0,1,0,37,-499,71,0,0
8,0,1,0,52,-9,123,0,0
3,0,2,0,29,1016,33,0,0
3,2,1,1,32,-15,132,0,0
10,1,-1,0,31,988,377,11,0
3,0,1,0,44,788,392,0,0
2,0,0,0,56,21,118,0,0
1,0,1,0,56,276,301,1,0
6,1,0,1,28,737,955,0,0
-1,1,-1,0,46,63,235,0,0
3,2,2,0,55,8180,854,1,0
6,0,1,0,37,405,51,0,0
6,1,1,0,32,396,257,0,0
1,1,0,0,25,3630,221,0,0
0,1,0,0,33,2206,247,0,0
4,0,1,0,52,424,143,3,0
5,1,1,1,28,261,254,6,0
1,0,0,0,36,6,100,1,0
5,2,1,0,29,504,203,0,0
5,0,-1,0,37,2236,495,0,0
0,1,0,0,35,62,214,3,0
5,2,1,0,49,2169,54,0,0
4,0,-1,0,64,679,167,0,0
1,0,0,1,38,-1350,96,0,0
3,0,2,0,32,1261,132,0,0
6,0,1,0,30,419,390,0,0
4,0,2,0,70,324,632,6,0
0,2,0,0,46,225,201,1,0
0,1,0,0,39,2357,64,1,0
3,0,1,0,42,-269,100,0,0
9,0,1,1,56,594,151,0,0
3,0,1,0,28,228,328,0,0
5,1,0,0,27,954,186,0,0
0,2,0,0,53,6388,203,0,0
3,0,2,0,54,244,337,0,0
0,0,0,0,34,1602,287,0,0
3,0,1,0,52,0,163,0,0
3,2,1,0,38,1344,942,0,0
0,0,0,0,47,-1379,114,0,0
5,0,1,1,44,1248,428,0,0
-1,1,1,0,28,4465,769,0,0
1,0,1,0,47,1219,697,0,0
1,0,0,1,41,725,87,0,0
6,0,1,0,32,509,473,2,0
2,0,1,1,51,0,184,0,0
0,2,0,0,39,5009,1083,0,0
0,0,2,0,48,2803,30,0,0
9,0,-1,0,39,0,92,0,0
3,1,2,0,35,21,129,0,0
0,0,1,0,61,1471,331,0,0
0,0,0,1,48,192,268,0,0
5,1,1,0,30,-228,101,1,1
0,0,0,0,35,867,298,3,0
8,0,0,0,34,473,94,0,0
1,1,1,1,41,1508,301,0,0
3,0,2,0,41,402,114,0,0
5,1,1,0,49,780,354,0,0
3,0,-1,0,58,5505,317,0,0
1,2,1,0,37,566,168,0,0
6,2,2,0,59,6290,19,0,0
0,2,0,0,48,17964,208,3,0
1,0,1,1,34,0,62,0,0
5,0,1,0,40,367,89,1,0
7,2,0,0,51,1357,233,0,0
1,0,0,0,32,2976,88,0,0
0,1,0,0,33,718,122,2,0
8,1,1,0,41,295,509,0,0
1,2,1,0,34,675,81,0,0
0,2,0,0,38,547,137,0,0
6,0,1,0,38,706,206,0,0
3,0,1,1,45,4365,45,0,0
-1,0,-1,0,45,2834,112,0,0
0,0,0,1,35,4038,160,0,0
10,1,0,0,27,24,344,0,0
1,0,1,0,40,1269,353,1,0
2,0,-1,0,53,352,199,0,0
5,0,0,1,50,843,71,0,0
4,0,1,0,53,38,89,0,0
6,0,1,1,41,523,5,0,0
3,0,1,0,54,1288,170,0,0
1,1,1,0,35,353,8,0,0
7,0,2,0,35,712,192,3,0
3,0,1,0,31,1803,350,1,0
3,0,2,0,41,2053,81,0,0
5,1,1,0,60,646,649,0,0
10,1,0,0,28,61,401,0,0
0,0,0,0,38,-498,85,0,0
7,1,1,1,31,203,177,0,0
8,0,1,0,55,549,43,0,0
0,1,0,0,39,1457,430,0,0
1,0,1,0,52,-38,613,0,0
0,1,0,0,31,1598,36,0,0
0,2,0,0,58,50,675,4,0
7,0,0,0,46,1148,104,0,0
3,0,1,0,39,-145,1372,0,0
9,0,1,0,48,4,68,0,0
1,0,1,1,33,3071,46,1,0
2,0,-1,0,53,7,68,0,0
5,1,1,0,30,1473,401,0,0
0,0,0,0,50,1612,532,2,0
2,0,1,1,52,10,72,0,0
3,1,2,0,31,5972,59,0,0
0,0,1,0,55,2410,135,0,0
5,1,1,1,40,462,272,4,0
6,0,2,0,22,7982,18,0,0
0,1,0,0,30,398,554,2,0
3,0,1,1,40,-94,227,0,1
9,0,1,0,42,197,199,0,0
1,0,0,1,50,1347,582,0,0
6,0,2,0,48,0,90,1,0
3,0,1,0,47,292,277,0,0
1,0,0,1,44,184,653,2,0
5,0,1,0,34,626,142,0,0
3,0,1,0,42,0,91,0,0
6,2,2,0,49,400,64,0,0
5,0,1,0,47,1647,39,0,0
5,0,1,0,58,169,301,3,0
0,1,0,0,38,5244,310,0,0
2,0,0,0,45,0,416,0,0
0,0,0,0,30,2994,156,1,0
0,0,0,1,36,2957,193,3,0
0,1,-1,0,35,186,196,0,0
5,0,1,0,38,599,331,0,0
5,1,1,0,24,753,259,0,0
3,2,1,1,43,590,306,0,0
1,0,0,0,40,1554,99,0,0
3,1,0,0,36,3649,756,0,0
9,0,1,0,31,14,46,0,0
2,0,0,0,33,595,22,0,0
5,1,1,0,30,1282,346,2,0
3,0,2,0,42,46,130,0,0
1,0,0,1,49,-888,298,0,0
4,2,0,0,59,559,168,0,0
9,0,2,0,33,0,237,0,0
8,0,1,0,45,1603,164,0,0
6,1,1,0,33,310,54,1,0
0,1,0,1,32,2515,223,0,0
3,0,2,1,37,380,548,0,0
0,0,0,0,39,3913,150,0,0
1,1,1,0,36,376,479,0,0
3,0,1,1,40,-605,79,1,0
1,2,1,0,40,348,142,0,0
0,1,0,1,44,-1313,104,0,0
2,0,1,0,39,0,528,0,1
6,0,1,0,31,413,65,0,0
3,1,-1,0,40,24,185,0,0
3,0,1,0,39,983,97,0,0
5,0,1,1,38,505,48,0,0
6,1,1,0,34,-38,48,0,0
0,0,0,0,59,281,430,0,0
5,0,1,1,32,8749,294,0,0
5,0,1,0,32,0,206,0,0
3,0,1,1,23,-213,87,0,0
7,0,0,0,31,147,12,0,1
3,2,1,0,44,427,151,0,0
3,0,1,0,36,0,171,3,0
0,0,-1,0,61,264,270,1,0
0,0,0,0,39,218,97,0,0
0,1,0,0,27,6791,174,28,0
9,2,1,0,39,7783,108,0,0
6,0,1,0,51,-800,203,0,0
3,0,2,0,37,351,108,0,0
5,2,1,1,52,3029,65,2,0
1,1,1,0,48,329,711,0,0
1,0,1,0,34,6,99,0,0
0,0,0,0,47,0,194,3,0
2,0,1,0,30,31,229,0,0
0,0,0,1,54,7249,102,1,0
3,0,1,1,33,1624,951,0,0
5,0,0,0,49,255,96,0,0
9,0,2,0,27,0,435,0,0
7,2,1,0,46,0,6,0,0
3,1,1,0,21,164,260,0,0
0,2,1,0,40,108,10,0,0
3,0,1,1,31,1138,254,0,0
5,0,1,0,32,280,59,0,0
9,0,2,0,33,2054,472,0,0
3,0,1,1,38,50,545,0,0
8,0,2,0,53,980,352,0,0
8,0,2,0,36,0,409,0,0
0,0,0,0,47,296,500,0,0
3,0,2,0,56,0,291,0,0
5,1,1,0,30,285,68,0,0
6,0,1,0,26,0,409,0,0
6,2,1,0,33,2411,130,1,0
7,1,0,0,39,3972,122,0,0
6,1,1,0,29,814,54,0,0
0,1,0,0,48,648,290,2,0
0,1,0,0,32,11315,286,0,0
0,0,0,0,33,1109,306,0,0
4,0,0,0,61,1257,503,0,0
4,0,1,0,75,26452,219,0,0
5,0,1,0,41,124,191,0,0
1,1,1,0,36,103,122,2,0
10,1,0,0,24,834,679,0,0
5,1,1,0,30,222,455,0,0
3,1,1,0,30,348,14,1,0
3,0,2,0,30,184,217,0,0
5,1,1,1,30,523,136,1,0
6,0,1,0,60,-46,132,0,0
6,0,1,1,28,633,95,0,0
5,1,1,0,41,1322,58,1,0
8,1,2,1,44,-4,788,0,1
1,1,1,0,26,7,188,0,0
6,1,1,1,54,559,242,0,0
5,0,1,0,31,439,233,0,0
0,0,0,0,31,-1038,255,0,1
3,0,2,0,53,421,677,0,0
3,0,2,0,37,1104,15,0,0
0,0,0,0,56,154,454,0,0
5,1,1,0,30,1309,622,0,0
5,2,1,0,44,-88,600,0,0
3,1,2,0,30,660,912,0,0
3,0,2,0,28,-469,244,0,0
7,1,0,0,35,935,71,2,0
6,0,0,0,43,519,715,0,0
6,0,-1,0,46,854,478,0,0
5,0,1,0,44,2403,180,0,0
8,0,1,0,48,11371,249,3,0
5,1,1,0,32,-648,439,0,0
6,0,1,0,46,379,886,0,0
4,0,0,0,60,2261,245,0,0
6,0,1,1,51,0,565,0,0
4,0,1,0,63,2716,205,0,0
5,2,1,0,40,220,197,0,0
0,0,1,1,40,754,635,0,0
5,0,0,0,34,899,377,4,0
1,0,1,0,57,225,22,12,0
9,0,2,0,27,-238,132,0,1
0,2,0,0,50,810,510,0,0
0,0,0,0,33,81,104,1,0
0,0,0,0,67,405,344,2,0
3,0,2,0,43,437,142,0,0
3,0,1,0,49,3309,349,0,0
6,0,1,0,49,7019,263,3,0
1,0,1,0,34,545,96,0,0
3,1,1,0,37,2469,232,0,0
8,2,0,0,31,256,873,0,0
1,1,1,0,39,1022,1410,0,0
9,2,2,0,56,864,46,0,0
0,0,0,0,32,71,75,0,0
1,0,0,0,45,3626,2485,0,0
1,0,0,1,31,-502,523,0,0
0,2,0,0,56,2037,318,6,0
0,0,1,0,31,6943,109,0,0
0,0,0,0,51,346,237,6,0
0,2,0,0,55,17,129,0,0
0,2,0,0,34,0,36,0,0
3,0,1,0,27,362,332,0,0
4,2,0,0,60,979,295,1,0
6,1,1,0,28,2992,337,0,0
8,0,1,0,40,3430,1855,0,0
7,0,0,1,36,328,136,0,0
5,1,1,0,27,1123,75,0,0
0,0,0,1,35,2387,289,0,0
1,1,1,0,35,175,219,1,0
0,0,1,0,59,1245,285,0,0
1,0,1,0,34,134,159,0,0
1,0,1,0,57,629,226,0,0
1,0,1,0,39,626,126,0,0
0,1,0,0,43,1304,501,0,0
6,0,2,0,53,574,121,0,0
1,1,1,1,32,644,198,0,0
0,1,0,0,35,331,857,0,0
4,0,1,0,59,374,272,0,0
2,0,1,1,42,215,158,0,0
1,1,1,0,36,1228,303,0,0
1,1,0,0,31,25,265,0,0
1,1,-1,1,34,4223,133,0,0
3,0,1,1,42,-755,312,0,0
3,0,1,0,48,-85,56,1,0
5,0,1,0,39,104,412,0,0
3,1,1,0,34,375,55,0,0
-1,1,1,0,50,86,279,0,0
1,0,1,0,34,393,314,6,0
1,1,1,0,34,-14,85,0,1
0,0,1,0,28,143,44,0,0
0,1,0,0,31,635,37,2,0
1,0,1,1,44,2126,166,0,0
9,0,2,0,50,395,419,0,0
1,0,1,0,51,117,442,0,0
5,0,1,0,57,2518,82,0,0
1,1,1,0,27,15,67,0,0
6,0,1,0,43,122,355,0,0
4,0,1,0,64,1574,301,0,0
8,0,1,1,38,1906,210,0,0
5,0,1,0,29,69,77,0,0
3,0,2,0,36,0,108,2,0
5,0,1,1,42,8238,102,5,0
6,0,1,0,51,-467,216,0,0
0,1,1,0,30,161,397,0,0
3,0,1,0,37,1053,405,0,0
0,1,0,0,32,17,72,0,0
1,1,1,0,34,174,259,0,0
3,1,2,0,41,1618,1553,0,0
3,0,1,0,41,4900,121,0,0
0,1,0,1,58,342,564,0,0
0,0,-1,0,66,2149,151,4,0
2,0,0,0,35,-31,171,0,0
1,2,1,0,45,0,64,0,0
3,1,1,0,37,115,74,0,0
0,1,0,0,31,115,187,0,0
6,0,1,0,31,1273,442,0,0
1,0,1,0,52,2944,22,0,0
10,1,1,0,30,4,443,0,0
1,0,0,0,46,3009,58,0,0
5,1,0,0,29,422,103,1,0
3,0,2,0,37,345,344,2,0
3,0,1,1,48,48,144,0,0
0,2,1,1,48,769,58,15,0
3,0,1,1,33,1138,509,0,0
0,1,0,1,37,171,250,0,0
1,2,1,0,51,1,290,0,0
3,0,-1,1,58,64,78,0,0
3,0,1,0,44,0,684,0,0
2,0,-1,0,51,29,162,0,0
2,0,2,0,38,350,75,0,0
5,0,1,0,31,1229,176,0,0
4,0,1,0,60,90,41,0,0
3,1,2,0,43,36,163,0,0
6,1,1,0,32,1168,411,0,0
6,1,1,0,40,888,169,0,0
3,0,1,1,52,2231,470,0,0
10,1,-1,0,33,86,136,0,0
3,0,2,0,50,40,152,0,0
-1,0,1,0,33,2727,205,0,0
9,2,1,0,39,70,346,8,0
3,0,2,0,43,103,179,0,0
5,0,1,0,22,967,525,0,0
4,1,1,0,53,1846,95,0,0
3,0,1,0,58,886,302,0,0
3,1,2,1,32,1137,274,0,0
3,0,1,0,41,0,273,0,0
2,0,2,0,60,0,40,0,0
9,0,-1,0,54,4789,83,0,0
3,0,2,0,41,262,159,0,0
1,0,0,0,31,1410,42,0,0
3,0,1,0,53,-102,52,0,0
5,0,1,0,37,2991,139,0,0
7,0,1,0,43,2940,108,0,0
1,1,1,0,51,17092,35,0,0
5,0,1,0,56,374,193,0,0
4,2,-1,0,79,2628,220,2,0
8,0,2,0,50,289,300,0,0
5,2,1,0,50,1332,95,0,0
4,0,2,0,51,34,69,0,0
0,1,0,0,31,924,207,1,0
3,0,1,0,36,779,172,0,0
5,1,1,0,40,178,83,0,0
1,2,1,0,43,177,209,0,0
0,0,1,0,41,0,280,0,0
0,0,0,0,30,27,175,2,0
3,0,1,0,33,1240,400,0,0
0,1,0,1,46,-867,222,0,0
5,1,0,0,36,635,80,1,0
6,0,1,0,31,132,148,1,0
3,0,1,0,49,298,264,3,0
6,2,2,0,53,3107,152,0,0
-1,0,-1,0,57,327,74,0,0
4,0,2,1,56,1448,16,0,0
7,0,1,0,57,380,878,0,0
1,1,0,0,26,1066,200,0,0
0,0,0,0,45,4112,140,0,0
3,0,2,0,47,4040,53,0,0
3,0,1,0,37,982,127,2,0
6,0,1,0,57,6874,356,0,0
7,1,0,0,26,168,394,0,0
1,2,1,0,45,5862,352,3,0
1,0,0,0,53,673,182,0,0
5,0,1,0,31,0,137,0,0
5,0,1,0,52,531,222,0,0
2,0,1,0,34,4659,28,0,0
3,0,2,0,30,124,126,0,0
1,0,0,0,56,272,103,0,0
5,1,1,0,23,589,62,0,0
1,1,1,0,30,863,1193,0,0
4,0,1,0,70,2575,216,0,0
3,0,1,0,35,528,61,1,0
1,1,-1,0,30,766,296,0,0
4,0,2,0,69,2713,32,0,0
0,1,0,1,27,134,68,0,0
0,2,0,0,43,0,154,0,0
5,1,1,1,27,321,4,0,0
1,2,1,1,34,0,110,2,0
0,0,0,0,49,0,87,0,0
2,1,-1,0,31,301,371,0,0
5,2,1,0,32,-18,155,0,1
6,0,-1,0,28,-134,8,0,0
3,0,1,0,40,3765,87,0,0
3,1,1,0,31,-745,227,0,0
5,0,1,0,40,1142,126,0,0
3,0,2,0,57,211,239,0,0
1,0,1,0,34,657,263,0,0
3,1,1,0,31,0,397,0,0
0,0,0,0,38,1444,139,0,0
0,1,0,0,32,84,37,0,0
3,0,1,0,39,459,307,0,0
0,1,0,1,46,311,96,1,0
0,1,0,0,34,308,79,4,0
3,0,2,1,54,175,1027,0,0
7,0,-1,0,44,163,44,3,0
0,0,0,0,59,7049,647,0,0
8,0,1,0,29,687,309,6,0
4,2,1,0,81,452,443,0,0
3,0,1,0,42,2913,127,2,0
3,1,2,0,31,1097,485,0,0
3,0,1,1,35,162,675,0,0
1,1,1,1,25,266,74,0,0
3,1,1,0,33,-60,243,0,1
3,0,2,0,51,377,143,1,0
6,0,1,1,37,343,74,0,0
1,0,1,0,32,4,145,4,0
3,2,-1,0,29,17,31,0,0
4,0,1,0,55,5,108,0,0
1,0,1,1,48,197,47,3,0
4,0,0,0,56,281,185,2,0
1,1,1,0,37,2139,146,0,0
5,0,1,0,37,529,234,2,0
5,0,1,0,44,1206,180,0,0
1,1,0,0,32,0,119,0,0
0,0,0,0,33,113,101,0,0
3,0,2,0,46,-1,35,0,0
5,1,1,0,33,344,103,0,0
5,0,1,1,30,60,61,0,0
5,0,1,0,33,730,70,0,0
5,0,1,0,50,4117,530,0,0
6,0,-1,1,30,-51,440,0,0
5,0,1,0,35,56,93,0,0
3,0,1,0,61,681,173,2,0
3,0,2,0,40,117,172,0,0
0,0,0,0,34,0,331,0,0
9,0,2,0,42,16,79,0,1
0,0,2,1,55,229,175,0,0
0,1,0,0,30,596,125,0,0
3,1,2,0,32,100,376,0,0
4,0,2,0,80,155,343,0,0
4,0,0,0,82,278,223,0,0
0,0,0,0,34,8,6,0,0
1,1,0,0,60,2934,233,0,0
9,0,2,0,35,218,127,0,0
3,0,1,0,23,272,100,0,0
3,0,2,0,35,624,163,0,0
6,0,1,0,37,4760,182,2,0
3,1,1,0,25,0,135,0,0
0,1,0,0,32,151,111,0,0
3,0,-1,0,36,70,219,0,0
0,0,0,0,39,1301,233,0,0
6,2,1,0,39,0,1006,0,0
6,0,1,0,33,360,103,13,0
8,2,1,1,45,728,107,0,0
0,1,0,0,33,9135,80,0,0
5,0,1,0,36,176,111,0,0
-1,0,-1,0,60,17297,664,0,0
5,2,1,1,48,1033,11,0,0
0,1,0,0,29,7345,222,0,0
5,0,1,0,48,257,186,11,0
3,0,1,0,54,-932,799,0,0
1,0,1,0,36,577,88,0,0
1,1,1,0,37,300,82,0,0
0,0,0,0,35,1432,54,0,0
1,0,0,0,29,604,430,0,0
6,1,0,0,32,0,23,0,0
5,0,1,0,32,200,172,0,0
5,2,1,0,36,592,204,5,0
6,0,1,0,49,-22,70,0,0
1,1,0,0,25,148,421,0,0
0,0,-1,0,35,1128,457,0,0
5,1,0,0,30,371,170,0,0
1,1,0,0,55,92,118,0,0
10,1,1,0,25,1765,111,2,0
9,0,1,0,47,4397,110,0,0
1,0,2,0,57,0,214,0,0
1,1,1,0,31,1186,174,1,0
1,0,1,1,42,645,349,0,0
1,0,0,1,30,1103,148,0,0
0,0,0,0,30,1403,136,0,0
2,1,0,0,26,255,401,0,0
5,1,1,1,43,91,110,0,0
8,0,-1,0,52,83,26,0,0
5,1,1,0,40,877,12,6,0
1,1,0,0,35,7838,17,0,0
1,1,1,0,35,0,72,0,1
6,1,0,0,30,542,435,0,0
5,0,2,0,60,41,140,0,0
1,2,0,0,55,2298,66,0,0
1,1,1,1,32,324,432,0,0
1,1,1,0,27,204,471,0,0
5,1,1,0,33,745,278,1,0
0,0,0,0,49,-969,61,1,0
3,0,1,0,41,926,306,1,0
3,0,1,0,24,685,896,0,0
0,1,0,0,44,12,126,0,1
8,2,1,0,65,588,110,1,0
4,0,0,0,59,-892,129,0,0
-1,0,-1,0,49,301,789,0,0
-1,0,1,0,31,3,91,0,0
3,1,1,0,28,1011,204,0,0
0,1,0,0,30,29,174,0,0
8,1,1,0,30,-306,275,0,0
0,1,0,0,32,520,443,0,0
1,0,0,0,37,732,354,0,0
1,0,1,0,50,3149,69,1,0
7,0,0,0,39,585,48,3,0
3,0,2,0,44,0,17,0,0
1,0,1,0,32,212,98,0,0
1,1,1,0,26,455,240,8,0
6,0,1,0,38,859,35,0,0
4,0,1,0,58,1227,182,2,0
5,1,0,0,41,1455,87,0,0
6,1,1,0,46,897,82,0,0
4,0,0,0,67,1341,706,0,0
1,0,1,0,43,10,301,0,0
1,0,1,0,46,0,54,0,0
5,1,1,0,25,19,133,0,0
3,0,2,0,46,0,92,0,0
7,1,0,0,29,1579,178,4,0
3,0,2,0,51,1938,61,0,0
1,1,1,0,30,167,35,0,0
4,0,0,1,52,1452,194,0,0
0,2,0,0,47,8226,137,0,0
3,0,2,0,54,1390,647,0,0
6,0,1,1,42,-437,318,0,0
0,1,0,0,27,2420,391,0,0
3,1,2,0,25,6100,45,0,0
0,0,1,0,49,0,141,0,0
5,1,1,0,31,690,10,12,0
0,1,0,0,28,1808,309,0,0
1,0,1,0,46,329,78,0,0
0,2,-1,1,35,1043,230,0,0
1,1,0,0,31,279,198,0,0
5,0,0,1,35,318,142,0,0
5,1,1,0,27,192,1076,0,0
1,0,0,0,54,-800,445,0,0
6,1,1,1,33,-530,168,0,0
0,0,0,0,49,1808,205,1,0
5,0,1,0,40,100,38,0,0
3,0,1,1,54,682,133,0,0
5,2,1,1,39,-328,16,0,0
6,0,1,0,45,1181,141,0,0
1,0,1,0,45,3241,84,0,0
3,1,2,0,30,464,686,0,0
0,1,0,0,26,14004,167,0,0
9,0,-1,0,54,909,111,0,0
0,0,0,0,53,657,147,0,0
5,0,1,0,39,3655,422,0,0
3,0,1,0,52,167,163,0,0
0,0,0,0,45,2022,340,0,0
6,0,1,0,37,237,175,0,0
4,1,1,0,56,4365,361,0,0
3,0,1,0,30,363,132,0,0
0,0,0,0,58,4152,160,0,0
1,1,0,0,35,147,134,0,0
0,0,0,0,37,649,64,0,0
3,2,1,0,46,1480,257,0,0
7,1,0,0,43,2169,229,0,0
0,0,0,0,37,21,89,2,0
3,0,2,0,40,0,1080,0,0
3,0,1,0,31,-617,115,0,0
3,1,2,0,32,2507,215,0,0
1,0,1,1,59,4263,426,0,0
3,0,2,1,30,5956,405,1,0
5,0,2,1,46,276,157,0,0
3,1,1,0,25,195,1339,0,0
7,0,1,1,40,167,380,1,0
4,2,2,0,58,6,228,0,0
5,1,1,1,27,-541,153,0,0
5,0,1,1,32,203,219,0,0
6,0,1,1,32,-489,93,3,0
3,0,-1,0,48,113,104,0,0
3,0,2,0,35,2953,97,0,0
0,1,0,0,35,2808,221,0,0
9,2,2,0,51,3982,23,0,0
3,0,2,0,37,655,127,4,0
3,0,1,1,49,913,178,0,0
5,0,1,0,31,97,607,0,0
5,1,0,0,27,1996,187,0,0
0,2,0,0,46,0,50,0,0
6,0,1,0,27,2526,500,0,0
5,0,2,1,60,686,122,0,0
3,0,2,0,59,3372,87,0,0
7,0,1,0,51,921,188,0,0
1,0,1,1,31,17,120,0,0
7,0,0,0,53,451,56,0,0
3,1,1,1,34,565,20,0,0
0,0,0,0,51,7197,45,0,0
1,0,1,1,33,-616,320,0,0
1,1,0,0,54,118,280,0,0
3,0,2,0,50,506,430,0,0
2,1,1,0,31,0,258,0,0
6,0,1,0,26,54,116,0,0
0,0,1,0,30,0,78,0,0
3,0,2,0,48,219,109,0,0
9,0,2,1,39,694,91,2,0
0,2,0,0,54,124,119,0,0
0,1,0,1,28,1996,55,0,0
3,0,1,0,39,1439,73,0,0
3,0,2,0,49,-157,491,0,0
7,1,0,0,35,5462,188,1,0
5,0,1,1,48,387,761,0,0
0,0,0,0,34,1352,265,0,0
0,0,0,0,36,340,68,0,0
3,1,1,0,32,811,563,0,0
0,0,0,0,33,0,310,0,0
6,1,-1,0,49,5095,127,1,0
3,1,1,0,32,15341,738,0,0
3,0,1,0,28,224,571,0,0
1,0,1,1,52,1490,420,0,0
10,1,1,0,24,23878,133,1,0
3,0,1,0,31,1407,142,0,0
1,0,1,1,34,-1490,219,0,0
1,1,1,0,26,334,217,0,0
3,0,1,0,34,559,47,1,0
6,0,1,0,34,1337,442,0,0
1,1,1,0,26,84,70,0,0
8,0,1,0,57,0,97,0,0
5,0,1,1,36,68,85,0,0
5,0,2,0,35,136,283,0,0
0,1,0,0,30,149,220,0,0
5,0,2,1,38,0,163,0,0
5,0,1,0,36,1207,1792,0,0
2,0,0,0,36,271,322,0,0
3,0,1,0,39,0,420,0,0
0,0,0,1,30,740,242,1,0
2,1,0,0,25,140,348,0,0
5,1,1,0,29,788,264,0,0
0,2,0,0,54,55,183,0,0
0,0,0,0,32,71,80,0,0
0,1,0,0,34,3821,649,0,0
1,0,1,0,37,480,344,8,0
5,0,1,1,54,1279,102,0,0
3,1,1,0,27,940,141,3,0
3,1,0,0,35,1011,36,1,0
5,1,1,1,27,261,592,0,0
5,1,1,0,38,4803,129,2,0
3,2,-1,0,36,0,377,0,0
3,0,1,0,39,481,38,0,0
7,1,0,0,31,144,676,0,0
1,2,1,1,51,2323,151,0,0
0,1,0,0,30,552,648,0,0
1,1,0,1,28,968,470,0,0
0,0,0,0,38,0,101,0,0
3,0,1,0,45,1964,78,0,0
4,0,1,1,61,2801,239,0,0
5,2,1,0,44,21,681,0,0
6,0,1,0,34,-315,56,0,0
0,0,1,0,48,4415,148,0,0
5,0,1,1,31,-51,173,0,1
0,1,0,1,26,531,57,0,0
2,0,1,0,35,2971,429,2,0
5,0,-1,0,58,903,56,0,0
4,0,1,0,95,0,215,0,0
0,0,0,1,50,569,452,0,0
3,1,2,0,44,287,301,0,0
0,1,0,0,32,1117,219,0,0
3,0,2,1,37,190,194,0,0
0,0,0,0,37,165,315,1,0
1,1,0,0,48,-551,168,0,0
1,2,1,0,37,630,28,0,0
1,1,1,0,27,261,236,2,0
0,1,0,0,29,697,365,1,0
7,1,0,0,29,5406,530,0,0
2,1,-1,0,43,323,159,1,0
2,0,1,0,53,162,270,0,0
1,0,2,0,40,6110,217,0,0
1,0,1,1,29,493,132,0,0
0,1,0,0,32,506,63,0,0
2,0,1,0,33,1034,141,0,0
6,0,-1,0,48,1705,107,0,0
0,2,0,0,35,457,114,0,0
7,1,0,0,34,1798,196,0,0
0,1,0,0,39,-145,268,2,0
0,0,0,0,31,1170,200,0,0
1,2,0,0,57,96,913,0,0
5,2,1,0,33,661,90,3,0
1,1,0,0,28,1080,192,0,0
0,0,0,1,34,2892,1165,0,0
3,0,1,0,30,458,177,0,0
3,1,1,1,31,1000,191,0,0
5,0,2,0,51,658,369,0,0
8,1,2,0,34,451,157,0,0
1,1,1,0,30,120,74,0,0
10,1,0,0,27,3687,335,0,0
3,0,1,1,34,283,199,0,0
3,1,-1,0,24,192,424,0,0
4,0,1,0,60,3932,407,0,0
0,0,0,0,37,1780,205,0,0
0,0,0,0,34,2594,161,0,0
5,1,1,0,43,6,58,1,0
6,0,1,0,34,-333,218,5,0
0,2,0,0,40,49,249,0,0
0,0,1,0,49,0,138,0,0
0,0,2,0,37,1506,101,3,0
9,0,2,1,52,618,352,2,0
3,1,1,0,23,105,498,0,0
4,1,1,0,57,5305,192,0,0
3,0,1,1,29,-305,263,0,0
8,0,1,0,34,978,132,0,0
5,1,1,1,26,74,419,0,0
3,1,1,0,35,4845,718,0,0
3,0,1,0,45,1577,188,0,0
0,1,0,0,29,-689,199,0,0
3,0,1,0,42,-204,34,7,1
10,1,1,0,23,922,242,8,0
1,1,1,0,25,959,144,0,0
5,1,1,1,45,597,73,0,0
0,1,1,0,27,589,24,0,0
5,0,1,1,47,29,150,0,0
5,1,1,0,27,0,265,0,0
0,1,0,0,35,304,274,0,0
6,0,1,0,35,2179,207,0,0
5,0,1,0,46,5169,72,0,0
9,2,1,0,50,0,126,0,0
6,0,1,0,48,2409,533,0,0
5,0,1,0,51,4178,167,1,0
0,0,0,1,54,7249,346,3,0
7,2,0,0,57,6519,1040,0,0
3,0,1,0,29,658,267,0,0
4,0,0,0,83,6236,155,2,0
1,1,1,1,53,530,744,0,0
5,0,1,1,35,269,392,0,0
5,2,0,0,32,146,69,1,0
5,0,1,0,47,-245,91,0,0
0,0,0,0,34,-85,107,0,0
1,2,1,0,37,284,182,0,0
0,1,0,0,34,2570,190,0,0
8,0,2,0,40,400,317,0,0
0,0,1,0,49,338,941,0,0
0,1,0,1,30,2766,244,0,0
5,0,1,0,32,0,229,0,0
5,2,1,0,38,308,102,0,0
5,0,1,0,57,0,92,0,0
4,2,0,0,46,-48,20,0,0
0,2,0,1,46,0,38,0,0
7,0,1,1,36,188,1046,2,0
0,2,0,1,59,-232,97,0,0
0,0,1,0,38,341,136,2,0
3,0,2,0,41,438,46,0,0
4,0,-1,0,59,201,69,0,0
1,1,1,1,31,53,530,0,0
3,0,2,0,33,511,304,0,0
5,1,1,0,39,163,107,0,0
5,0,0,0,36,3127,147,0,0
1,0,1,0,33,133,627,1,0
3,0,1,0,45,0,112,0,0
0,1,0,0,34,28,175,2,0
5,1,0,0,30,305,75,3,0
0,1,1,0,40,1623,161,2,0
1,0,1,1,40,-28,289,0,0
0,1,0,0,35,31,124,0,0
3,1,2,0,33,1390,192,0,0
9,0,2,1,44,-156,1211,0,0
2,0,1,1,49,-1965,317,0,0
0,1,0,0,30,3410,140,0,0
2,0,0,0,50,388,258,2,0
1,0,1,1,40,56,194,1,0
1,0,1,0,36,295,129,0,0
0,0,0,0,41,1194,50,0,0
2,0,-1,0,32,73,158,1,0
0,0,0,0,51,307,244,0,0
3,0,2,0,38,1679,21,0,0
1,2,1,0,52,225,58,0,0
0,1,-1,1,25,314,455,0,0
9,0,2,0,55,1233,97,0,0
0,0,0,1,54,1014,240,2,0
3,2,1,0,42,-135,15,0,0
1,1,1,0,34,1259,379,1,0
4,0,0,0,64,380,479,0,0
5,1,1,0,30,-635,250,0,0
0,0,0,0,46,3,92,0,0
3,0,2,0,43,555,175,2,0
0,1,0,0,27,0,196,0,0
0,1,1,0,25,1272,342,0,0
6,1,1,0,49,133,319,0,0
5,0,1,0,31,337,51,0,0
3,0,1,0,26,-284,207,0,0
1,0,1,0,45,86,270,0,0
4,2,1,0,53,246,158,1,0
0,1,0,0,30,21,61,0,0
4,1,2,0,41,2579,213,0,0
1,1,0,0,44,2033,158,0,0
3,0,1,0,44,4236,378,0,0
3,0,-1,1,53,960,180,2,0
0,0,1,0,46,1098,99,3,0
6,0,1,0,29,368,16,0,0
4,0,-1,0,79,0,167,0,0
3,0,2,0,43,336,256,0,0
6,0,1,0,42,1027,188,2,0
3,0,1,0,35,-100,13,9,0
1,1,1,0,25,7103,188,1,0
5,0,1,0,30,67,149,0,0
0,0,0,0,53,6571,208,0,0
1,1,1,1,29,-247,211,0,0
1,0,1,0,44,0,78,0,0
5,2,1,0,32,4,48,0,0
0,1,0,0,30,620,513,0,0
1,2,1,0,40,692,58,0,0
4,0,2,0,72,0,348,6,0
3,2,1,1,34,0,339,0,0
7,0,0,0,34,0,730,0,0
5,0,1,0,33,7,203,0,0
8,1,1,1,30,79,169,0,0
0,1,0,0,32,5276,299,0,0
0,2,0,1,30,415,984,4,0
0,0,2,0,36,3953,277,0,0
1,2,1,0,36,409,25,0,0
1,2,1,0,46,-205,126,0,0
5,0,0,0,41,1287,286,0,0
3,0,2,0,52,994,109,0,0
4,0,2,0,54,1156,64,0,0
3,0,1,0,53,3815,237,0,0
3,0,1,0,40,-313,251,0,0
6,1,1,1,24,638,792,0,0
5,1,1,0,28,136,355,0,0
0,1,0,0,32,12569,561,2,0
5,0,1,0,29,708,194,0,0
3,0,1,0,39,-345,69,0,1
3,0,2,0,40,-22,84,0,0
9,0,2,0,60,2270,206,0,0
8,0,1,0,53,2180,89,0,0
4,0,2,0,65,2173,72,0,0
3,0,1,1,37,3269,121,0,0
7,1,1,1,36,1173,50,0,0
5,1,1,0,32,-17,85,0,1
5,0,1,0,33,0,78,0,0
5,1,1,1,31,5248,368,0,0
1,0,0,0,36,543,225,0,0
4,0,1,0,59,1121,249,0,0
4,0,2,1,57,-384,534,0,0
5,1,0,0,34,5007,51,0,0
6,0,1,0,52,659,390,1,0
3,0,-1,0,45,349,179,2,0
3,0,1,0,37,152,159,0,0
3,0,1,0,46,0,122,0,0
3,1,1,1,44,292,1153,0,0
4,0,2,0,52,6,82,0,0
4,1,0,0,72,614,553,0,0
0,2,0,1,36,94,43,0,0
5,1,1,0,29,-95,269,0,1
3,0,1,0,29,1492,267,0,0
8,0,0,0,44,17747,8,0,0
3,2,1,0,60,1310,152,0,0
5,0,1,0,50,1431,112,0,0
8,0,2,0,48,0,213,0,0
6,0,1,0,36,115,114,0,0
5,0,1,0,34,36,192,0,0
10,1,1,0,32,329,237,0,0
3,1,1,1,26,450,542,0,0
1,0,0,0,34,555,144,0,0
3,1,2,0,38,419,656,0,0
3,0,1,0,54,524,55,0,0
0,0,0,0,45,31472,568,0,0
6,2,1,0,43,62,67,0,0
1,0,1,0,37,101,130,0,0
3,0,2,0,33,41,173,0,0
6,1,1,0,35,719,1359,3,0
6,1,0,0,42,94,176,4,0
0,0,0,0,32,273,231,0,0
5,1,1,0,31,0,188,0,0
1,0,1,0,33,180,561,3,0
0,1,0,0,38,6742,8,0,0
5,0,1,1,43,323,43,2,0
3,0,1,1,47,4403,81,0,0
0,1,0,0,32,728,125,0,0
5,1,1,0,53,545,305,1,0
6,1,1,0,27,-72,276,9,0
9,0,2,0,32,1349,132,0,0
0,1,0,0,33,335,130,0,0
4,1,0,0,72,1285,280,7,0
3,0,1,0,56,244,465,0,0
8,0,1,0,45,1040,137,0,0
6,0,1,0,35,1047,95,0,0
0,1,1,0,47,-246,145,2,0
0,1,1,1,59,671,219,5,0
0,2,0,0,36,210,62,2,0
1,2,1,0,37,1559,178,8,0
4,0,1,1,56,307,175,0,0
7,0,2,0,40,624,228,0,0
0,0,0,0,30,8089,232,2,0
3,0,1,0,36,6290,19,0,0
6,1,1,0,33,1852,371,3,0
8,0,1,0,47,49,66,0,0
1,0,1,0,44,533,74,0,0
3,0,1,0,46,6253,411,0,0
8,1,0,0,33,685,105,2,0
3,0,1,0,34,246,532,0,0
0,1,0,0,32,5167,10,0,0
0,0,0,0,49,-190,11,0,0
3,0,1,1,37,1731,148,0,0
5,0,1,1,57,1275,377,0,0
5,1,1,1,27,-172,125,0,0
1,0,0,0,40,397,50,0,0
3,1,1,0,31,4,148,3,0
4,2,1,0,71,4380,369,0,0
5,0,-1,0,51,-12,18,0,1
6,0,1,0,32,687,415,2,0
3,0,-1,0,45,909,166,1,0
3,0,1,0,52,543,211,0,0
0,1,1,0,29,-105,5,0,0
0,1,0,0,26,1720,383,0,0
3,0,1,0,40,299,180,0,0
3,0,2,0,38,1327,277,0,0
6,0,2,1,37,-483,70,0,1
9,0,2,0,57,1183,111,0,0
3,1,2,0,27,497,255,1,0
0,0,0,0,58,107,55,0,0
3,0,1,0,38,1663,217,1,0
3,0,2,0,38,190,623,1,0
3,1,2,0,31,342,284,0,0
1,2,1,0,36,407,98,0,0
0,0,0,0,48,6748,162,0,0
6,0,1,1,32,194,150,0,0
3,0,1,0,42,351,76,0,0
3,0,-1,0,50,0,249,0,0
0,0,1,0,53,2693,90,1,0
0,0,0,0,31,2994,182,2,0
3,0,1,0,30,618,78,0,0
1,0,1,0,33,1630,111,0,0
4,0,2,0,57,-1480,319,0,1
1,0,1,1,47,1990,108,0,0
3,0,1,0,35,1290,211,0,0
4,0,2,0,60,-63,1434,0,0
5,0,1,1,35,165,109,0,0
6,2,1,0,56,218,113,2,0
6,2,1,1,47,430,335,0,0
1,1,0,0,30,0,121,0,0
6,1,1,0,40,316,122,0,0
8,1,1,0,39,356,462,0,0
3,1,1,0,45,3727,572,0,0
0,0,0,0,35,569,121,0,0
3,1,1,0,29,1472,246,0,0
6,0,1,0,54,386,155,0,0
3,1,1,0,32,259,158,1,0
3,0,2,0,30,201,116,13,0
3,2,2,1,46,571,93,0,0
1,1,0,0,45,0,87,0,0
3,1,2,0,39,3384,39,0,0
3,0,2,0,37,157,833,0,0
0,2,0,0,36,276,131,0,0
1,1,1,0,30,133,113,0,0
0,1,0,0,32,6359,184,0,0
3,0,2,0,34,6718,278,1,0
1,1,1,1,45,819,200,0,0
6,1,1,1,29,553,60,0,0
5,1,1,0,42,336,46,0,0
3,0,2,0,42,695,173,0,0
3,1,2,1,26,344,62,0,1
0,0,0,0,36,64,130,0,0
9,0,1,0,51,2239,1576,0,0
8,0,1,1,33,-12,77,0,0
3,0,2,0,43,720,168,0,0
5,0,1,0,33,-167,121,0,0
3,0,1,0,55,52,182,0,0
2,2,0,1,31,2,53,0,0
5,0,2,0,34,412,217,2,0
5,0,1,0,32,2555,125,0,0
4,0,2,0,58,701,137,0,0
5,1,1,0,25,289,127,0,0
0,0,0,0,41,1897,335,0,0
3,0,2,0,42,21,383,11,0
1,1,0,0,35,7546,137,3,0
0,0,0,0,57,4185,394,0,0
6,0,1,0,36,145,109,2,0
3,0,2,0,36,250,149,0,0
8,0,0,1,51,174,222,0,0
4,0,2,0,75,1765,808,4,0
0,0,0,0,44,223,93,0,0
1,1,1,0,32,1819,62,2,0
8,0,1,0,56,1350,211,0,0
1,0,1,0,34,22,270,0,0
3,0,1,0,45,-149,644,0,0
0,2,0,0,55,481,79,0,0
3,0,2,0,53,2144,217,1,0
3,1,1,0,27,535,159,3,0
10,1,1,1,27,0,125,0,0
3,0,2,0,39,7685,493,0,0
9,0,1,0,36,419,251,0,0
1,2,1,0,49,1669,34,0,0
3,0,2,0,44,-337,326,0,0
3,0,1,0,37,2924,74,0,0
9,0,1,0,36,399,139,0,0
1,0,1,1,51,2,71,3,0
0,1,0,0,51,4305,126,0,0
1,1,1,0,37,670,78,0,0
5,1,1,0,28,-625,102,0,0
1,1,0,0,40,1646,392,3,0
4,0,2,0,64,1977,160,0,0
3,0,1,0,47,1568,388,7,0
0,0,1,0,42,580,67,0,0
5,1,1,0,35,163,483,0,0
1,1,0,1,32,632,103,0,0
1,0,1,0,34,553,45,0,0
1,0,1,0,39,1,506,0,0
1,0,1,0,31,171,81,0,0
5,1,0,0,30,4129,77,0,0
5,0,1,0,48,1428,498,0,0
3,0,2,0,24,-427,165,0,0
0,0,0,0,37,3288,124,0,0
1,0,0,0,39,794,182,0,0
6,0,1,0,29,3,183,0,0
1,1,0,0,31,321,25,0,0
3,0,2,0,37,357,14,3,0
3,0,1,0,25,53,331,0,0
-1,0,-1,0,45,19706,419,0,0
2,1,0,0,31,1340,199,0,0
4,0,1,0,64,3189,208,0,0
1,0,1,0,36,191,69,0,0
3,0,1,0,42,3,47,1,0
3,0,2,0,26,500,21,0,0
5,2,1,1,41,2970,169,0,0
5,0,1,1,34,-314,374,3,0
9,0,1,0,45,513,126,0,0
3,0,1,0,45,726,175,0,0
3,1,2,1,43,-399,662,0,0
3,0,1,1,31,-112,128,0,0
0,0,0,0,46,699,970,1,0
10,1,0,0,32,0,233,2,0
1,0,1,0,44,1127,82,0,0
8,0,0,0,55,457,61,0,0
3,0,1,0,39,123,110,0,0
3,1,-1,0,41,4684,30,0,0
3,0,1,0,59,16869,107,0,0
3,0,1,1,37,680,613,0,0
1,0,0,0,51,1315,303,0,0
6,1,1,0,33,200,252,0,0
3,0,-1,0,41,1402,33,0,0
0,1,0,0,35,-146,269,0,0
5,1,1,1,35,-16,108,0,0
5,2,1,1,32,1611,93,0,0
3,1,1,0,32,760,445,2,0
5,0,1,0,26,3415,209,0,0
1,0,1,1,38,821,78,0,0
7,0,0,1,30,5,99,0,0
9,0,2,0,56,19,111,0,0
3,0,1,1,41,97,212,0,0
0,0,0,0,59,5314,116,0,0
6,1,1,0,31,0,362,0,0
9,0,0,0,50,5260,51,0,0
5,1,1,0,57,738,56,0,0
3,0,2,0,41,2067,493,0,0
9,0,1,0,45,360,113,1,0
1,2,1,0,31,10787,135,0,0
1,0,1,0,32,56,126,5,0
3,2,2,1,41,664,955,0,0
1,1,0,0,35,670,278,2,0
0,0,0,0,43,5926,685,0,0
5,1,0,0,42,3465,373,0,0
3,1,1,0,38,10,84,0,0
4,0,1,0,61,938,392,3,0
3,0,1,0,38,384,1906,0,0
0,0,0,0,47,2597,52,0,0
0,0,1,0,42,283,400,0,0
1,2,1,1,35,515,114,0,0
3,0,2,0,42,163,62,0,0
2,2,0,1,52,199,246,0,0
6,0,1,0,32,-509,134,0,0
1,0,0,0,38,206,350,0,0
4,0,1,0,55,123,70,0,0
0,2,0,0,42,1622,158,0,0
3,0,1,0,48,2008,238,0,0
0,0,0,0,43,0,1153,0,0
3,0,2,1,38,506,122,0,0
5,0,0,0,36,211,146,0,0
3,0,1,1,25,316,360,0,0
4,2,2,0,59,1194,132,2,0
1,2,1,0,47,-105,192,0,0
7,0,0,0,32,3601,171,0,0
1,0,-1,0,34,12,504,0,0
0,0,0,0,41,7028,98,0,0
0,0,1,1,39,363,184,0,0
2,0,2,0,44,1434,284,0,0
9,2,2,0,66,204,213,0,0
1,0,1,1,45,1348,358,0,0
1,0,1,0,56,803,432,0,0
5,1,1,0,47,2540,110,0,0
5,0,1,0,28,172,123,0,0
3,1,1,1,21,-273,340,0,0
4,0,-1,0,71,362,139,0,0
5,1,1,0,29,3528,137,0,0
6,0,1,0,28,458,19,0,0
1,2,-1,0,50,2794,350,2,0
5,1,0,0,30,1535,67,0,0
1,1,0,0,35,5301,937,0,0
4,0,1,0,74,935,100,1,0
6,0,1,0,43,1220,307,0,0
0,1,0,0,58,21,315,0,0
2,0,2,0,32,3083,271,0,0
2,0,1,0,36,185,136,0,0
3,1,0,0,30,297,465,0,0
3,1,1,0,27,672,164,0,0
4,0,1,0,72,2850,131,1,0
9,0,2,0,55,0,139,0,0
5,1,1,0,32,1,75,1,0
10,1,1,0,26,5569,236,0,0
2,0,-1,0,52,0,165,0,0
7,0,1,0,29,0,469,0,0
3,0,1,0,48,1738,349,0,0
3,0,2,0,40,106,200,0,0
5,1,0,0,24,0,89,2,0
0,2,0,0,50,813,7,0,0
0,0,0,0,33,3456,258,0,0
6,1,1,1,36,-295,132,0,0
7,2,1,0,52,1291,559,2,0
8,1,2,1,27,9,919,0,0
3,0,2,0,36,448,286,0,0
3,1,1,0,29,114,500,0,0
3,0,-1,0,46,1044,43,0,0
3,1,1,0,58,3612,563,0,0
7,0,1,0,40,311,723,0,0
3,1,1,0,26,7475,204,0,0
0,2,0,0,59,0,47,0,1
1,0,1,0,26,267,817,0,0
4,0,2,0,63,48,251,0,0
6,0,1,1,41,1836,139,0,0
0,0,-1,0,67,65,320,0,0
2,1,2,1,41,7264,125,0,0
0,1,0,1,43,1077,48,0,0
3,0,2,0,43,517,138,7,0
3,0,2,0,36,4138,174,0,0
3,0,-1,0,51,1137,76,0,0
0,1,0,0,31,1836,177,0,0
6,0,2,0,44,764,224,0,0
3,0,1,0,56,-203,139,0,0
0,0,0,0,32,1330,83,0,0
7,0,1,1,56,549,181,0,0
0,0,0,1,60,261,128,1,0
3,1,2,0,50,1558,294,1,0
8,1,1,0,32,177,21,0,0
0,2,0,0,42,9,509,0,0
6,0,1,0,47,612,139,0,0
0,0,0,0,36,1100,93,0,0
6,2,1,0,34,169,260,0,0
1,0,-1,0,57,2610,258,0,0
5,0,1,0,47,0,109,0,0
4,2,2,0,81,4321,163,0,0
3,1,1,0,28,56,66,0,0
6,0,1,0,38,4017,470,3,0
0,1,0,0,30,0,88,0,0
3,0,1,0,27,564,257,0,0
7,1,1,1,28,3761,623,0,0
0,1,0,0,55,-350,87,1,0
1,0,0,0,34,0,58,0,0
5,0,1,0,36,898,118,0,0
0,2,1,0,58,10180,180,0,0
3,1,1,0,26,179,103,0,0
1,1,0,0,32,741,238,0,0
0,1,0,0,32,312,232,0,0
8,0,1,0,60,2000,58,0,0
5,0,1,1,54,263,283,7,0
3,2,1,1,52,497,277,0,0
0,0,1,0,32,3935,129,0,0
5,0,0,0,46,2552,260,8,0
0,1,0,0,35,0,184,0,0
5,0,1,0,51,2662,148,0,0
6,0,2,1,33,908,184,0,0
5,0,1,1,52,2851,35,0,0
3,0,2,1,59,3713,170,0,0
6,1,1,0,33,1940,239,2,0
1,1,1,0,40,287,69,3,0
0,1,1,1,32,3829,267,0,0
7,1,0,0,36,353,361,2,0
-1,1,1,1,32,-274,108,0,0
3,0,2,0,32,252,52,0,0
0,0,0,0,46,7485,145,2,0
0,1,0,1,35,592,192,0,0
0,0,0,0,34,1054,101,0,0
0,0,0,0,35,2088,86,4,0
0,1,0,1,32,7444,22,1,0
5,1,1,0,37,0,17,0,0
4,2,2,0,82,0,506,1,0
6,1,1,0,29,197,19,0,0
6,1,1,0,37,2657,295,0,0
6,0,1,1,53,2774,193,0,0
1,0,0,0,38,432,10,1,0
1,1,1,0,41,32,162,0,0
0,0,1,0,43,375,196,0,0
2,0,1,1,60,480,341,0,0
6,1,0,0,25,12,126,0,0
1,0,0,0,55,4359,394,0,0
1,1,1,0,25,31,300,0,0
1,2,0,0,52,0,119,0,0
0,0,0,0,36,25,393,0,0
3,0,2,1,37,175,430,3,0
-1,0,-1,0,78,2235,300,0,0
3,0,1,0,48,5058,169,0,0
5,2,1,0,49,190,421,0,0
0,1,0,0,30,136,152,0,0
0,0,1,0,61,1128,243,0,0
0,0,0,1,54,656,105,0,0
9,0,-1,1,51,21244,166,0,0
1,0,0,0,38,334,139,0,0
3,0,-1,0,55,23,123,0,0
1,0,1,0,42,89,159,0,0
5,0,0,0,30,591,115,0,0
6,0,1,0,25,72,305,0,0
3,2,2,0,37,511,42,0,0
7,0,1,0,32,-33,234,0,0
5,1,1,0,34,395,150,8,0
0,0,0,1,46,4301,134,0,0
4,0,2,0,59,646,140,0,0
0,1,0,0,43,359,899,0,0
0,1,0,0,47,372,257,0,0
7,0,0,0,39,5,118,1,0
1,0,1,0,33,0,78,0,0
3,0,1,0,33,2254,89,0,0
3,0,2,0,47,3038,151,0,0
0,1,2,0,45,707,78,0,0
2,0,2,0,33,82,63,0,0
6,0,1,1,33,57,323,0,0
1,0,1,0,34,456,621,0,0
4,0,2,0,56,1947,441,0,0
4,0,0,0,63,937,219,0,0
5,2,1,1,45,-288,192,0,0
3,0,1,1,48,478,168,0,0
6,1,1,0,25,594,89,0,0
10,1,1,0,40,5349,471,0,0
0,1,1,0,34,1360,506,0,0
3,0,1,1,37,456,85,0,0
1,0,1,0,35,2789,88,0,0
9,0,2,0,64,67,86,1,0
3,0,2,0,33,35,47,0,0
7,1,0,0,35,353,582,0,0
1,1,0,0,51,11222,151,0,0
1,1,0,0,30,2325,263,7,0
1,1,-1,1,37,334,442,0,0
3,0,1,0,38,360,220,0,0
1,2,1,0,40,0,299,0,0
3,0,2,1,36,243,118,0,0
0,0,0,0,32,2044,477,0,0
3,0,2,0,49,0,76,0,0
3,0,1,1,55,176,140,0,0
3,0,1,0,39,0,289,0,0
8,0,0,0,28,482,119,0,0
5,0,1,0,51,1699,153,0,0
5,1,1,0,43,309,24,1,0
3,1,2,0,47,133,285,3,0
5,1,1,0,31,396,104,0,0
6,0,1,1,43,-392,185,0,0
8,1,0,0,36,577,155,0,0
2,2,0,1,49,1342,89,0,0
4,0,1,0,56,0,45,0,0
4,2,1,0,59,21,121,0,0
7,0,0,0,52,4012,634,5,0
6,0,1,0,29,1135,407,1,0
1,1,0,0,26,14054,178,0,0
4,2,1,0,67,704,186,1,0
1,0,0,0,28,510,110,0,0
8,0,1,0,52,94,223,1,0
10,1,0,0,29,652,285,0,0
3,2,1,0,39,150,735,0,0
10,1,1,0,24,23878,185,0,0
1,0,1,0,57,323,54,0,0
4,0,0,0,60,2196,318,0,0
0,1,0,0,31,745,121,0,0
0,0,0,1,57,830,662,1,0
0,0,0,1,31,199,127,4,0
7,0,0,0,31,81,532,0,0
9,0,2,0,39,267,1151,0,0
1,0,2,1,44,755,829,0,0
3,0,1,0,54,1487,302,0,0
6,1,1,1,26,2158,227,0,0
3,0,1,1,39,747,209,1,0
0,1,0,0,27,7,483,0,0
6,0,1,0,42,0,132,0,0
0,2,0,0,34,2885,314,4,0
6,1,1,1,37,105,197,4,0
0,1,0,0,30,2186,366,0,0
3,0,1,0,49,-55,150,0,0
4,0,0,0,68,2812,651,7,0
6,0,1,0,51,540,124,0,0
3,1,1,0,35,406,126,0,0
3,0,1,0,59,2605,85,0,0
3,0,2,0,45,1265,40,1,0
3,0,2,0,50,180,105,0,0
5,0,1,0,30,3750,124,0,0
8,2,1,0,47,342,177,0,1
6,0,1,0,28,15,182,1,0
3,0,1,0,32,5164,253,0,0
0,0,1,1,47,-1854,388,0,0
0,2,0,0,54,192,157,0,0
1,1,1,0,25,5695,124,0,0
6,1,1,0,31,-341,171,0,0
8,1,1,0,36,605,410,0,0
1,0,1,0,38,59,18,0,0
6,0,1,0,34,-508,309,0,0
0,1,1,0,26,609,594,0,0
6,0,1,0,31,395,174,0,0
0,0,1,0,36,699,20,0,0
0,0,1,1,32,6217,486,2,0
3,0,1,0,54,983,54,0,0
3,0,2,0,33,0,174,0,0
4,0,-1,1,59,-114,611,0,1
3,0,0,1,45,23,234,0,0
1,0,1,0,60,358,95,2,0
6,1,1,0,29,2800,202,0,0
6,0,1,1,24,45,465,0,0
1,1,0,0,39,21,58,0,0
9,0,2,0,54,194,127,0,0
1,2,1,1,37,1309,124,0,0
1,1,1,0,27,158,650,0,0
6,0,-1,0,45,8319,75,0,0
1,0,0,0,30,141,166,0,0
1,1,0,0,32,388,100,3,0
0,0,0,0,64,5112,898,11,0
0,0,0,0,43,2100,105,0,0
5,1,1,1,31,4,144,0,1
0,0,0,0,39,246,217,8,0
5,1,1,0,40,1112,104,0,0
0,0,0,0,31,460,23,0,0
2,0,1,0,44,692,73,0,0
1,1,1,0,34,1866,134,1,0
7,0,0,0,32,189,106,0,0
0,0,0,0,50,126,132,0,0
2,0,1,1,41,187,354,0,0
10,0,1,0,33,0,100,0,0
5,1,1,0,32,620,211,3,0
0,2,0,0,57,15062,76,0,0
3,0,1,0,31,29,130,0,0
0,0,0,0,51,1612,61,1,0
3,1,-1,0,41,2835,53,0,0
6,2,1,0,33,69,300,0,0
3,1,1,1,26,-685,314,0,1
-1,0,2,0,45,44,81,0,0
3,0,2,0,52,2144,60,0,0
3,2,1,1,41,14,65,0,0
3,1,1,0,26,2,170,0,0
1,1,1,0,29,401,127,0,0
5,1,1,0,47,1693,608,4,0
10,1,0,0,36,687,287,0,0
0,1,0,0,36,741,214,0,0
3,1,2,0,35,258,144,0,0
6,0,1,0,32,386,305,1,0
0,0,0,0,39,481,929,1,0
3,0,1,0,32,225,574,1,0
1,0,1,0,36,3763,83,0,0
5,0,1,0,39,2319,48,1,0
6,0,1,0,47,2,237,0,0
4,2,1,0,77,0,210,0,0
7,0,0,1,52,5350,68,4,0
9,0,1,0,58,2705,137,0,0
6,0,1,0,39,8876,106,2,0
1,1,0,0,26,152,151,1,0
1,0,0,0,32,3820,105,0,0
1,0,1,0,43,1916,565,0,0
1,1,1,0,30,2782,205,0,0
4,2,2,0,64,109,706,2,0
1,1,1,1,31,579,469,15,0
3,0,2,0,31,0,10,0,0
3,1,2,0,32,2829,26,0,0
9,2,1,0,38,70,164,4,0
1,0,1,0,52,2619,77,0,0
1,0,1,0,32,91,209,0,0
5,2,1,0,39,1086,92,0,0
5,0,1,0,47,1715,211,0,0
6,0,1,0,49,1377,1101,0,0
6,0,1,0,34,1553,6,8,0
6,0,0,0,36,0,52,0,0
3,0,2,1,45,47,128,0,0
1,0,1,0,37,1309,77,0,0
1,1,1,0,30,853,279,1,0
0,2,0,0,34,500,399,0,0
3,0,1,1,37,11953,208,0,0
5,0,1,0,32,167,103,0,0
3,2,2,0,53,-1,138,1,0
3,0,1,0,52,2276,83,0,0
0,1,0,1,28,278,194,0,0
0,1,0,0,29,91,426,0,0
8,2,1,0,60,385,80,0,0
0,1,0,0,32,-345,74,0,0
7,1,0,0,36,258,230,0,0
0,1,0,1,31,581,572,0,0
3,2,1,0,26,0,48,0,0
1,0,1,1,42,1013,117,0,0
3,0,2,0,34,-204,61,0,0
3,0,2,1,34,161,177,0,0
3,0,1,0,52,3510,193,0,0
1,0,0,0,39,4765,108,0,0
8,1,1,1,28,-1270,237,0,1
0,0,0,0,54,16843,116,0,0
7,2,0,0,49,0,279,0,0
1,1,1,0,38,173,150,0,0
4,0,1,0,58,2553,366,0,0
0,0,0,1,47,-315,112,0,0
5,0,1,0,44,1497,60,0,0
3,0,1,0,37,417,389,5,0
3,0,1,0,24,1073,569,0,0
3,0,2,0,49,490,19,2,0
1,0,1,0,35,840,281,0,0
1,1,1,1,31,674,150,0,0
0,0,0,0,41,5561,649,0,0
5,2,1,0,42,-106,495,3,0
1,0,1,0,32,3322,588,2,0
0,1,1,0,22,594,154,0,0
5,0,1,0,41,549,326,0,0
3,0,-1,0,53,5624,153,0,0
1,0,0,0,31,0,266,0,0
1,2,1,0,46,79,144,0,0
3,0,2,0,59,99,43,3,0
10,1,1,0,27,3754,106,1,0
2,0,1,0,53,0,311,0,0
1,0,1,1,48,42,92,0,0
0,0,0,0,34,2032,103,0,0
6,0,2,0,43,822,112,0,0
2,0,1,0,36,546,297,0,0
2,2,0,0,47,0,124,0,0
2,0,0,0,42,42045,205,0,0
-1,2,-1,0,56,2152,67,0,0
1,0,0,0,46,43,162,7,0
3,1,1,0,37,197,251,0,0
6,0,1,0,32,55,546,0,0
5,0,1,1,39,6421,661,0,0
0,0,0,0,45,1929,44,0,0
3,2,1,0,56,2780,81,0,0
7,1,-1,0,41,426,75,0,0
10,1,0,0,26,37,108,0,0
6,0,1,0,37,4760,187,0,0
3,0,2,0,44,134,378,0,0
1,0,1,0,42,419,198,0,0
3,0,1,0,40,2932,22,0,0
1,0,1,0,57,0,527,0,0
3,1,1,0,27,5,205,0,0
5,0,0,0,36,29,576,0,0
0,1,0,0,34,0,759,0,0
1,1,1,0,40,159,37,0,0
3,0,2,1,31,-454,861,0,0
0,2,1,0,37,1287,432,0,0
3,1,1,0,26,-214,86,0,0
0,0,0,0,35,2529,104,0,0
3,0,2,0,35,-239,281,0,0
3,0,1,0,40,327,134,0,0
0,0,1,0,37,80,155,0,0
3,1,1,0,31,1565,290,0,0
5,0,1,1,38,46,195,0,0
1,2,1,0,47,598,120,0,0
3,1,1,0,33,272,122,0,0
9,2,1,0,59,122,129,0,0
5,1,1,0,34,598,365,1,0
6,1,1,0,34,15,104,0,0
3,0,2,0,52,4793,176,0,0
9,0,2,0,59,-187,118,0,0
1,1,1,0,32,234,166,0,0
9,0,2,0,57,411,104,0,0
10,1,2,0,24,1283,225,0,0
4,0,2,1,49,375,110,0,0
7,0,2,0,47,1056,58,0,0
5,1,1,0,29,27,754,0,0
5,0,1,0,35,898,214,0,0
6,1,-1,0,23,15,76,2,0
5,2,1,0,41,-140,472,0,0
4,0,2,1,55,-966,104,0,0
2,1,1,0,30,732,1404,0,0
4,0,2,0,77,680,513,7,0
1,0,1,1,37,6384,254,2,0
4,2,-1,0,78,2628,129,0,0
1,0,-1,0,29,2,65,0,0
0,0,0,0,43,1993,37,1,0
6,1,1,0,29,-251,98,0,0
3,2,1,0,47,-4,77,0,0
5,0,1,0,45,251,304,2,0
0,0,1,1,58,2155,248,7,0
3,1,2,0,34,-109,860,0,0
0,1,0,0,27,12956,789,0,0
1,2,0,0,32,3628,130,0,0
6,1,1,0,31,442,355,3,0
3,0,2,0,44,953,772,1,0
0,1,0,0,33,349,182,0,0
4,0,2,0,77,3324,289,5,0
5,2,1,0,46,-637,153,0,0
8,0,0,0,29,111,216,0,0
0,1,0,1,29,1275,45,0,0
8,0,2,0,32,309,185,3,0
9,0,2,1,52,310,100,0,0
3,0,-1,0,51,2547,491,0,0
5,2,1,0,49,1320,129,0,0
0,0,0,0,55,563,164,0,0
3,0,2,0,51,21614,47,0,0
6,0,1,0,60,8837,144,0,0
7,2,1,1,50,985,167,0,0
5,0,1,0,59,-131,144,0,1
3,0,1,0,34,352,52,0,0
4,0,1,0,64,1176,104,0,0
1,1,0,0,29,615,373,0,0
6,0,1,0,48,1199,76,0,0
3,0,1,0,37,2023,214,0,0
0,2,0,1,56,-59,127,0,0
5,1,0,1,34,18,359,0,0
5,0,0,1,32,-421,101,0,0
3,1,2,0,37,275,103,1,0
2,0,1,1,43,-480,1126,6,0
3,0,2,0,37,949,149,0,0
5,0,2,0,45,542,8,3,0
7,0,0,0,37,552,379,0,0
9,0,1,0,52,14363,132,0,0
3,0,1,1,42,1540,158,0,0
3,0,2,1,32,-105,454,0,0
3,0,2,0,39,813,117,0,0
0,1,0,0,30,368,241,0,0
5,0,0,0,49,-962,295,0,0
6,0,1,0,37,2128,105,0,0
4,2,0,0,57,0,180,0,0
10,1,0,0,30,2766,834,0,0
0,1,0,0,27,2786,270,3,0
3,2,2,0,43,-76,124,0,0
3,0,1,0,34,0,79,7,0
3,0,2,1,52,-637,161,2,0
5,1,1,0,44,275,7,4,0
10,1,1,0,22,246,25,0,0
4,1,2,0,40,0,136,0,0
0,0,0,0,43,9261,273,2,0
2,1,1,1,27,376,273,0,0
0,0,1,0,48,11146,136,0,0
5,1,1,0,40,2378,65,0,0
3,0,2,0,32,424,313,0,0
9,2,2,0,60,1190,166,0,0
6,2,1,0,30,1016,14,0,0
1,1,1,1,49,-120,100,0,0
6,0,1,1,29,0,315,15,0
3,0,2,0,34,1031,751,0,0
0,0,0,0,34,136,156,0,0
1,1,0,0,32,4,311,0,0
0,0,0,0,70,1295,698,0,0
7,0,1,0,57,2109,107,0,0
0,1,0,1,36,0,122,0,0
3,0,1,0,40,-428,585,0,0
5,0,1,0,37,36,428,0,0
3,1,-1,1,34,129,295,2,0
6,1,1,0,30,419,300,0,0
6,0,1,0,49,0,96,0,0
0,0,0,0,41,0,858,0,0
1,1,0,1,25,1954,66,1,0
3,0,1,1,29,-8,433,0,0
1,2,1,1,38,1803,172,0,0
7,2,0,0,42,0,694,0,0
6,0,1,0,35,1659,197,0,0
2,0,1,0,44,1442,280,0,0
5,0,1,0,43,-17,76,0,0
0,0,0,0,58,1697,55,0,0
10,1,1,0,23,151,97,0,0
5,0,1,1,29,503,433,2,0
7,0,0,1,46,137,246,0,0
6,0,1,1,34,382,494,7,0
6,0,0,0,38,1018,325,0,0
8,0,1,0,38,5177,102,0,0
0,2,0,0,54,29887,865,0,0
8,1,2,0,42,5717,70,0,0
3,0,1,0,42,634,256,0,0
8,0,2,0,54,1251,105,0,0
0,0,0,0,51,0,111,0,0
6,0,1,0,36,3064,240,4,0
6,2,1,0,40,209,302,3,0
3,0,2,0,49,3049,124,0,0
1,0,1,0,60,116,329,8,0
5,1,1,0,24,60,417,0,0
3,0,1,0,56,-382,278,0,0
6,1,1,1,42,182,394,0,0
0,0,0,0,37,2951,101,0,0
0,0,0,0,43,3518,181,0,0
1,1,1,1,32,535,156,0,0
1,0,1,0,40,170,12,0,0
6,0,1,0,31,432,446,0,0
3,1,1,0,28,-267,145,4,0
9,0,2,0,51,13292,1238,0,0
0,0,0,0,56,12356,410,5,0
4,0,1,0,74,921,394,0,0
1,0,1,0,53,428,609,0,0
3,0,2,0,51,21,153,0,0
0,1,1,0,32,301,383,1,0
1,1,1,0,27,235,13,0,0
6,1,1,1,24,-1414,171,0,1
5,1,0,0,42,634,451,0,0
1,1,0,0,38,25,232,0,0
5,0,1,1,31,7634,216,0,0
0,0,-1,0,43,275,109,2,0
2,0,0,0,41,0,552,0,0
6,0,1,0,49,-249,234,0,1
3,0,2,0,30,346,135,0,0
3,1,1,0,37,392,118,0,0
5,0,1,0,30,46,114,0,0
3,0,1,1,57,-353,26,0,0
1,0,1,0,34,-346,136,0,0
0,0,0,0,43,938,71,0,0
5,0,1,0,31,-106,258,0,0
0,0,2,0,40,-90,716,0,0
1,0,0,1,48,0,106,0,0
0,1,0,0,32,0,178,0,0
1,0,1,0,46,1029,142,0,0
6,0,1,0,39,0,503,0,0
3,0,2,0,54,348,579,0,0
0,0,0,0,51,10077,93,0,0
7,1,0,0,28,805,69,1,0
5,2,2,0,56,207,88,0,0
2,2,1,0,57,-37,173,0,0
1,0,1,0,52,64,20,0,0
0,0,0,0,36,93,262,7,0
0,0,0,0,37,17335,108,0,0
7,0,2,0,57,1013,448,0,0
4,0,1,0,58,-324,229,0,0
1,2,1,0,31,105,72,0,0
3,1,1,1,42,1080,951,4,0
3,0,1,0,32,157,315,0,0
0,0,0,0,54,1168,150,0,0
5,0,1,1,48,811,149,0,0
3,1,2,0,28,1199,1011,0,0
9,0,2,0,54,182,284,0,0
9,0,0,0,23,66,1391,0,0
6,2,1,0,50,81,746,0,0
4,0,1,0,57,107,85,0,0
6,2,1,0,55,141,262,0,0
1,0,1,0,34,883,648,0,0
8,0,2,0,40,1908,1661,0,0
2,2,2,0,55,29,500,0,0
0,0,0,0,52,583,209,2,0
10,1,0,0,32,0,101,6,0
0,1,0,0,32,0,370,0,0
1,1,1,0,35,1,66,0,0
5,0,-1,0,26,4311,75,0,0
1,1,1,0,24,-46,23,0,0
3,0,1,0,43,3,26,2,0
9,2,1,0,49,267,23,0,0
0,0,-1,0,42,587,16,0,0
0,0,0,0,52,994,127,4,0
3,0,1,1,42,160,190,0,0
10,1,1,0,27,568,28,0,0
0,0,1,0,43,445,108,0,0
5,1,1,0,28,20,17,4,0
0,1,0,0,38,667,479,0,0
0,0,0,0,39,8195,121,0,0
1,0,1,1,35,114,105,4,0
5,1,1,0,35,0,80,1,0
6,2,1,1,45,608,1135,30,0
0,0,-1,0,58,0,145,0,0
5,0,1,0,34,1671,160,0,0
2,2,0,0,56,3846,86,0,0
5,0,1,0,39,260,146,1,0
0,0,0,0,45,-114,257,0,0
1,0,1,1,49,25,51,0,0
0,1,0,0,27,0,124,0,0
7,0,1,0,45,396,238,0,0
0,0,0,0,32,138,94,0,0
3,0,1,1,29,15,432,0,0
1,1,0,0,39,139,182,0,0
1,1,-1,0,31,694,431,0,0
1,0,0,0,50,2611,177,2,0
0,1,0,0,38,1373,119,0,0
3,0,2,0,31,3007,283,0,0
0,1,0,0,42,11891,158,0,0
1,0,1,0,36,432,65,0,0
6,0,1,0,36,22,125,0,0
0,0,1,0,40,1251,406,0,0
3,1,1,1,41,-386,477,0,1
2,0,1,0,26,1,70,0,0
7,0,2,1,60,362,326,6,0
5,1,1,0,26,96,349,3,0
9,0,2,0,42,128,492,0,0
7,0,1,0,36,1245,1469,0,0
8,1,1,0,31,500,184,2,0
1,1,1,0,35,126,112,0,0
1,0,1,0,31,17,266,0,0
5,1,1,0,33,0,85,0,0
0,1,0,0,26,828,141,0,0
3,0,1,0,34,3990,633,0,0
4,0,0,1,56,3616,63,0,0
5,1,1,0,52,2398,412,0,0
3,0,2,0,49,518,223,0,0
6,0,1,0,33,260,248,0,0
3,0,2,0,46,648,59,0,0
3,1,1,0,29,228,355,0,0
7,0,2,0,36,161,239,0,0
0,0,0,0,41,36,44,0,0
0,0,0,0,36,446,174,0,0
1,0,0,0,39,2869,115,0,0
3,2,1,0,51,104,71,0,0
6,0,1,0,48,3726,369,0,0
4,0,1,0,58,150,420,0,0
5,0,1,0,32,76,189,0,0
6,1,1,1,31,2251,134,0,0
0,0,0,0,57,4547,314,0,0
5,0,1,0,33,372,106,0,0
1,0,1,0,44,10888,163,0,0
10,2,0,0,37,0,100,0,0
3,0,1,0,32,822,19,6,0
3,0,1,0,32,472,58,2,0
8,0,0,0,42,576,447,1,0
0,0,1,0,62,4562,168,0,0
3,0,2,0,32,4,76,0,0
3,0,1,0,27,818,188,0,0
5,1,1,0,36,2556,342,0,0
7,0,0,0,35,0,201,0,0
1,0,1,0,38,2264,204,0,0
3,0,2,0,59,754,225,0,0
0,0,1,0,46,10,122,0,0
8,0,-1,0,42,970,725,10,0
3,0,1,0,46,1685,203,0,0
5,1,1,1,23,21,183,0,0
1,0,1,0,41,0,267,0,0
0,1,0,1,31,338,216,0,0
9,0,2,0,48,380,188,0,0
1,1,0,0,30,3086,150,0,0
10,1,0,0,29,1679,485,0,0
0,0,0,0,36,531,187,0,0
0,1,0,0,31,0,133,0,0
0,0,0,0,31,10,283,0,0
6,2,1,0,37,2152,200,0,0
1,1,0,0,28,230,505,0,0
0,1,0,0,40,185,173,0,0
1,2,1,1,52,388,139,0,0
3,1,0,0,43,1344,74,0,0
1,1,0,0,33,764,244,0,0
1,0,1,0,45,2403,207,0,0
5,0,1,0,44,0,142,1,0
0,0,0,0,48,363,67,0,0
5,2,1,1,32,2017,686,0,0
9,1,0,0,33,1107,201,0,0
6,0,1,0,37,1,395,0,0
3,1,1,0,52,1541,243,0,0
0,2,0,0,51,318,102,2,0
0,0,1,1,29,147,376,0,0
3,0,-1,0,55,-102,35,0,0
0,0,1,1,57,82,140,0,0
4,2,0,0,58,5253,162,3,0
5,0,0,1,33,1636,62,0,0
5,0,1,0,53,-375,24,0,0
4,0,1,0,75,1470,49,0,0
3,0,1,0,40,1074,90,0,0
9,0,1,0,45,20187,707,0,0
1,1,1,0,33,1733,895,0,0
1,1,1,0,34,-329,280,0,0
1,0,2,0,45,-63,847,0,0
3,0,1,0,50,84,18,0,0
6,1,1,0,22,361,140,2,0
5,1,1,0,31,320,376,0,0
0,1,0,0,35,62,213,0,0
5,0,0,0,34,434,165,0,0
6,2,1,0,39,42,75,0,0
1,1,1,1,33,31,131,0,0
1,0,1,0,39,140,110,0,0
0,0,0,0,32,0,198,0,0
3,0,2,0,45,487,117,4,0
7,0,0,0,45,430,221,2,0
0,0,0,1,41,4824,168,0,0
2,0,0,0,64,2331,201,0,0
0,1,0,0,35,478,107,2,0
1,1,1,0,32,315,280,0,0
6,0,1,0,30,48,662,0,0
4,0,2,0,65,276,229,0,0
3,1,1,0,37,1672,484,0,0
6,2,-1,0,46,973,297,0,0
1,0,0,0,40,11766,218,9,0
5,0,0,0,36,828,116,0,0
1,0,1,0,28,655,179,0,0
0,1,0,0,32,1625,451,0,0
2,0,0,1,42,157,650,0,0
7,0,1,0,37,8230,51,0,0
10,1,1,0,23,381,696,2,0
3,0,1,0,38,4336,226,0,0
6,2,1,1,34,107,110,0,0
4,0,2,0,65,1760,855,0,0
5,0,1,0,44,248,18,0,0
0,1,0,0,26,1494,477,0,0
3,0,1,0,42,-422,31,0,0
5,0,-1,1,50,-1137,64,0,0
3,1,2,0,30,5641,695,0,0
1,0,2,0,33,5,57,0,0
3,1,1,0,35,5,268,0,0
3,2,1,1,34,-301,465,0,0
1,0,1,0,35,141,299,0,0
0,0,1,0,55,11743,75,0,0
1,1,-1,0,41,5372,248,0,0
10,1,1,1,28,29,402,0,0
3,0,2,0,45,1691,57,0,0
0,0,0,0,42,0,177,0,0
1,0,0,1,36,99,57,0,0
10,1,2,0,27,25,8,0,1
3,1,1,0,39,1672,462,1,0
6,1,1,0,33,3358,502,0,0
4,0,1,0,54,883,305,0,0
6,0,1,0,43,177,120,0,0
0,0,0,0,53,3443,48,0,0
5,0,-1,0,60,478,173,8,0
1,0,1,0,36,216,80,0,0
5,1,1,0,26,1099,99,13,0
0,0,0,0,34,250,787,8,0
0,0,0,0,31,720,94,0,0
5,0,2,0,43,-516,438,0,0
0,0,0,0,55,1713,88,0,0
4,0,1,0,76,2302,110,2,0
5,0,-1,0,36,2323,111,0,0
9,0,-1,0,52,544,254,0,0
0,1,0,0,24,1030,396,0,0
1,1,1,1,40,822,155,3,0
1,2,0,0,45,10768,147,2,0
1,0,0,0,36,491,103,0,0
2,0,0,1,55,3459,88,3,0
10,1,1,0,28,154,21,0,0
0,0,0,1,48,1167,122,4,0
5,2,1,0,50,797,72,0,0
0,0,-1,0,49,126,195,0,0
3,0,1,0,41,51,39,0,0
10,1,1,0,24,547,60,0,0
7,0,2,1,51,307,65,0,0
3,0,1,0,55,2010,446,0,0
0,0,0,0,43,177,9,0,0
4,0,1,1,60,1091,778,0,0
1,0,1,0,39,52,96,0,0
6,0,1,0,53,-391,122,0,0
3,0,1,0,41,140,636,0,0
1,1,1,0,32,1089,125,0,0
2,0,0,0,39,5848,55,0,0
1,1,1,0,31,667,279,0,0
2,0,0,0,31,5156,147,0,0
0,1,0,0,36,5340,113,0,0
3,0,1,0,46,1147,720,0,0
5,0,1,0,45,-571,332,0,1
2,2,0,0,31,1767,395,0,0
3,0,2,0,44,353,705,0,0
0,0,0,0,29,314,938,0,0
3,0,2,0,45,900,26,1,0
6,0,1,0,36,238,424,0,0
1,1,1,1,25,505,386,0,0
0,1,0,0,41,0,91,0,0
3,1,2,0,58,26,600,0,0
5,2,1,0,36,506,577,0,0
0,0,0,0,55,1909,167,0,0
7,2,0,0,39,155,449,0,0
1,0,2,0,40,284,1332,0,0
0,0,-1,0,60,2508,91,0,0
8,1,2,0,29,550,801,0,0
10,0,1,0,40,260,52,6,0
1,2,0,1,48,83,243,0,0
6,0,1,0,51,0,439,0,0
10,1,1,0,31,216,138,0,0
6,0,1,0,43,-456,102,0,0
0,0,0,0,42,24780,184,0,0
6,1,1,0,24,-148,641,0,0
1,0,0,0,37,1733,524,1,0
2,0,1,0,37,5064,79,0,0
5,0,1,0,43,877,135,0,0
4,0,0,1,59,307,63,0,0
3,0,1,0,35,126,472,0,0
5,1,1,0,26,1375,238,0,0
5,1,1,0,36,-17,159,0,0
0,0,0,0,29,168,119,0,0
4,0,0,0,71,2887,128,0,0
0,0,1,0,33,56,255,0,0
3,0,2,0,51,303,87,0,0
3,0,2,0,58,47,281,0,0
5,1,1,0,32,1465,118,0,0
3,1,1,1,31,-343,120,0,0
3,2,2,0,28,410,867,0,0
1,0,1,0,32,1840,99,0,0
8,0,2,0,55,8585,201,0,0
3,1,1,0,36,2596,60,0,0
8,2,1,1,38,189,105,0,0
6,1,1,0,44,0,179,0,0
9,2,2,0,54,2253,266,1,0
3,0,2,0,52,36,109,0,0
9,0,2,0,49,785,190,0,0
3,0,1,0,29,1052,147,0,0
5,1,1,0,31,3323,337,0,0
3,0,1,0,35,11,32,0,0
3,1,1,0,35,-441,151,0,0
1,0,1,0,33,348,263,1,0
0,0,0,1,55,2,126,0,0
3,2,1,0,42,498,173,0,0
5,0,1,0,41,21515,87,0,0
1,1,1,1,33,402,59,0,0
4,2,2,0,83,0,664,3,0
8,2,1,0,42,759,126,0,0
4,2,1,1,55,-268,1417,0,0
3,2,2,0,48,194,263,0,0
3,0,1,1,34,1739,213,0,0
0,2,1,0,53,425,416,0,0
5,0,1,0,34,507,190,0,0
4,0,2,0,58,3260,27,0,0
1,0,1,0,35,249,205,0,0
1,0,1,0,33,0,176,2,0
6,0,1,0,41,446,93,2,0
3,2,-1,0,51,10287,117,0,0
0,0,0,0,42,9,98,0,0
6,1,1,0,27,331,203,0,0
7,1,1,0,26,1242,205,2,0
0,0,0,0,43,175,129,1,0
1,0,1,0,33,256,76,0,0
3,0,2,0,47,193,171,0,0
1,0,0,0,34,297,375,0,0
3,1,1,0,41,537,233,0,0
0,0,0,1,48,571,77,0,0
5,1,1,0,30,115,66,0,0
5,1,1,0,56,3309,65,0,0
0,0,1,0,47,490,227,0,0
3,2,2,1,43,-97,747,0,0
3,0,1,0,36,-870,102,0,0
1,1,1,0,33,181,25,0,0
3,0,1,0,31,-112,584,0,0
5,0,1,0,45,476,356,1,0
9,0,2,0,36,4324,139,4,0
9,0,2,0,57,1870,129,0,0
1,2,1,0,35,127,94,0,0
1,1,1,0,25,50,191,0,0
5,0,1,0,46,0,109,0,0
3,0,1,1,57,0,127,0,0
1,1,1,0,26,855,87,0,0
0,1,0,0,35,14,167,0,0
2,0,0,0,39,-172,562,0,1
3,1,-1,0,48,2961,361,0,0
6,0,1,1,37,1776,224,0,0
8,0,1,0,58,610,246,0,0
0,0,0,0,37,900,155,2,0
6,1,0,1,41,285,135,0,0
3,0,1,0,55,754,218,0,0
3,1,1,0,59,12270,180,0,0
4,0,1,0,60,0,576,0,0
5,2,1,0,31,1352,6,0,0
2,0,1,0,47,1375,272,7,0
1,0,1,0,50,1234,205,0,0
5,0,0,0,34,899,627,7,0
1,2,-1,0,44,759,397,0,0
5,1,1,1,35,-67,84,0,0
3,0,2,0,40,0,329,0,0
0,0,0,1,40,2168,530,0,0
1,2,0,0,33,-386,530,0,0
4,0,0,1,56,24,44,0,0
3,1,0,0,33,3446,83,0,0
2,1,0,0,39,1837,199,0,0
1,0,1,0,32,465,210,0,0
8,0,1,0,36,1466,124,0,0
1,1,1,0,43,685,78,2,1
5,1,1,0,33,101,392,0,0
6,2,1,0,43,0,125,0,0
1,0,1,0,34,178,253,0,0
5,2,1,1,57,-435,89,2,1
4,0,2,0,59,-47,84,0,0
1,1,1,1,39,1048,201,0,0
0,0,0,0,33,1388,280,2,0
5,1,1,0,32,287,465,0,0
3,0,1,0,42,3743,136,0,0
8,2,-1,0,50,1088,749,0,0
0,0,0,0,46,459,221,0,0
0,0,1,0,50,268,61,0,0
3,0,1,0,35,2643,96,1,0
1,0,1,0,33,183,457,3,0
0,0,0,0,36,-485,278,0,1
3,0,2,0,39,766,350,0,0
0,2,0,0,57,236,120,0,0
0,1,0,0,31,69,257,0,0
1,1,1,0,33,5214,293,0,0
0,0,0,1,35,109,257,0,0
1,2,1,0,49,305,367,0,0
3,0,1,0,26,160,252,0,0
1,0,1,0,51,39,173,0,0
6,0,1,0,33,3444,144,4,0
3,1,1,0,24,630,296,0,0
6,1,1,0,25,-141,113,2,0
3,0,1,0,41,1885,158,0,0
3,1,0,0,37,1436,177,0,0
3,0,2,0,45,185,34,0,0
0,0,1,0,47,623,102,0,0
4,0,1,0,56,74,144,0,0
3,0,2,0,40,0,64,0,1
1,1,0,0,31,1798,393,0,0
3,2,1,0,44,1781,48,0,0
1,2,1,0,47,4135,283,0,0
3,0,2,0,52,2,70,0,0
1,2,1,0,54,2156,258,5,0
1,1,0,0,58,388,96,0,0
1,0,1,0,49,4772,157,0,0
1,0,0,0,56,1062,37,0,0
5,0,2,0,47,192,47,0,0
1,0,1,0,50,1093,319,0,0
5,1,1,0,31,2398,16,0,0
4,0,2,0,56,1947,124,2,0
0,1,0,1,60,0,151,0,0
7,1,0,0,30,432,402,0,0
3,0,2,0,46,1303,174,0,0
0,0,0,0,48,308,125,0,0
0,2,0,0,40,-75,193,0,0
3,0,1,1,41,449,313,0,0
0,0,0,1,30,107,263,0,0
9,0,1,0,42,279,673,0,0
3,0,1,0,33,1786,209,0,0
1,0,1,0,49,1269,355,0,0
2,0,1,0,43,1109,64,0,0
1,1,0,0,28,375,43,1,0
4,0,0,0,71,3895,116,0,0
3,1,1,0,41,925,43,0,0
3,1,2,0,40,118,16,0,0
3,0,2,0,28,0,17,0,0
0,0,0,0,35,247,209,3,0
9,0,1,1,27,22,88,0,0
5,0,-1,0,50,4861,256,0,0
5,1,1,0,49,4509,42,0,0
6,1,0,0,25,130,49,0,0
0,1,0,0,31,130,160,0,0
8,2,1,0,39,6322,184,0,0
0,0,0,0,47,0,265,0,0
3,0,2,0,47,0,71,0,0
0,2,0,0,49,9326,166,0,0
4,0,1,0,54,1139,155,7,0
3,0,1,0,35,463,104,0,0
6,0,1,0,37,0,272,0,0
0,0,0,0,39,1802,129,2,0
0,2,0,0,36,0,21,0,0
1,1,0,0,33,0,233,0,0
3,0,2,0,35,105,369,0,0
6,0,1,0,47,223,133,0,0
5,1,1,0,34,181,296,0,0
3,0,1,0,37,685,968,0,0
4,0,1,0,55,273,417,0,0
4,0,2,0,79,8556,326,2,0
9,0,2,1,58,1310,1226,0,0
0,0,0,0,40,8963,203,0,0
4,0,1,0,59,32948,243,2,0
0,1,0,0,31,62,175,5,0
7,0,1,0,58,9994,400,0,0
6,0,2,0,58,943,243,0,0
1,1,1,1,26,544,56,0,0
5,2,1,1,50,202,148,0,0
7,2,0,0,54,3952,28,0,0
7,1,-1,0,25,1179,150,3,0
9,2,1,0,36,181,354,0,0
3,2,1,0,41,927,239,2,0
1,1,1,0,31,1,223,0,0
3,0,1,0,36,723,101,0,0
1,1,0,0,38,1619,324,0,0
3,2,2,1,40,-78,330,0,0
1,0,1,0,55,726,271,0,0
1,0,1,0,51,1186,450,0,0
5,1,1,0,34,303,282,3,0
10,1,1,0,26,0,107,0,0
6,2,1,1,47,829,466,0,0
8,0,1,0,34,156,136,0,0
3,0,1,1,57,0,45,0,0
5,0,0,0,32,157,300,0,0
6,0,1,0,35,-138,197,0,0
0,1,0,0,35,556,52,0,0
6,0,1,1,40,879,349,0,0
4,0,2,0,57,1947,126,7,0
5,0,1,0,26,714,183,0,0
5,2,1,1,52,98,148,0,0
8,0,0,0,55,383,343,0,0
3,1,1,0,33,213,163,0,0
3,0,1,1,33,2645,85,0,0
8,0,1,0,52,2251,58,0,0
9,2,2,0,55,0,90,0,0
6,0,1,0,54,2431,221,0,0
3,1,1,0,27,535,360,0,0
5,2,1,0,54,735,300,0,0
0,2,0,0,39,1555,796,0,0
0,0,0,0,52,3508,252,0,0
9,0,2,0,58,0,334,3,0
8,1,2,0,66,1323,207,0,0
6,0,1,1,39,304,323,0,0
6,0,1,0,48,0,163,0,0
6,0,1,0,47,-288,193,0,0
7,1,1,1,26,467,90,0,0
8,1,1,0,50,588,649,0,0
0,2,0,0,28,229,1042,2,0
6,1,1,0,27,123,105,0,0
3,1,1,0,30,574,11,0,0
6,0,-1,0,41,1538,710,0,0
1,0,1,1,41,-1,406,0,0
1,1,0,0,44,678,111,2,0
3,1,2,0,51,55,351,0,0
0,0,0,0,30,370,250,1,0
1,2,0,0,51,4143,171,0,0
0,2,0,0,56,722,134,2,0
5,1,1,0,40,1670,161,0,0
6,1,1,0,29,-72,208,0,0
6,0,1,1,41,0,352,2,0
3,0,1,1,27,-335,324,0,0
2,0,0,0,38,6704,205,0,0
3,0,1,0,28,173,588,0,0
2,0,0,0,50,2442,145,0,0
3,1,1,0,30,229,24,0,0
7,1,0,0,36,1296,352,0,0
1,1,0,0,30,8138,227,0,0
6,1,1,0,32,133,171,0,0
3,0,1,1,25,101,460,0,0
1,0,1,0,35,0,460,0,0
0,1,0,1,35,75,82,0,0
5,0,1,1,34,255,344,0,0
5,0,1,1,35,846,175,0,0
2,2,2,0,60,2648,148,0,0
6,2,1,0,35,204,295,9,0
0,0,0,0,28,893,204,2,0
0,1,0,0,27,102,9,0,0
6,0,2,1,45,2406,108,0,0
8,0,2,0,36,646,148,0,0
3,0,1,0,38,-152,100,0,0
0,1,0,0,34,3635,68,0,0
0,0,0,0,31,1839,109,0,0
1,1,-1,0,42,11115,328,0,0
3,1,1,0,29,-20,814,0,0
6,0,1,0,40,-192,666,0,0
6,0,1,0,32,-34,1236,0,0
6,0,1,1,41,146,199,0,0
5,2,1,0,42,241,1012,0,0
0,1,0,0,36,688,293,2,0
6,1,1,0,31,671,193,0,0
0,1,0,0,37,7179,31,0,0
7,0,1,0,37,883,153,0,0
6,0,1,1,46,311,232,0,0
0,0,0,0,50,2629,59,0,0
6,1,1,0,26,256,101,0,0
3,0,1,1,28,723,262,0,0
2,0,0,0,47,0,103,0,0
3,0,1,1,34,1682,123,0,0
3,0,2,0,53,1868,156,0,0
0,0,0,0,42,2187,525,0,0
0,2,0,0,57,442,41,3,0
1,1,0,0,36,391,185,8,0
4,0,2,0,77,2590,112,15,0
7,0,1,1,51,44,79,0,0
4,0,2,0,67,1430,283,5,0
0,0,0,0,52,1545,115,0,0
5,1,1,0,33,1221,245,0,0
10,1,-1,0,29,795,173,0,0
5,1,1,0,31,3950,529,0,0
3,0,1,0,48,1730,361,3,0
3,0,1,0,43,95,296,0,0
3,0,1,0,40,737,135,0,0
5,1,1,1,28,177,150,0,0
0,0,0,0,54,1464,194,1,0
3,2,1,0,51,78,723,0,0
5,0,1,0,42,12,466,0,0
3,0,1,0,34,-76,170,0,0
5,1,1,0,30,382,369,1,0
0,1,1,0,31,202,167,1,0
3,2,2,0,36,117,123,0,0
1,0,2,0,53,6181,817,3,0
2,0,0,1,30,23,375,0,0
3,0,1,0,36,3463,29,0,0
3,0,1,0,35,120,269,1,0
3,0,2,0,45,660,329,0,0
0,1,0,0,32,307,96,3,0
1,2,1,0,41,75,351,0,0
3,2,2,1,52,-97,167,0,0
0,0,2,1,39,551,107,0,0
6,0,-1,0,69,23592,837,0,0
3,0,1,1,42,1657,155,0,0
3,0,1,0,36,2454,1859,0,0
3,1,2,0,39,1522,164,0,0
2,0,1,1,52,-36,199,0,1
6,1,1,0,27,150,81,0,0
5,0,1,0,38,0,353,0,0
1,1,1,0,55,99,300,3,0
5,1,1,0,41,224,22,0,0
6,0,1,0,50,5569,103,0,0
0,0,0,0,51,5343,54,0,0
2,0,0,0,51,267,56,0,0
1,0,1,0,44,1319,77,0,0
3,0,2,1,32,29050,563,0,0
3,1,0,0,37,344,407,0,0
3,0,2,0,55,1086,148,0,0
3,0,1,0,29,1074,153,0,0
3,2,1,1,35,275,144,0,0
3,0,2,0,56,420,129,1,0
5,0,1,1,32,0,159,2,0
5,2,1,0,32,-19,97,0,0
5,0,1,0,49,300,76,0,0
8,1,1,0,28,-34,355,0,0
6,2,1,0,51,-69,216,0,0
1,1,1,0,35,-54,70,0,0
7,0,2,0,46,3262,77,0,0
5,1,1,1,37,0,144,6,0
5,0,0,0,35,690,131,1,0
0,0,0,0,53,1945,262,0,0
3,0,2,0,54,-636,324,0,0
6,0,1,0,48,-110,97,2,0
0,1,0,0,48,460,91,2,0
0,1,0,0,25,362,617,0,0
1,1,0,0,33,0,135,0,0
0,1,1,0,29,417,90,0,0
1,1,1,1,29,5,54,0,0
6,2,1,1,29,161,286,0,0
5,1,1,0,36,0,139,0,0
1,0,1,1,42,219,186,0,0
6,0,1,0,50,2376,395,0,0
3,0,1,0,59,10054,79,0,0
5,2,1,0,43,738,71,0,0
3,1,1,0,22,-189,59,0,0
5,0,1,1,36,3308,119,0,0
0,0,0,0,55,5804,56,0,0
6,0,1,0,47,0,289,0,0
5,1,1,0,40,739,132,0,0
5,2,1,0,33,335,347,2,0
6,0,1,1,38,0,125,2,0
6,1,1,0,35,2223,499,0,0
0,1,0,0,35,431,343,1,0
5,0,1,0,43,2576,143,0,0
1,1,0,0,32,703,489,2,0
0,2,0,0,51,0,534,0,0
3,0,1,1,37,1147,114,0,1
3,0,2,0,32,187,485,1,0
6,0,1,0,47,278,51,1,0
6,0,1,0,41,4505,108,0,0
0,0,0,0,61,0,114,0,0
0,0,0,0,39,0,41,0,0
1,1,1,0,48,479,148,0,0
0,0,0,0,52,1415,163,0,0
4,0,2,0,60,5,63,0,0
3,0,2,1,32,209,8,0,0
0,0,0,0,53,1061,139,0,0
3,0,2,0,40,2132,143,0,0
1,0,0,0,39,-218,8,0,0
3,0,2,0,40,451,356,1,0
5,0,1,0,60,221,92,0,0
0,1,0,0,34,966,393,3,0
0,2,0,0,41,47,160,0,0
1,0,0,0,45,548,108,0,0
1,1,0,0,39,139,328,1,0
6,1,1,0,49,3061,155,0,0
7,0,0,1,48,147,295,0,0
3,0,1,0,33,-409,235,0,0
1,0,1,0,36,-531,205,0,0
0,0,0,1,50,463,141,0,0
6,0,1,0,38,435,193,0,0
3,1,-1,0,42,961,10,1,0
1,2,1,0,43,1532,61,0,0
1,1,-1,0,41,356,93,0,0
0,1,0,0,36,0,88,0,0
1,0,1,1,35,1364,25,0,0
4,2,2,1,58,593,204,0,0
2,0,0,0,56,-65,45,0,0
1,2,1,0,33,557,362,0,0
3,1,1,0,30,-110,428,0,0
10,1,1,0,36,17,621,0,0
1,1,1,0,23,598,406,1,0
5,1,1,0,28,520,29,0,0
2,0,0,0,54,84,34,0,0
7,0,-1,0,41,1377,111,2,0
0,1,0,0,31,725,211,2,0
6,1,1,1,28,651,158,0,0
1,1,0,0,40,1646,173,5,0
0,0,0,0,41,1092,736,0,0
0,0,0,0,30,294,605,0,0
0,1,0,1,35,175,53,0,0
4,2,2,0,95,2282,207,0,0
3,2,1,1,57,644,263,0,0
1,1,1,0,31,279,213,0,0
0,1,0,0,30,4091,96,0,0
0,0,0,0,39,575,109,0,0
6,0,1,0,39,20928,1166,1,0
5,1,1,0,33,572,344,2,0
5,2,1,0,46,3201,157,0,0
6,0,1,0,42,0,194,0,0
6,0,-1,0,55,715,90,0,0
7,2,0,0,38,6447,296,0,0
0,2,0,0,45,-90,128,1,0
0,0,0,0,43,1188,140,0,0
3,0,2,0,43,3064,2453,0,0
3,0,1,0,50,1176,281,0,0
1,0,1,0,42,649,29,0,0
5,1,1,0,31,-48,254,0,0
5,1,1,0,27,125,104,8,0
0,0,0,0,56,2333,244,0,0
4,0,2,0,51,67,835,0,0
5,0,1,0,37,641,42,0,0
6,1,1,0,29,-158,128,0,0
0,1,0,0,51,6030,157,3,0
1,1,1,0,41,40,149,0,0
5,1,1,1,45,341,77,0,0
0,0,0,0,34,4831,265,0,0
0,0,1,0,39,1410,55,0,0
3,0,1,0,36,1790,386,0,0
1,1,1,0,38,8381,82,1,0
0,2,0,0,43,3163,211,0,0
3,0,1,0,41,239,385,0,0
3,0,1,0,29,2776,233,0,0
1,0,1,1,45,546,152,0,0
5,0,1,1,50,761,273,0,0
3,2,1,1,52,0,231,0,0
5,0,1,0,30,312,476,0,0
5,0,1,0,39,401,112,0,0
3,0,2,0,42,454,23,0,0
5,0,1,0,52,3422,168,0,0
1,1,1,0,36,524,95,0,0
3,1,1,0,30,-457,143,0,0
4,0,1,0,59,5219,239,0,0
1,0,1,0,41,634,122,0,0
0,2,-1,0,38,0,96,0,0
10,1,1,0,25,154,141,2,0
5,1,1,0,29,-507,286,0,0
1,0,1,1,29,344,279,0,0
1,0,0,0,33,599,461,0,0
3,0,1,0,42,414,400,0,0
0,0,1,0,31,625,136,0,0
3,2,2,0,53,4401,241,1,0
1,1,0,0,34,0,158,0,0
1,1,1,1,53,198,521,0,0
1,1,1,1,34,3,71,0,0
3,1,1,0,39,522,225,2,0
3,0,1,0,47,912,118,0,0
1,2,1,1,38,1333,188,0,0
3,0,1,0,27,613,65,0,0
0,0,1,0,41,456,734,0,0
10,1,1,0,20,153,100,0,0
3,1,1,0,33,38,139,1,0
0,0,0,1,54,-1415,135,0,0
2,1,0,0,31,38,185,0,0
10,1,-1,0,38,64,789,0,0
3,0,2,0,47,2642,310,0,0
5,1,1,0,32,294,97,0,0
4,0,1,0,58,1227,625,1,0
0,0,0,0,42,783,77,3,0
3,0,2,0,32,159,207,0,0
3,1,2,0,27,1128,88,0,0
2,0,0,0,36,6,246,0,0
5,1,1,0,29,171,83,0,0
0,2,0,0,58,0,107,0,0
3,0,-1,0,31,92,98,0,0
3,0,2,0,48,160,109,0,0
6,1,2,0,38,393,200,0,0
10,1,1,0,29,314,415,4,0
0,1,0,0,34,-281,56,0,0
0,2,0,0,48,0,26,0,0
6,1,1,0,57,1430,666,0,0
5,0,1,0,55,9329,135,2,0
4,2,1,0,58,-370,1449,0,0
2,0,1,1,33,-118,421,0,0
8,2,2,0,56,1770,916,0,0
10,1,1,0,22,10971,181,0,0
6,0,1,0,53,0,187,0,0
9,2,1,0,40,108,93,0,0
5,2,1,0,52,725,57,1,0
0,1,0,0,47,1187,1739,0,0
0,0,1,0,30,0,756,0,0
1,0,-1,0,53,253,763,0,0
3,0,1,0,36,1949,48,3,0
2,0,1,0,40,0,560,0,0
5,1,1,0,40,-227,161,0,0
1,0,1,0,59,925,96,0,0
5,1,1,1,42,164,80,0,0
3,0,1,1,45,-221,170,0,0
9,0,2,0,52,1340,175,0,0
0,0,1,1,37,33,117,0,1
3,0,2,0,57,93,137,0,0
0,0,0,1,32,3158,142,0,0
7,1,0,0,31,253,157,4,0
5,0,1,1,29,488,223,0,0
7,0,0,0,34,2427,90,3,0
1,2,1,0,41,988,429,0,0
8,2,1,0,40,4082,113,0,0
5,0,0,1,30,1717,218,0,0
0,1,0,0,29,3041,606,0,0
5,0,1,1,46,1252,59,0,0
3,0,1,0,39,8152,80,0,0
9,0,2,0,50,0,39,0,0
3,0,2,1,37,215,308,0,0
3,0,1,0,39,281,78,0,0
3,0,1,0,49,102,210,0,0
0,0,0,0,60,0,59,0,0
4,0,1,0,74,935,400,3,0
1,1,1,0,26,1256,404,0,0
9,0,1,1,37,12939,77,9,0
7,0,1,0,52,0,150,0,0
0,0,0,1,53,-670,86,0,0
4,2,2,0,56,1177,39,0,0
6,0,2,0,38,0,33,0,0
6,0,1,0,42,9277,395,3,0
1,1,0,0,31,438,165,2,0
6,0,1,0,42,1370,36,0,0
5,0,1,0,31,35,615,0,0
3,0,1,0,58,535,189,0,0
4,0,2,0,78,14204,150,1,0
3,0,2,0,47,-290,495,0,0
3,0,1,0,35,106,252,0,0
0,0,0,0,34,-422,458,0,0
3,1,1,1,37,3572,341,0,0
3,0,2,0,30,935,96,0,0
0,1,-1,0,34,355,51,0,0
5,0,1,1,38,981,134,0,0
1,0,1,0,38,253,416,0,0
9,0,2,0,55,1870,152,0,0
0,0,0,0,55,0,159,0,0
0,1,0,0,36,335,5,4,0
5,0,0,0,34,0,155,0,0
1,0,1,1,47,-59,502,2,0
1,0,1,0,37,5729,303,0,0
0,2,1,0,48,3324,203,0,0
6,0,1,0,52,2257,203,0,0
0,1,1,0,55,1507,114,0,0
8,1,0,0,25,343,377,0,0
1,1,1,0,23,4,763,0,0
3,1,1,0,26,184,110,1,0
0,0,0,0,33,1778,388,0,0
2,0,1,0,40,264,222,0,0
3,1,1,0,29,853,177,0,0
5,1,1,0,24,845,105,0,0
2,2,1,0,37,14,22,0,0
0,0,0,0,57,5,96,0,0
3,0,-1,0,34,0,183,0,0
6,2,1,0,46,778,579,0,0
0,1,0,0,33,755,68,0,0
6,1,1,0,30,-386,196,2,0
0,2,0,0,54,2625,67,0,0
8,0,0,0,36,4145,988,0,0
0,0,0,0,41,1559,74,0,0
3,0,1,0,34,0,325,2,0
1,0,1,0,47,568,256,0,0
0,1,0,0,40,3877,145,0,0
9,0,2,0,38,3918,101,0,0
3,1,1,0,33,-416,767,0,0
3,0,1,0,34,90,77,0,0
1,2,0,0,42,2611,300,3,0
3,0,1,0,32,4996,205,0,0
6,1,1,0,57,2236,73,0,0
3,0,2,0,44,6,338,0,0
-1,2,0,0,31,137,385,0,0
1,1,1,0,35,2,239,0,0
3,0,2,0,53,1086,112,0,0
3,1,1,1,29,1550,228,0,0
3,1,2,0,39,581,233,1,0
1,0,1,0,38,710,196,3,0
9,1,1,0,44,299,186,0,0
6,1,1,1,37,99,617,0,0
3,0,2,1,38,0,165,0,0
0,0,2,0,42,5310,273,3,0
1,1,1,0,32,-1,185,0,1
4,0,1,0,55,3948,149,2,0
2,0,2,0,42,759,80,10,0
5,2,1,1,30,83,310,0,0
5,0,0,0,59,349,124,0,0
1,0,0,0,40,0,44,0,0
4,0,2,0,57,0,83,0,0
3,1,2,0,39,419,186,1,0
5,1,0,1,26,2532,269,0,0
1,1,1,0,26,1105,415,3,0
5,0,1,0,36,976,408,0,0
0,1,0,0,29,308,313,0,0
3,0,2,1,45,1251,126,0,0
1,2,1,0,45,1309,144,0,0
6,1,1,0,37,278,1045,0,0
3,0,2,0,56,8318,428,0,0
6,1,1,0,40,2284,100,0,0
0,2,0,0,35,6997,1121,0,0
3,0,2,0,48,6489,263,0,0
8,1,1,0,31,-15,278,3,0
8,0,2,0,41,101,275,0,0
1,0,1,0,30,6843,227,0,0
6,0,1,0,46,22,153,3,0
0,0,0,0,41,636,80,0,0
3,0,1,0,33,-825,228,0,0
1,2,1,0,33,2,600,17,0
3,0,-1,0,59,139,153,0,0
6,0,1,0,35,630,17,0,0
5,1,1,0,31,2144,89,0,0
4,0,-1,0,77,992,147,2,0
4,0,0,0,71,14220,397,0,0
5,1,1,0,38,-23,48,0,0
9,0,1,1,42,477,231,0,0
0,0,0,0,37,257,11,0,0
1,0,2,1,37,1653,285,10,0
5,0,1,0,37,1314,118,3,0
1,0,1,1,32,-796,80,0,0
0,0,0,0,34,1240,102,0,0
1,0,-1,0,51,413,82,2,0
8,1,1,0,33,177,75,0,0
4,2,1,0,70,4572,115,16,0
7,2,0,0,59,2979,118,0,0
1,1,0,0,27,3706,897,0,0
3,1,-1,0,54,6622,83,0,0
1,2,1,0,35,-52,265,0,1
1,0,1,1,31,-305,83,0,0
0,0,0,0,56,79,82,0,0
7,1,0,0,37,556,200,0,0
6,0,0,0,33,597,134,0,0
5,0,1,1,56,1554,15,27,0
3,0,1,0,35,199,203,3,0
3,1,2,0,48,755,65,0,0
3,0,2,0,38,1262,49,0,0
1,0,1,0,58,2073,393,0,0
3,1,1,0,32,218,134,0,0
3,0,1,0,43,1927,63,0,0
5,1,1,0,31,554,80,1,0
1,2,0,1,48,907,103,0,0
3,0,1,1,57,-898,322,0,0
6,0,1,1,48,334,270,0,0
7,0,1,0,52,3720,114,0,0
2,2,0,0,50,101,132,0,0
5,1,1,0,43,733,1102,0,0
1,0,1,1,33,0,154,0,0
9,0,2,0,39,4904,101,0,0
5,2,1,0,42,723,298,2,1
3,0,1,0,54,2059,177,0,0
6,2,1,0,40,160,123,0,0
0,2,0,0,56,0,463,0,0
-1,1,-1,0,39,2822,573,0,0
6,0,1,0,39,1438,212,0,0
1,0,1,0,34,-34,201,0,1
1,1,1,0,43,33,93,0,0
5,1,1,0,54,3344,12,0,0
1,1,1,0,32,230,256,0,0
3,2,1,0,29,-19,712,0,0
0,2,0,1,51,0,176,0,0
3,0,1,0,36,74,322,0,0
6,0,2,0,35,764,706,0,0
0,0,0,0,30,168,229,1,0
0,1,0,1,46,653,104,0,0
1,2,0,0,49,0,177,0,0
3,0,1,0,33,175,392,0,0
0,0,0,0,31,414,498,0,0
0,2,0,1,33,525,260,1,0
1,0,0,0,54,1188,89,0,0
0,0,0,0,32,0,280,0,0
3,1,1,0,32,1211,206,0,0
5,2,2,0,57,207,284,4,0
0,2,0,0,52,-299,110,0,0
1,0,0,0,53,4323,58,0,0
5,0,1,0,55,1102,195,2,0
6,2,1,1,50,28,313,0,0
8,0,1,1,32,2400,450,0,0
8,0,0,0,41,0,373,0,0
3,0,1,0,33,18,312,0,0
0,2,0,0,38,904,475,0,0
0,0,0,0,51,0,59,0,0
6,1,1,0,25,216,175,0,0
8,0,2,0,35,8489,217,0,0
7,0,0,0,35,1987,335,0,0
1,1,1,0,29,0,296,0,0
0,0,0,0,45,203,202,0,0
1,0,1,0,32,999,382,0,0
3,0,1,0,51,7180,927,0,0
6,1,1,1,45,184,89,0,0
1,2,0,0,32,53,671,0,0
4,2,-1,0,59,-49,248,0,0
5,0,-1,0,47,66,358,0,0
3,0,2,0,50,3764,214,4,0
5,0,2,1,42,-466,94,0,0
0,2,0,0,47,4556,146,0,0
3,2,1,0,45,77,99,0,0
3,0,1,0,36,141,106,0,0
5,0,0,0,32,1019,489,0,0
0,0,0,0,36,0,173,0,0
3,1,1,0,24,-438,410,0,0
1,0,1,0,39,425,562,0,0
5,1,1,0,30,110,132,0,0
3,1,1,0,36,111,174,0,0
5,2,1,0,50,1111,50,0,0
3,1,1,0,23,5145,229,0,0
5,1,0,0,34,2045,146,0,0
3,0,1,0,52,223,81,0,0
4,0,2,0,57,3288,186,0,0
3,0,2,0,55,1373,1087,0,0
0,0,1,0,45,0,65,0,0
6,0,1,1,38,-768,57,0,0
5,1,2,0,45,1811,50,0,0
3,0,2,0,33,324,217,0,0
0,0,0,0,48,494,81,0,0
1,0,1,0,44,13761,65,0,0
6,0,2,0,49,468,608,0,0
0,2,0,1,49,100,156,0,0
6,0,1,0,38,780,262,5,0
5,0,1,0,40,168,249,1,0
0,1,0,1,36,2685,111,0,0
0,2,1,0,53,519,126,0,0
1,1,1,1,31,591,14,0,0
4,2,1,0,60,216,238,0,0
3,1,-1,1,40,-154,258,0,0
5,1,1,0,30,3809,159,0,0
3,0,2,0,44,412,56,0,0
3,0,1,0,36,2452,161,0,0
5,1,1,0,53,654,67,0,0
3,0,1,1,34,457,188,0,0
0,0,0,1,33,137,70,0,0
2,0,0,0,56,16125,202,1,0
0,1,1,0,26,565,582,0,0
0,0,0,0,38,238,139,3,0
1,1,0,0,32,35,96,0,0
6,0,1,1,44,1357,250,0,0
6,1,1,0,36,203,193,0,0
8,0,2,0,36,771,152,0,0
0,1,0,0,30,102,364,0,0
6,0,1,0,50,3169,399,1,0
3,0,1,1,58,3148,57,0,0
0,0,0,0,51,5108,272,8,0
3,0,1,0,55,1261,166,0,0
5,0,1,0,45,1214,150,2,0
0,0,0,0,36,635,359,0,0
3,0,2,0,46,512,32,1,0
1,1,1,0,31,775,361,0,0
1,0,0,0,51,1057,149,0,0
3,0,2,0,51,2832,122,12,0
1,1,0,0,30,1081,377,0,0
4,2,1,0,60,1382,112,0,0
3,0,1,1,31,1545,207,0,0
0,1,0,0,40,0,58,0,0
0,1,0,0,44,6350,323,0,0
5,0,1,0,30,490,82,4,0
3,0,1,0,38,2467,192,0,0
1,1,1,0,46,148,210,0,0
3,0,1,0,47,1449,322,0,0
0,0,1,0,42,-105,60,0,0
8,2,0,0,44,0,1960,0,0
6,0,1,0,46,3269,366,0,0
3,0,1,1,52,3622,40,0,0
5,2,1,0,35,951,567,0,0
10,1,0,0,26,5169,639,0,0
3,0,1,0,39,1360,247,0,0
8,0,0,0,38,201,209,0,0
0,2,1,1,53,1004,119,0,0
6,0,-1,0,46,72,165,0,0
1,0,1,1,33,2099,42,0,0
3,0,2,0,43,3131,441,0,0
1,0,1,1,27,0,190,0,0
6,1,1,0,31,3,41,0,0
5,0,1,1,52,423,139,7,0
6,0,1,1,34,210,175,1,0
0,0,0,0,49,2187,92,0,0
5,0,-1,0,58,0,219,2,0
3,1,1,0,25,815,268,0,0
9,0,1,0,49,211,220,0,0
6,0,1,1,36,1177,50,0,0
0,1,0,0,32,3199,58,0,0
1,0,1,0,56,589,518,2,0
6,0,1,1,35,373,162,0,0
5,1,1,0,39,720,47,0,0
6,1,1,0,28,373,115,0,0
0,0,0,0,39,622,145,0,0
1,0,0,1,29,-722,121,0,0
1,2,1,0,50,148,413,0,0
10,1,-1,0,20,457,214,0,0
5,0,1,0,58,3735,91,0,0
8,2,0,0,29,1718,579,0,0
5,0,1,0,42,2656,238,0,0
5,0,1,1,53,105,74,0,0
0,1,0,0,39,2651,139,5,0
5,1,1,0,29,2,85,1,0
1,1,1,0,27,155,26,0,0
0,2,0,1,35,473,37,0,0
3,1,2,0,26,409,577,0,0
1,0,1,0,60,0,101,0,0
1,1,1,0,32,432,559,0,0
3,1,1,0,43,592,260,0,0
5,0,2,0,72,2321,221,12,0
4,0,0,1,64,2059,326,1,0
0,0,0,1,50,1463,459,0,0
5,1,1,0,35,0,376,0,0
1,0,1,0,30,-1,323,0,0
4,0,1,0,58,195,41,0,0
1,0,0,0,60,91,105,0,0
3,0,1,0,56,1686,100,0,0
5,0,1,1,33,51,253,3,0
7,1,0,0,34,462,1877,0,0
0,0,0,0,31,432,197,0,0
4,0,1,0,56,0,71,0,0
3,0,2,0,44,362,180,0,0
9,1,0,0,29,19,268,4,0
6,0,1,0,50,1501,946,0,0
4,2,1,1,56,1005,69,0,0
0,0,0,0,35,0,189,2,0
1,0,1,0,31,141,140,0,0
3,0,2,0,31,206,1171,0,0
0,0,0,1,50,453,608,0,0
6,0,1,1,34,6662,308,0,0
0,0,0,0,33,0,54,0,0
3,0,1,1,39,-66,626,0,0
0,1,1,1,28,292,39,0,0
0,0,0,0,60,13546,452,0,0
3,1,1,0,20,76,639,0,0
1,1,1,0,38,332,73,0,0
3,0,1,0,35,4,130,0,0
0,1,0,0,31,5691,357,0,0
1,1,0,0,33,231,198,0,0
1,1,1,1,41,879,60,0,0
3,0,1,0,47,-5,444,0,1
1,0,1,1,37,-254,256,0,0
5,1,1,1,20,336,133,0,0
9,0,-1,0,54,0,189,0,0
7,0,1,0,45,629,165,0,0
0,1,0,0,28,33,271,0,0
3,0,2,0,50,480,99,0,0
10,1,2,0,19,103,96,2,0
-1,0,2,0,43,644,195,0,0
6,0,1,0,35,-489,90,0,0
4,0,1,0,56,6114,168,0,0
6,1,1,0,26,1347,280,5,0
4,0,0,0,66,2820,115,0,0
3,0,1,0,40,5060,154,1,0
1,0,1,1,46,416,361,0,0
4,0,1,0,60,4,602,0,0
9,0,1,1,39,-146,239,0,0
3,0,2,0,32,2114,40,0,0
0,1,0,0,31,0,448,0,0
5,0,1,1,51,423,236,1,0
0,1,0,0,32,112,118,0,0
0,0,1,1,57,2155,144,2,0
0,0,0,0,58,911,49,0,0
9,2,0,0,42,364,52,0,0
1,1,0,0,31,932,169,0,0
3,1,-1,0,53,160,589,0,0
1,0,1,0,43,307,145,0,0
10,1,1,0,21,71,169,0,0
3,1,1,1,28,352,125,0,0
5,1,1,0,31,507,65,3,0
0,0,0,0,39,1836,902,0,0
6,0,1,0,34,135,109,0,0
0,1,0,0,36,20,766,3,0
6,1,1,0,32,0,99,0,0
5,0,1,0,41,158,250,4,0
7,1,0,0,36,2000,94,0,0
0,1,0,0,28,0,94,0,0
5,0,1,0,30,1165,98,0,0
1,1,0,0,41,431,196,5,0
5,0,1,0,51,73,195,0,0
0,1,1,0,27,967,162,0,0
3,0,1,0,49,3728,1060,0,0
6,0,1,0,31,-327,408,0,0
3,0,1,1,40,503,24,0,0
3,2,2,0,45,2702,110,0,0
5,0,1,1,48,1131,49,0,0
1,0,1,0,43,221,73,0,0
1,1,1,0,30,86,45,0,0
5,0,1,0,45,1435,257,0,0
1,0,0,0,31,442,244,0,0
6,0,1,0,38,0,121,0,0
0,0,0,0,37,5205,493,0,0
1,2,1,0,38,1559,22,10,0
3,0,2,0,49,902,210,0,0
3,0,1,0,38,1407,169,7,0
0,0,0,0,40,526,113,0,0
0,0,0,0,36,0,139,0,0
0,0,0,0,42,1205,376,0,0
3,0,1,0,25,-102,466,0,0
6,0,1,0,35,-371,358,0,0
1,2,0,0,46,147,189,0,0
2,0,1,0,43,0,113,0,0
1,1,1,1,40,3,154,9,0
5,2,0,0,39,1176,327,0,0
1,1,1,0,31,0,18,0,0
1,1,0,0,32,1068,175,0,0
2,0,1,0,57,666,138,0,0
5,1,1,0,47,3696,758,0,0
3,0,2,0,38,1455,101,2,0
1,1,0,0,32,178,159,0,0
5,0,1,0,50,1575,407,0,0
6,1,1,0,25,64,71,0,0
6,0,1,1,38,25,266,0,0
4,0,1,0,57,-133,197,0,0
1,0,1,0,33,1021,361,0,0
5,0,1,0,41,2,64,0,0
5,1,1,0,51,2685,78,0,0
3,0,1,0,24,1470,212,0,0
1,0,1,1,39,2765,116,0,0
1,0,1,0,46,6086,210,0,0
7,0,0,1,31,227,154,3,0
5,0,1,0,41,0,160,0,0
1,0,1,0,32,616,118,0,0
0,1,0,0,33,3170,246,0,0
3,0,2,0,38,0,732,0,0
3,0,1,0,42,30,366,0,0
1,0,1,0,30,1011,109,0,0
3,0,1,0,39,98,119,0,0
1,1,1,0,29,740,194,0,0
3,0,1,0,33,23,173,0,0
3,0,1,1,45,146,22,0,0
6,1,1,1,34,2257,568,0,0
3,0,1,1,26,1128,111,0,0
6,0,2,0,49,0,127,0,0
0,1,0,0,32,438,318,0,0
2,2,1,0,36,2996,104,0,0
3,1,1,0,33,1211,39,4,0
1,0,1,0,55,2437,138,0,0
1,0,0,0,32,0,231,0,0
0,0,0,0,33,184,113,0,0
5,1,1,0,34,126,61,0,0
10,1,-1,0,36,386,359,0,0
6,0,1,0,53,2719,80,0,0
1,0,1,1,37,1578,85,0,0
3,0,2,0,50,0,503,2,0
5,0,1,0,37,1314,682,7,0
6,0,0,0,36,260,167,2,0
1,0,1,0,54,-258,65,1,0
0,1,0,0,31,44128,74,0,0
0,0,0,0,35,-4,129,0,0
7,0,1,0,54,9,113,0,0
0,1,0,0,28,672,174,0,0
3,0,2,0,52,522,298,0,0
0,0,0,0,34,834,182,0,0
3,0,-1,0,42,1323,19,0,0
3,0,1,0,33,798,337,0,0
0,0,0,0,49,2809,152,0,0
1,0,1,0,38,258,181,0,0
0,1,0,0,41,2408,122,0,0
3,0,1,0,32,-667,152,1,0
7,0,2,0,48,1204,53,0,0
3,0,1,1,60,0,124,0,0
6,0,2,0,30,997,76,0,0
1,1,0,0,44,900,322,0,0
5,0,1,0,40,538,167,0,0
3,1,1,0,30,1472,769,0,0
4,2,1,0,57,39,354,0,0
3,0,2,0,31,554,317,5,0
3,0,1,0,32,290,150,0,0
1,2,1,0,44,65,148,0,0
0,0,0,0,45,-61,90,1,0
3,2,2,0,39,1317,543,4,0
9,0,2,0,50,0,179,0,0
7,0,0,0,36,107,146,0,0
8,0,2,0,28,7459,981,2,0
6,1,1,0,29,566,127,0,0
4,0,2,0,59,3079,19,0,0
3,0,2,1,49,2481,53,0,0
5,1,1,0,29,2768,69,4,0
3,0,2,0,53,57,4,0,0
0,0,0,0,40,7780,364,1,0
7,0,1,1,34,179,137,0,0
9,1,1,0,35,1015,406,0,0
1,1,1,0,51,8538,126,0,0
0,0,1,0,31,2019,380,0,0
0,1,0,0,34,966,204,0,0
0,0,0,0,43,2640,314,0,0
9,0,1,0,53,637,150,0,0
3,0,1,0,30,61,525,0,0
7,1,1,0,36,245,8,0,0
3,0,1,0,43,1109,115,2,0
4,0,0,0,60,2557,415,0,0
1,1,0,0,53,1,190,0,0
7,0,1,0,34,173,36,0,0
2,0,1,0,33,-122,123,0,0
3,0,1,1,31,658,268,1,0
6,0,0,0,35,4564,45,0,0
3,1,1,1,27,1279,450,0,0
6,1,1,0,32,310,144,0,0
4,0,1,0,58,8332,740,0,0
1,1,1,0,42,541,656,0,0
0,1,0,0,28,187,206,1,0
6,0,-1,0,37,-224,332,0,0
1,2,1,0,47,1851,140,0,0
1,1,1,0,24,403,247,0,0
6,0,0,0,30,1019,155,1,0
8,1,2,0,35,68,175,0,0
10,1,1,0,28,1925,139,3,0
3,1,1,1,36,1012,399,0,0
1,0,0,1,51,1537,400,0,0
3,2,2,1,40,548,324,0,0
6,2,1,1,52,43,131,0,0
3,1,1,1,36,366,1133,0,0
1,0,1,1,41,2576,296,11,0
3,1,-1,0,33,12,241,0,0
3,0,1,0,33,489,552,1,0
3,0,2,0,42,223,41,0,0
5,0,1,0,31,752,178,0,0
5,0,1,0,60,1538,352,0,0
6,1,1,1,23,-39,142,0,0
3,0,1,0,48,292,271,1,0
3,1,1,0,36,2235,287,0,0
6,0,1,0,36,84,206,0,0
6,1,1,0,24,-122,1000,0,1
5,0,1,0,49,284,131,0,0
5,0,1,0,33,13160,212,0,0
10,0,0,0,25,333,399,0,0
6,1,1,0,30,405,103,2,0
0,1,0,0,33,12,471,0,0
2,0,1,1,49,1916,281,0,0
5,1,1,0,48,-874,243,7,0
9,2,2,0,46,41,100,0,0
5,1,1,0,30,1249,220,0,0
0,0,0,0,36,2161,708,5,0
0,0,0,0,45,753,2870,0,0
6,0,1,0,43,278,14,0,0
3,1,1,1,27,228,186,0,0
9,0,0,0,35,11219,135,3,0
1,1,1,0,34,6053,26,0,0
1,0,-1,0,32,712,112,0,0
10,1,-1,0,27,468,270,0,0
6,0,1,0,27,1,528,0,0
3,0,2,1,44,-89,187,0,0
5,0,1,1,43,1807,711,0,0
1,0,1,0,46,0,161,0,0
1,0,1,0,41,2990,62,0,0
4,0,1,0,59,12438,91,0,0
-1,1,1,0,26,1187,44,0,0
3,0,1,0,24,272,105,2,0
1,1,1,0,29,1395,61,0,0
8,0,2,0,48,9622,787,0,0
5,0,1,1,31,728,104,0,0
10,1,0,0,23,1592,298,0,0
5,0,0,0,50,6574,495,3,0
5,0,1,0,45,358,134,0,0
3,0,2,0,34,12,61,0,0
2,1,1,0,33,339,212,0,0
1,0,-1,0,39,839,825,0,0
0,2,0,0,48,351,725,0,0
4,2,0,0,54,2682,334,0,0
3,0,1,0,29,577,501,10,0
3,0,2,0,45,959,463,0,0
0,2,0,0,46,665,158,1,0
3,0,1,0,30,658,99,1,0
8,0,0,1,35,259,229,0,0
0,1,0,0,38,8,219,0,0
3,1,1,1,32,-691,53,0,0
3,1,1,0,45,636,287,0,0
3,0,1,0,46,4646,33,1,0
6,0,1,1,31,238,156,0,0
0,1,0,0,32,1962,130,0,0
1,2,1,0,51,550,451,0,0
5,0,1,0,51,513,534,0,0
3,0,2,0,43,2901,179,0,0
10,1,1,0,24,493,85,1,0
10,1,2,0,19,0,72,0,0
3,0,1,0,48,705,108,0,0
3,0,1,0,35,1330,901,0,0
1,0,1,1,42,83,120,0,0
6,0,1,0,55,1695,69,0,0
6,0,1,1,33,255,588,2,0
5,1,1,0,40,0,341,0,0
3,0,1,0,47,2215,194,0,0
3,0,1,1,35,209,66,0,0
0,0,0,0,47,286,557,0,0
1,1,1,0,39,506,718,0,0
0,1,0,0,36,419,122,0,0
10,1,1,0,27,0,93,0,0
3,2,1,1,53,1912,210,2,0
10,1,-1,0,26,19,268,0,0
0,1,0,0,34,0,129,0,0
6,1,1,0,30,1649,206,0,0
5,0,1,0,30,0,127,0,0
3,1,0,0,31,403,356,0,0
4,0,2,0,64,5871,195,0,0
3,2,1,0,48,2071,127,0,0
1,0,1,0,48,1548,143,0,0
1,1,0,0,35,130,125,0,0
1,0,0,0,41,585,60,0,0
0,0,0,0,38,-299,86,0,0
1,0,0,0,26,192,116,0,0
3,0,2,0,40,117,215,0,0
1,0,1,1,42,2030,196,0,0
0,0,0,0,36,105,76,0,0
1,1,1,0,33,329,137,0,1
0,0,0,0,34,775,210,0,0
4,0,0,0,70,15834,172,1,0
3,0,1,0,47,668,230,2,0
1,0,0,0,33,148,15,0,0
0,2,-1,0,47,184,144,0,0
8,0,1,0,52,94,293,10,0
5,1,1,0,33,5,934,2,0
0,0,0,0,54,500,56,0,0
5,1,1,0,34,69,92,4,0
0,0,0,0,57,561,21,0,0
2,0,2,0,41,759,79,0,0
2,0,1,0,36,13,98,0,0
2,0,0,1,42,337,63,0,0
5,0,1,0,47,1383,460,0,0
0,1,0,0,32,2974,227,1,0
1,1,0,0,31,3222,175,0,0
0,0,1,0,32,134,181,0,0
6,0,2,1,44,440,249,0,0
6,0,1,0,44,0,160,0,0
4,0,1,1,55,4194,208,0,0
3,0,1,0,35,765,418,0,0
6,0,1,1,32,1844,168,0,0
3,2,1,0,33,176,157,0,0
4,0,1,0,63,1495,389,4,0
5,1,1,0,36,1328,69,0,0
7,1,0,1,60,179,79,0,0
1,1,1,0,24,288,185,0,0
9,0,2,0,59,0,307,0,0
4,0,1,0,63,1486,698,3,0
0,0,0,0,34,0,81,0,0
0,2,0,0,48,84,14,5,0
3,0,1,0,56,1255,145,0,0
9,2,2,0,55,0,398,0,0
7,1,1,1,31,148,232,4,0
0,0,0,0,47,1122,956,0,0
3,1,1,0,30,99,572,0,0
7,0,1,0,39,254,292,0,0
5,1,1,1,48,479,533,0,0
3,0,1,0,52,3429,516,0,0
5,0,1,1,36,0,94,0,0
3,0,2,0,56,2324,132,0,0
3,0,2,0,58,9200,233,0,0
5,1,0,0,32,8866,278,0,0
0,1,0,0,30,20580,116,0,0
4,0,1,0,60,263,317,2,0
1,0,1,1,34,945,181,0,0
2,0,2,0,45,488,90,0,0
1,1,0,0,29,2178,260,1,0
1,0,1,0,60,2041,108,0,0
4,0,1,0,66,0,189,0,0
5,2,1,0,42,146,148,0,0
10,1,2,0,26,114,226,0,0
3,0,1,0,48,2083,88,0,0
5,0,1,1,50,1114,298,0,0
5,0,1,0,47,73,57,0,0
4,0,2,0,84,1791,62,0,0
6,0,1,1,50,2362,59,0,0
3,2,2,0,46,2870,52,0,0
1,2,1,0,45,-14,292,0,0
0,1,1,0,33,20600,125,0,0
1,0,1,0,34,2,324,0,0
6,1,1,0,38,0,166,0,0
3,0,1,0,43,490,216,2,0
0,0,0,0,39,514,155,0,0
6,2,1,0,56,191,335,0,0
1,1,1,0,30,1534,596,0,0
1,1,0,0,27,434,127,0,0
9,0,0,0,54,440,89,0,0
2,0,1,0,38,2139,576,0,0
0,0,0,0,54,3020,106,0,0
4,0,2,1,55,386,136,0,0
4,0,1,0,53,303,593,0,0
-1,0,-1,0,46,677,722,0,0
8,1,0,0,47,44,374,1,0
0,1,0,1,41,3371,204,0,0
1,2,1,0,53,281,171,9,0
3,0,2,0,53,252,727,0,0
1,1,1,0,33,930,163,1,0
3,0,2,0,54,2584,387,0,0
6,0,1,0,33,-232,208,0,0
3,0,2,0,32,-175,116,0,0
0,0,0,1,31,3914,266,0,0
3,0,2,0,30,4,32,0,0
9,0,2,0,51,289,97,0,0
4,1,2,0,83,1965,1003,0,0
1,0,1,0,41,501,579,0,0
5,0,1,0,39,260,175,2,0
6,1,1,0,28,341,437,3,0
1,2,1,0,36,1285,230,0,0
0,2,1,0,40,-626,140,0,0
0,0,0,0,58,44,288,0,0
4,0,1,0,53,1300,420,0,0
5,0,1,1,51,-267,91,0,0
3,0,1,1,49,-202,608,5,0
0,1,0,0,37,331,94,0,0
9,0,-1,0,60,5421,458,0,0
1,0,1,0,55,0,248,0,0
0,0,2,1,44,5418,188,5,0
0,0,0,0,33,2213,240,9,0
3,0,2,1,37,153,15,0,0
5,0,0,0,41,96,269,0,0
0,1,0,0,30,1289,489,0,0
5,2,1,0,57,1878,219,0,0
0,1,0,0,30,1435,104,0,0
3,0,2,0,39,295,38,0,0
5,0,0,1,34,69,120,6,0
6,0,1,1,50,961,757,0,0
3,0,-1,0,49,1944,773,0,0
3,0,1,0,47,-614,118,0,1
7,0,1,0,33,409,165,4,0
0,1,1,1,33,239,47,0,0
6,1,1,0,30,732,358,0,0
9,2,1,1,48,-621,552,0,0
6,0,1,0,29,317,229,0,0
5,1,1,0,31,131,151,0,0
5,0,1,0,53,7598,27,0,0
1,2,1,0,48,40,300,0,0
5,0,1,0,35,0,18,0,0
3,0,1,0,53,136,99,0,0
1,0,1,0,43,48,89,0,0
3,0,1,0,42,88,53,0,0
5,1,1,0,22,118,564,0,0
3,0,2,0,50,1179,30,0,0
0,0,0,0,45,-319,254,0,0
1,1,0,1,30,-970,194,0,0
2,1,1,0,36,475,141,0,0
3,0,-1,0,42,452,359,0,0
1,0,1,0,48,340,255,0,0
0,0,0,0,53,15,921,0,0
5,1,1,1,25,-7,30,0,0
3,0,1,0,32,5,269,0,0
1,0,0,0,37,1561,88,0,0
6,2,1,0,31,-274,283,0,0
3,0,2,0,45,1794,174,0,0
0,1,0,0,30,0,437,0,0
8,1,0,0,46,1808,221,0,0
7,1,0,1,28,226,191,0,0
0,0,1,0,57,0,157,0,0
8,2,1,0,43,1577,87,0,0
1,0,0,0,46,591,50,0,0
0,0,0,0,47,3663,364,0,0
0,0,0,0,33,322,77,0,0
0,0,0,0,49,942,8,0,0
1,1,1,0,35,70,197,2,0
9,0,1,0,47,3940,226,2,0
3,0,1,0,38,171,286,0,0
5,0,1,1,40,419,92,1,0
6,0,1,0,51,107,99,4,0
1,1,1,0,35,204,110,1,0
3,0,1,0,32,715,108,0,0
5,2,1,0,37,5768,297,0,0
3,0,1,0,42,5639,430,0,0
6,0,1,0,38,369,224,0,0
4,1,1,0,43,53,305,0,0
3,0,1,0,44,3813,771,0,0
4,1,2,0,77,300,511,0,0
3,0,2,0,37,397,13,0,0
0,1,1,0,39,120,66,0,0
3,0,2,0,55,1086,146,2,0
0,1,0,0,36,876,241,0,0
5,2,1,0,37,506,446,1,0
1,0,1,0,35,545,1579,4,0
6,2,1,0,43,-145,68,0,0
1,2,0,0,38,1425,347,0,0
4,0,2,0,72,2079,100,3,0
0,0,0,1,43,2450,124,0,0
3,0,2,0,42,718,556,0,0
2,1,1,1,42,1049,180,0,0
10,1,1,0,24,1809,165,2,0
2,0,0,0,45,1503,212,0,0
5,0,1,0,31,297,357,0,0
1,0,0,0,45,12766,129,0,0
0,2,0,0,41,3355,181,1,0
3,0,2,0,35,-167,195,1,0
1,0,1,0,32,-95,935,0,0
0,0,0,0,38,-34,131,0,0
0,0,2,0,33,142,87,1,0
8,1,2,0,29,1374,309,4,0
1,0,1,0,34,1234,106,6,0
1,1,0,0,31,3729,192,0,0
0,1,0,0,34,0,93,0,0
5,2,1,0,45,1126,172,0,0
1,0,0,0,45,5110,341,0,0
3,0,2,0,37,240,259,2,0
6,1,0,0,30,3516,447,0,0
3,1,1,0,30,23,36,0,0
0,0,0,1,29,85,26,0,0
1,1,0,0,33,2024,109,0,0
1,1,0,0,29,940,757,1,0
6,1,0,1,29,737,499,1,0
5,0,2,0,48,3,148,0,0
3,1,1,1,25,218,448,0,0
3,1,1,0,28,369,411,0,0
5,1,1,0,43,-497,234,0,0
6,0,1,1,50,5,196,0,0
3,0,2,0,55,-268,160,0,0
3,0,2,0,39,2615,88,0,0
2,1,0,0,31,46,90,0,0
5,1,1,1,28,0,390,0,0
7,0,0,0,32,14522,221,0,0
1,1,0,0,33,6127,127,0,0
5,1,1,0,32,154,135,2,0
10,1,0,0,31,479,72,0,0
1,1,0,0,33,99,296,0,0
3,0,2,0,59,2814,81,0,0
0,1,0,0,33,2302,115,0,0
1,0,1,1,50,213,87,0,0
6,0,1,1,32,4885,400,0,0
4,0,1,0,63,588,143,0,0
0,0,0,1,53,761,85,0,0
3,1,1,0,30,103,2053,1,0
1,1,0,0,29,1221,72,0,0
3,1,1,0,32,-83,116,0,0
3,0,1,0,45,-104,33,0,0
4,0,1,0,58,610,651,0,0
2,0,0,1,44,-1,63,0,0
5,0,1,0,39,0,106,0,0
6,0,1,0,48,22,429,0,0
6,0,1,0,52,992,424,1,0
0,1,1,0,33,-174,156,0,1
3,2,1,0,47,65,205,0,0
0,2,1,0,48,1598,84,0,0
3,0,1,1,31,864,127,0,0
1,0,1,0,45,1240,269,0,0
6,0,1,0,37,655,272,2,0
6,0,1,0,43,488,8,0,0
4,0,2,1,53,17,104,0,0
3,0,1,0,58,0,27,0,0
0,0,0,0,35,71,510,0,0
3,2,1,0,41,-274,279,0,0
1,0,1,0,49,412,1293,0,0
7,0,1,0,45,3098,159,0,0
6,0,1,1,45,1343,220,0,0
3,0,1,0,44,1495,82,1,0
1,0,1,0,51,-153,72,4,0
4,0,-1,0,92,775,313,0,0
1,1,1,0,34,2178,41,0,0
2,1,0,1,39,243,128,1,0
0,0,0,0,44,7177,89,0,0
0,1,0,0,39,668,297,0,0
6,1,0,0,29,2564,306,0,0
1,1,0,0,28,4987,253,0,0
7,0,2,0,44,414,138,2,0
8,0,0,0,35,816,547,0,0
9,0,2,0,56,1168,673,0,0
4,0,2,0,53,0,123,0,0
0,0,0,0,31,18,72,0,0
3,0,1,0,58,2146,206,0,0
7,0,2,0,40,771,166,0,0
1,0,1,0,33,889,139,0,0
9,0,2,0,42,4279,97,1,0
5,0,1,0,45,857,169,20,0
7,0,1,0,56,1113,138,0,0
0,1,0,1,48,3713,157,0,0
1,1,-1,1,24,818,953,0,0
1,0,1,1,35,374,72,0,0
7,0,1,0,42,3211,87,1,0
1,1,1,0,34,27446,203,0,0
1,1,0,0,27,535,446,0,0
4,0,1,0,54,763,389,0,0
0,0,1,0,34,355,314,0,0
5,0,1,0,42,16517,549,4,0
1,1,1,0,36,1614,164,0,0
6,0,1,0,58,8136,314,0,0
6,0,1,0,50,0,35,0,1
0,0,0,1,59,833,311,0,0
4,1,0,0,36,1514,387,0,0
1,0,1,0,33,1234,109,1,0
1,1,1,1,33,3059,482,0,0
8,1,1,0,42,714,145,0,0
6,0,2,0,59,31,41,0,0
1,1,1,0,30,102,614,0,0
7,2,1,0,53,1287,12,0,0
3,0,1,0,35,625,267,0,0
3,2,2,0,52,1758,41,0,0
10,1,1,0,33,706,291,0,0
3,0,1,0,28,-25,58,0,0
1,1,1,0,40,8259,254,0,0
7,0,1,1,40,1516,373,0,0
6,0,1,0,37,1140,33,0,0
1,0,1,1,43,69,304,1,0
2,2,0,0,52,3975,116,0,0
3,0,2,0,46,859,9,0,0
6,0,1,0,49,220,93,0,0
0,0,0,0,60,3401,294,1,0
3,1,1,1,44,712,740,0,0
1,0,1,0,40,240,68,0,0
3,0,1,1,35,205,1313,1,0
9,0,2,0,52,0,235,0,0
5,1,1,0,38,144,177,0,0
5,0,1,0,42,0,72,2,0
10,1,1,0,19,4,114,0,0
4,0,1,0,57,256,198,0,0
3,1,2,0,26,93,43,0,0
1,1,1,0,32,-420,586,0,0
0,0,1,0,45,38,159,2,0
0,1,0,0,33,47,203,0,0
5,1,1,0,26,140,103,0,0
1,0,1,0,40,109,402,0,0
-1,0,-1,0,45,1979,76,0,0
3,0,-1,0,55,1665,89,0,0
0,2,0,0,50,0,154,0,0
0,1,0,0,29,726,200,0,0
7,0,0,0,31,1194,50,0,0
3,0,1,1,39,167,612,0,0
5,1,0,0,26,760,456,5,0
3,1,1,0,32,5252,1162,0,0
2,0,0,1,33,127,279,0,0
0,0,0,1,36,849,958,0,0
0,0,0,0,35,0,484,0,0
3,1,1,0,25,-250,456,0,0
3,1,1,0,30,397,536,0,0
3,0,1,1,34,634,737,0,0
5,0,1,0,38,281,235,2,0
1,1,1,0,27,740,294,0,0
6,0,1,0,36,0,843,0,0
7,0,0,0,57,350,132,3,0
1,0,1,0,59,2613,79,0,0
1,1,0,0,31,1527,140,0,0
5,1,0,0,32,89,435,0,0
0,0,0,0,61,13546,318,3,0
3,2,1,0,55,4053,113,2,0
0,1,0,0,40,326,64,0,0
5,2,1,1,46,2515,65,0,0
6,0,2,0,40,1082,854,0,0
6,0,1,1,39,25,658,3,0
1,0,1,0,35,-78,102,0,0
3,0,1,0,44,2523,1236,0,0
7,0,0,0,53,687,319,0,0
6,0,-1,1,27,-209,128,0,0
6,2,1,0,55,218,200,0,0
6,0,1,0,34,205,312,0,0
1,0,1,0,47,232,208,0,0
1,1,1,0,38,12926,271,1,0
0,0,0,0,30,1077,124,0,0
5,1,0,0,37,224,128,0,0
3,0,1,0,41,780,432,0,0
5,2,0,0,41,-298,397,0,0
1,1,1,0,30,925,240,0,0
8,0,2,0,36,2347,5,0,0
6,2,1,0,30,341,478,0,0
7,0,2,0,32,102,560,0,0
3,2,-1,0,44,284,167,5,0
5,0,1,1,47,1863,151,0,0
5,1,1,0,29,390,137,0,0
0,0,-1,0,33,18347,415,0,0
0,0,0,1,50,19,205,0,0
8,0,2,1,47,122,240,0,0
1,1,1,0,38,2751,185,0,0
1,0,1,0,40,1076,326,0,0
0,0,1,0,64,1646,68,0,0
0,1,0,0,30,1692,251,0,0
0,0,0,0,52,7135,1032,0,0
5,1,1,0,24,1725,59,0,0
3,0,2,0,24,933,62,0,0
0,1,0,0,39,255,296,0,0
1,0,0,0,43,527,166,0,0
3,1,2,0,25,758,258,1,0
6,2,0,0,50,580,88,0,0
1,0,1,0,45,1732,163,0,0
0,1,0,0,39,168,56,0,0
0,1,0,0,32,1716,157,0,0
6,0,1,1,48,473,198,0,0
6,0,1,0,32,0,83,0,0
3,0,1,1,37,606,375,0,0
9,0,0,0,58,497,138,0,0
3,0,-1,0,52,-4,336,0,0
5,0,1,0,36,0,80,0,0
5,0,1,0,34,384,551,0,0
9,1,1,0,41,231,76,0,0
9,1,1,0,28,1,395,0,0
5,0,1,0,36,957,206,0,0
3,0,-1,0,40,928,53,0,0
8,0,1,0,42,8131,69,0,0
1,0,1,1,32,167,79,0,0
4,0,2,0,60,0,36,0,0
0,0,0,1,41,1715,695,0,0
3,2,1,0,34,-131,132,1,0
6,0,1,0,51,135,105,0,0
3,0,1,0,32,920,135,0,0
6,0,-1,0,40,0,66,0,0
0,2,0,0,54,0,276,0,0
5,1,0,0,42,168,295,0,0
4,2,1,1,54,451,42,5,0
6,0,1,0,55,96,340,0,0
8,0,0,0,55,4809,223,3,0
9,0,-1,0,39,9716,86,0,0
0,0,0,0,30,74,106,0,0
9,0,1,0,34,5,305,0,0
3,0,2,0,30,554,89,0,0
6,2,1,0,58,739,304,5,0
5,0,1,0,37,7,224,1,0
3,0,1,0,35,-461,339,0,0
0,0,0,0,32,2458,77,0,0
3,2,2,0,51,837,41,0,0
9,0,2,1,56,0,118,0,0
3,0,2,1,46,-169,109,0,0
5,0,1,0,35,437,123,0,0
7,0,0,0,46,291,105,0,0
3,0,2,1,45,194,81,0,0
3,0,1,1,38,22,353,0,0
5,0,-1,0,56,681,900,0,0
3,1,1,0,33,16649,173,0,0
4,0,1,0,56,1894,189,0,0
1,1,1,1,54,198,120,2,0
9,0,2,0,61,368,62,0,0
5,0,1,0,45,-405,189,0,0
0,2,0,0,35,500,177,1,0
3,0,2,0,32,2456,1151,0,0
0,1,0,0,33,59,215,0,0
5,0,2,0,50,495,93,0,0
3,0,2,1,36,356,692,4,0
1,1,1,0,30,363,136,0,0
0,0,0,0,51,385,39,0,0
1,0,1,0,41,128,100,0,0
0,1,0,1,30,0,350,0,0
3,1,2,0,33,777,263,0,0
3,0,2,0,28,-65,90,0,0
1,0,1,0,42,2152,361,2,0
10,0,1,0,28,0,201,0,0
0,2,1,1,47,3346,284,0,0
0,2,0,0,55,1598,607,0,0
-1,1,0,0,31,0,57,0,0
2,1,0,1,37,-274,237,0,0
0,2,0,0,48,541,72,2,0
0,0,0,0,29,620,72,0,0
9,0,2,1,51,382,56,0,0
1,0,0,0,46,2207,243,0,0
3,1,1,0,32,127,195,0,0
5,1,1,0,37,483,11,0,0
6,1,1,0,40,19343,168,0,0
7,1,0,1,31,917,367,0,0
3,1,1,1,26,-116,208,0,0
3,0,1,0,49,1946,192,1,0
10,1,-1,0,20,4137,55,0,0
1,2,1,0,36,3270,44,0,0
3,0,1,0,32,320,198,0,0
1,0,1,0,35,15474,89,2,0
5,1,1,1,31,483,159,0,0
9,2,0,0,36,7296,108,0,0
8,0,1,0,30,19,186,0,1
0,2,2,0,59,13308,131,0,0
0,2,0,1,47,0,203,0,0
1,1,0,0,30,411,127,2,0
1,1,1,0,36,-475,793,0,0
0,0,1,0,47,7,53,0,0
3,0,2,0,46,292,386,4,0
1,0,1,1,44,0,351,0,0
4,1,2,0,58,6570,106,0,0
1,0,-1,0,55,4746,288,0,0
3,0,1,0,29,201,180,0,0
5,1,0,0,29,4737,226,0,0
3,0,1,0,44,3610,23,0,0
5,0,1,1,51,771,143,0,0
4,0,1,0,56,646,164,0,0
7,0,0,0,36,980,349,8,0
5,1,0,0,25,1185,290,1,0
1,1,1,0,25,173,186,0,0
10,1,1,0,23,4409,299,0,0
6,0,-1,0,42,7482,126,0,0
4,0,1,0,60,0,408,0,0
0,2,0,0,59,1611,107,0,0
0,0,2,1,57,2538,485,0,0
3,0,1,0,45,103,48,0,0
5,1,1,0,50,5816,119,0,0
3,1,2,0,32,7,109,0,0
6,0,-1,0,51,6451,66,0,0
1,0,1,0,49,0,190,1,0
1,0,1,0,33,152,136,0,0
1,1,0,0,34,2671,119,0,0
3,0,1,0,29,-20,140,0,0
3,1,2,0,43,999,317,0,0
3,0,2,0,43,1620,121,0,0
3,0,1,0,42,1297,697,0,0
7,0,-1,0,43,6,365,0,0
0,1,0,0,26,1623,479,0,0
3,1,1,0,40,169,214,1,0
7,0,0,1,27,0,133,0,0
5,1,1,1,37,310,179,0,0
6,0,1,1,33,34,161,0,0
0,0,0,0,43,13015,56,0,0
7,0,1,0,33,49,170,0,0
0,0,0,0,30,69,42,0,0
5,1,1,0,32,2326,62,0,0
0,0,0,0,43,6,324,0,0
0,0,0,0,41,298,209,4,0
9,0,2,1,52,0,266,0,0
1,1,1,0,38,0,64,0,0
5,0,2,0,41,1314,159,1,0
1,2,1,0,50,636,127,23,0
1,1,0,0,28,11862,549,13,0
3,0,2,0,39,-50,100,0,0
3,0,1,0,31,335,226,0,0
1,0,1,0,38,226,762,0,0
5,2,1,0,54,912,258,0,0
0,1,0,0,51,1348,9,0,0
0,0,0,0,34,0,787,1,0
3,0,1,1,53,359,238,0,0
1,1,0,0,37,971,120,0,0
3,1,1,0,30,971,283,2,0
4,0,2,0,76,3324,227,1,0
6,1,1,0,25,192,232,0,0
0,0,1,0,46,174,157,0,0
4,0,0,0,71,653,367,0,0
3,0,2,0,29,-235,189,0,0
0,2,1,0,41,0,126,0,0
5,1,1,1,41,882,145,0,0
3,0,1,0,38,0,57,1,0
1,0,1,1,31,450,111,4,0
5,0,1,1,43,1996,34,0,0
3,2,2,0,44,-57,234,2,0
3,0,2,0,49,287,155,0,0
2,1,0,0,30,-63,94,0,0
5,2,1,0,38,673,429,3,0
4,0,2,0,71,4847,657,0,0
4,0,2,0,57,3594,162,0,0
5,0,1,0,40,334,84,0,0
0,1,1,0,32,416,268,0,0
6,1,1,0,27,683,44,0,0
6,1,0,1,32,143,115,0,0
0,0,0,0,51,-898,78,0,0
6,1,1,0,25,-268,264,0,0
1,0,0,0,33,575,76,0,0
2,2,2,1,33,596,308,1,0
3,2,2,0,52,1250,342,0,0
5,1,1,1,28,392,214,2,0
1,2,0,0,46,0,249,0,0
3,0,2,0,54,24,34,0,0
7,1,1,1,31,0,287,0,0
0,1,1,0,36,1331,77,1,0
7,0,2,0,35,1094,207,0,0
3,0,2,0,51,1016,78,0,0
5,0,1,0,45,0,108,0,0
-1,0,-1,0,34,4535,54,0,0
3,0,1,0,34,29,285,0,0
6,0,1,0,43,774,101,1,0
9,0,2,0,46,304,166,0,0
0,1,0,1,32,1344,63,0,0
8,0,0,1,52,2133,90,0,0
4,1,1,0,58,-158,55,1,0
5,2,1,1,32,138,158,0,0
0,0,0,0,46,51,39,0,0
1,0,0,0,55,639,992,3,0
5,1,1,1,58,247,66,0,0
1,1,0,0,30,2784,808,0,0
6,0,1,1,37,345,204,0,0
5,0,1,0,24,299,209,1,0
6,1,1,0,31,629,369,0,0
0,0,0,0,52,3754,127,0,0
1,0,1,0,29,2326,195,0,0
5,0,1,1,59,302,250,0,0
5,1,1,0,22,118,270,0,0
1,1,1,1,25,218,272,0,0
3,0,2,0,57,0,73,0,1
1,0,0,0,37,549,217,1,0
5,1,1,0,31,358,124,0,0
1,2,1,1,25,86,483,0,0
10,1,0,0,27,118,112,0,0
0,0,0,0,36,0,99,0,0
3,0,1,0,51,-286,70,0,0
4,0,1,1,56,3690,178,0,0
0,0,0,0,38,106,124,0,0
5,0,1,1,27,31,746,0,0
0,0,0,1,53,369,161,0,0
1,0,1,0,42,0,82,0,0
-1,0,-1,0,56,778,32,0,0
5,1,1,1,50,1318,146,0,0
5,2,1,0,44,0,57,0,0
9,0,2,0,41,1332,122,0,0
1,0,1,0,33,0,72,0,0
3,0,2,0,54,6812,108,0,0
10,1,1,0,26,0,610,0,0
9,0,2,0,59,500,94,0,0
5,2,1,0,41,3823,234,0,0
6,1,1,0,32,385,247,0,0
3,0,1,0,62,272,289,3,0
0,0,0,0,41,1391,537,0,0
7,0,2,0,42,3717,235,0,0
1,0,0,0,56,1663,22,0,0
4,0,1,1,54,-152,14,0,0
5,0,1,0,46,-236,217,0,0
1,0,1,0,35,1707,426,0,0
1,0,1,0,40,697,220,2,0
1,0,0,0,36,1327,174,0,0
1,2,1,0,48,485,84,0,0
5,1,1,0,34,892,177,1,0
3,1,1,0,35,142,266,1,0
1,0,1,0,33,9305,407,0,0
1,0,2,0,43,2586,354,0,0
3,0,2,0,52,4793,61,2,0
3,0,2,0,52,584,76,0,0
10,1,0,0,28,170,16,0,0
2,0,1,0,39,283,126,0,0
5,1,0,0,36,918,127,0,0
8,0,2,0,38,7005,696,2,0
0,0,0,0,54,588,327,0,0
3,2,1,0,34,0,150,0,0
1,0,1,1,35,4323,126,0,0
6,2,1,0,54,2398,73,0,0
5,1,1,1,30,-213,751,0,0
3,0,2,0,51,129,611,0,0
5,0,1,0,42,128,190,0,0
3,0,1,0,35,331,116,0,0
0,0,0,0,54,8509,147,0,0
1,0,1,0,30,9,129,0,0
6,0,1,0,25,4063,64,0,0
3,1,2,0,27,3955,205,0,0
0,0,0,0,35,231,139,0,0
3,2,1,0,33,474,400,0,0
1,0,1,0,33,277,155,0,0
3,0,2,0,53,238,238,5,0
3,1,1,0,30,79,125,0,0
6,0,2,0,49,61,246,0,0
0,0,0,0,57,350,87,0,0
0,1,0,0,34,13014,738,0,0
8,0,2,0,60,0,1193,1,0
1,1,1,1,24,393,714,0,0
0,0,1,0,56,230,73,0,0
2,0,0,0,54,11464,222,0,0
9,0,2,0,37,2410,315,0,0
6,0,1,0,34,1270,494,0,0
4,0,2,0,57,333,336,0,0
10,1,1,0,29,658,198,4,0
0,0,0,0,50,332,68,0,0
0,0,0,1,36,-861,53,0,0
1,1,1,1,33,1074,308,0,0
0,1,0,0,30,9634,402,5,0
5,0,1,0,38,-241,570,0,0
1,0,1,0,34,650,184,0,0
6,0,1,1,25,-282,198,0,0
1,0,0,0,32,2976,269,6,0
3,0,2,0,35,453,312,0,0
1,0,1,0,48,761,307,0,0
9,0,0,0,39,315,53,0,0
0,2,0,1,58,1266,164,0,0
5,0,1,0,38,0,599,8,0
3,1,2,1,27,68,50,0,0
4,0,0,0,56,5,122,0,0
0,1,0,0,31,0,76,0,0
0,0,0,0,34,815,161,0,0
1,0,0,0,37,122,266,3,0
0,0,0,0,31,4015,95,3,0
3,2,1,0,39,160,151,0,0
6,2,1,1,59,136,176,0,0
3,0,2,0,33,-542,116,0,1
0,0,-1,0,44,282,296,0,0
1,1,0,0,30,0,159,0,0
1,0,1,0,38,254,359,0,0
3,1,1,0,25,-375,61,0,0
3,0,1,1,34,808,20,0,0
3,0,1,1,31,3653,252,4,0
0,1,0,0,28,2725,292,1,0
-1,1,-1,0,29,209,346,0,0
1,0,1,1,37,344,56,0,0
6,1,1,1,33,329,227,0,0
5,2,1,0,37,673,509,0,0
7,0,0,0,60,3,80,0,0
1,0,2,0,43,321,12,6,0
0,0,0,0,33,1148,299,0,0
6,2,1,0,30,436,1720,0,0
3,0,1,0,51,701,1051,0,0
0,0,2,1,55,199,192,0,0
0,0,0,0,38,-562,206,0,1
1,0,1,0,52,981,43,0,0
5,0,1,0,35,3187,71,0,0
9,0,1,0,50,3016,65,0,0
3,0,1,0,37,1165,62,4,0
9,1,2,1,28,0,120,0,0
1,0,0,0,52,876,601,0,0
0,0,0,0,51,1212,184,0,0
4,0,2,0,59,0,460,0,0
3,0,1,0,40,125,119,1,0
5,0,2,0,37,3913,76,0,0
2,2,2,0,56,29,52,1,0
8,0,0,0,45,579,141,0,0
4,0,1,0,46,2396,307,0,0
1,0,1,0,33,5083,161,2,0
1,1,2,0,56,230,122,0,0
5,0,1,1,29,93,161,0,0
5,0,1,0,45,14902,31,0,0
9,1,1,0,45,5287,252,0,0
6,1,1,0,27,353,663,0,0
3,0,1,0,27,2171,130,1,0
3,1,2,0,36,367,217,1,0
0,1,0,0,32,2233,85,0,0
6,1,-1,0,25,342,281,0,0
1,0,1,0,41,2851,296,0,0
1,1,1,0,32,6402,628,0,0
1,0,1,0,48,10655,5,0,0
0,0,0,0,50,0,326,0,0
1,0,1,0,44,0,157,0,0
0,0,0,0,57,5431,97,0,0
5,2,1,0,31,-186,21,0,0
4,0,2,0,60,1664,142,0,0
3,0,2,0,42,-10,291,0,0
0,0,0,0,36,5057,70,10,0
5,2,1,0,31,308,194,0,0
3,0,1,0,52,7180,276,1,0
0,0,0,0,54,107,324,0,0
3,1,2,1,36,2491,168,0,0
8,2,2,0,45,757,103,4,0
0,2,0,0,52,0,335,0,1
0,1,0,0,33,0,116,0,0
0,0,0,1,40,-17,474,1,0
4,2,1,0,55,366,173,0,0
3,0,1,0,29,25,50,0,0
0,1,0,0,27,592,667,3,0
0,0,0,0,36,926,216,0,0
5,1,1,1,33,315,888,0,0
3,0,2,0,57,0,237,0,0
0,0,0,0,47,643,155,0,0
7,1,0,0,39,1132,216,0,0
0,0,0,0,38,1074,153,0,0
3,0,1,1,59,149,313,0,0
3,0,2,0,56,8163,1231,0,0
5,0,1,0,35,2321,306,0,0
0,0,-1,0,63,2352,475,0,0
1,1,1,1,25,139,202,1,0
9,0,2,0,46,17,72,0,0
1,1,1,1,32,0,135,0,0
5,1,1,0,32,1291,110,0,0
5,1,1,0,35,2452,91,0,0
4,0,2,0,88,648,318,0,0
0,0,1,0,65,587,223,0,0
7,0,0,0,45,35589,570,0,0
3,1,2,0,27,0,299,0,0
3,0,1,0,59,87,65,0,0
7,1,1,0,34,55,155,0,0
0,1,0,0,29,15459,264,0,0
10,1,0,0,31,4951,150,0,0
10,1,1,0,25,358,330,0,0
1,0,1,0,45,398,227,5,0
0,0,0,0,53,3366,278,2,0
8,1,1,0,30,2616,301,0,0
9,0,2,0,53,362,1169,0,0
3,2,1,0,40,0,21,0,0
0,2,0,0,44,409,333,0,0
3,1,1,1,25,94,22,0,0
10,1,1,0,27,81,238,0,0
1,2,1,0,35,-199,137,0,0
1,0,1,0,43,0,103,0,0
5,0,-1,0,38,28,725,0,0
7,0,1,0,35,598,245,0,0
0,2,0,1,29,415,449,0,0
8,1,0,0,34,415,123,0,0
1,1,1,0,28,-298,559,0,1
3,0,2,0,51,354,276,1,0
0,0,0,0,41,526,229,4,0
0,2,0,0,59,0,239,0,1
1,0,1,0,41,2490,115,0,0
0,0,0,0,30,1195,146,0,0
4,0,2,0,80,155,290,2,0
6,0,1,0,34,1314,124,0,0
1,0,1,1,47,2394,61,0,0
3,0,2,0,47,6150,444,2,0
4,0,2,0,57,3518,626,0,0
6,0,-1,0,41,1236,229,0,0
3,0,1,0,43,597,87,1,0
3,0,2,0,47,1112,129,0,0
9,0,2,0,60,517,1178,0,0
1,1,0,0,33,318,401,0,0
6,0,1,1,50,378,55,0,0
0,1,0,0,25,2305,222,2,0
7,0,0,0,59,10360,37,0,0
6,1,1,1,38,164,188,0,0
0,0,0,0,38,590,49,0,0
0,1,0,1,30,47,11,0,0
0,0,0,0,40,542,1816,0,0
0,1,0,0,37,553,63,0,0
6,2,1,0,46,755,246,0,0
5,0,1,0,37,536,328,0,0
3,0,1,0,44,1324,119,2,0
7,1,0,0,30,-174,80,0,0
2,0,1,1,33,-54,42,0,1
6,0,-1,1,42,-416,147,0,0
0,1,0,1,47,255,802,0,0
6,0,1,1,56,-229,55,0,0
2,0,0,1,44,468,289,0,0
0,1,0,0,26,2786,300,1,0
1,0,1,0,42,439,143,0,0
4,0,1,0,59,4457,127,0,0
0,1,0,0,32,2974,169,0,0
6,0,1,0,32,983,500,1,0
0,0,0,0,30,151,82,0,0
3,0,2,0,58,5188,606,0,0
5,0,1,0,44,0,85,0,0
5,0,1,0,31,1262,74,0,0
3,0,1,0,56,2409,173,0,0
0,2,0,0,53,627,102,0,0
0,0,0,0,33,0,60,0,0
1,0,1,1,45,2128,48,0,0
0,1,0,0,25,1259,85,0,0
2,1,0,1,32,1,411,0,0
9,2,2,0,51,336,105,0,0
0,0,0,0,37,287,94,0,0
3,0,1,0,54,5372,221,0,0
0,2,1,0,46,145,113,5,0
3,0,1,1,36,0,138,0,1
5,0,1,0,27,3,159,0,0
0,1,0,0,36,808,52,0,0
3,0,2,0,45,1992,163,0,0
3,0,-1,0,49,154,357,0,0
10,1,1,0,21,224,871,0,0
9,0,0,0,52,43,32,0,0
3,0,2,1,48,51,76,0,0
1,2,1,0,46,225,530,0,0
4,2,0,0,59,3444,241,0,0
6,0,-1,0,34,746,32,0,0
3,1,1,1,25,-187,275,0,0
2,0,0,1,53,624,180,0,0
1,1,1,1,27,126,436,0,0
0,2,0,0,40,37,412,0,0
3,0,2,0,57,696,89,0,0
3,0,1,0,36,219,47,0,0
0,2,0,0,59,0,196,0,0
1,0,1,0,50,2218,711,0,0
2,0,0,0,35,1859,227,0,0
0,0,0,0,39,1981,1026,0,0
0,1,0,0,37,35,34,0,0
9,0,0,0,47,1985,320,0,0
5,0,1,0,39,406,253,0,0
0,0,0,0,34,272,237,0,0
1,0,1,1,46,292,7,0,0
2,2,1,0,58,0,270,0,0
9,0,0,1,42,-560,630,0,0
0,0,0,0,56,94,530,0,0
4,0,1,1,52,2122,323,0,0
5,0,2,0,58,2232,219,0,0
4,0,2,0,70,3230,112,0,0
1,2,1,1,49,-54,214,0,0
5,0,2,0,35,-229,176,0,0
7,1,1,0,36,1295,1192,0,0
7,0,1,0,39,656,309,0,0
5,0,1,0,31,122,49,1,0
6,0,1,0,40,0,543,0,0
5,2,1,0,48,2662,298,0,0
7,0,0,1,53,337,80,0,0
5,1,1,0,35,2201,354,0,0
2,0,1,1,52,113,127,0,0
6,2,1,0,30,1336,13,5,0
6,0,1,0,55,752,204,0,0
0,0,0,0,49,350,238,0,0
6,0,1,1,46,53,31,0,0
0,0,2,0,50,0,264,0,0
0,0,0,0,56,0,844,0,0
1,0,1,0,36,30,111,0,0
5,1,1,1,59,-423,84,0,0
0,0,0,1,32,2737,44,1,0
0,1,0,0,37,10269,28,0,0
3,0,2,1,49,2356,236,0,0
0,0,0,0,31,0,215,0,0
10,1,0,0,25,1433,520,0,0
9,0,2,0,60,2580,15,0,0
7,1,0,0,31,14692,601,0,0
6,1,1,0,29,-453,213,0,0
6,0,2,1,52,3016,142,0,0
8,0,1,0,33,2,132,0,0
0,0,0,0,31,2652,9,0,0
5,1,1,0,27,4745,411,1,0
3,1,1,0,28,0,191,0,0
6,1,1,0,32,1153,340,0,0
0,0,0,0,42,11093,156,0,0
1,0,1,0,46,49,96,0,0
1,2,1,0,47,450,40,0,0
0,2,0,0,31,1804,206,0,0
3,1,1,0,32,623,539,0,0
4,0,2,0,55,3334,632,0,0
1,0,0,0,44,4580,911,0,0
6,0,1,0,27,8,88,0,0
5,0,1,0,28,1119,74,0,0
3,0,2,0,57,3498,210,2,0
0,0,2,0,58,1136,65,0,0
1,1,0,1,29,313,227,0,0
3,0,1,0,36,2627,94,0,0
2,1,1,1,35,475,936,0,0
5,1,1,0,30,40,382,0,0
1,0,1,0,44,331,256,0,0
9,0,2,0,43,25,121,0,0
0,1,0,0,31,354,502,2,0
5,0,1,0,55,356,554,0,0
3,0,2,0,59,6212,574,0,0
0,2,0,0,52,96,134,0,0
8,0,0,0,34,425,289,0,0
1,2,1,1,53,-896,452,0,1
2,0,0,0,56,693,89,0,0
0,0,0,1,33,2441,257,1,0
0,0,-1,0,78,1780,211,7,0
3,0,2,0,36,-79,159,0,0
3,1,2,1,32,23,160,0,0
5,1,1,0,57,738,490,1,0
7,0,1,1,60,18,399,1,0
6,0,1,0,36,472,1017,0,0
1,0,1,0,32,5122,31,0,0
3,1,1,0,35,510,81,0,0
3,0,2,0,47,-58,92,0,0
9,0,1,0,45,698,160,0,0
4,0,2,1,59,-266,266,0,0
2,1,0,0,30,216,182,0,0
4,0,2,1,55,628,123,0,0
0,0,0,0,33,418,159,0,0
3,0,2,0,58,189,119,0,0
1,1,1,0,33,177,293,0,0
6,0,1,0,34,-353,122,0,0
1,0,1,0,42,0,833,0,0
9,0,1,0,45,1041,238,0,0
0,2,0,0,35,808,89,0,0
0,0,0,0,50,-143,305,0,1
6,0,1,0,46,9077,427,1,0
0,0,0,0,30,1077,151,1,0
0,0,1,0,45,25,62,0,0
8,1,1,0,31,8,123,0,0
3,0,1,0,44,261,87,0,0
5,2,1,0,49,266,162,0,0
3,0,-1,0,35,1201,537,0,0
6,0,1,1,30,2261,250,0,0
3,1,1,0,42,382,294,0,0
3,0,2,0,49,408,559,0,0
7,0,0,1,41,-195,52,0,0
3,0,2,0,38,1401,516,0,0
3,1,1,1,41,98,180,6,0
5,1,1,0,32,2817,195,0,0
3,0,2,0,40,328,112,0,0
7,0,0,0,46,2303,241,0,0
6,0,1,0,51,325,123,0,0
0,1,0,0,30,44,82,0,0
10,1,0,0,30,3300,1571,0,0
3,0,2,0,40,2495,135,3,0
3,1,1,0,23,214,44,0,0
1,1,1,0,28,1241,343,0,0
7,0,0,0,40,2977,1018,0,0
7,2,1,0,48,7,633,0,1
10,0,1,0,31,147,456,0,0
1,0,1,0,49,6050,229,0,0
4,2,0,0,57,476,26,0,0
6,0,1,1,30,208,213,0,0
0,0,0,0,42,0,133,0,0
5,0,2,0,43,482,1041,0,0
0,1,0,0,35,1379,370,0,0
3,1,1,0,33,142,123,3,0
10,1,1,0,29,1093,368,0,0
8,0,-1,0,35,144,187,0,0
1,2,1,0,29,124,125,0,0
5,0,1,0,35,0,84,0,0
0,0,1,0,39,1880,768,0,0
1,1,1,0,30,19,16,0,0
0,0,0,0,45,-52,202,0,0
0,0,1,0,56,1928,61,4,0
-1,0,2,0,39,2860,133,0,0
0,0,0,0,42,-1485,221,0,0
3,0,2,0,37,3517,445,0,0
5,0,1,1,38,0,547,0,0
1,0,1,0,43,629,196,0,0
6,0,1,0,37,2678,156,0,0
1,0,1,0,33,3002,176,0,0
2,0,1,0,46,404,1388,2,0
5,0,1,0,48,191,238,0,0
9,2,-1,0,57,11632,71,0,0
0,1,0,0,32,6542,1598,5,0
3,0,2,0,56,309,198,4,0
3,0,1,0,38,2008,354,0,0
8,1,1,0,39,-53,189,0,0
5,0,1,0,65,11240,149,0,0
6,2,1,0,34,221,343,0,0
2,0,0,0,39,0,70,0,0
3,0,2,0,40,7831,78,0,0
1,1,1,0,35,144,163,0,0
9,0,1,0,26,-759,191,0,0
0,2,2,0,54,210,178,0,0
1,0,1,0,36,1319,264,0,0
6,0,1,0,29,30,74,0,0
0,0,0,0,52,6922,371,0,0
5,0,1,0,49,1788,274,0,0
0,2,-1,0,55,0,29,0,0
3,0,1,1,35,6411,144,2,0
3,0,1,0,55,212,324,0,0
1,1,1,0,42,1977,72,0,0
5,2,1,1,54,1383,622,0,0
3,0,2,0,38,6843,89,0,0
5,2,1,0,58,8548,175,0,0
3,0,1,0,43,30,60,2,0
1,2,1,0,33,0,224,0,0
3,0,2,0,58,3501,544,0,0
2,0,0,1,53,54,123,1,0
1,0,1,0,54,433,89,0,0
0,0,0,0,39,-606,142,0,0
3,0,2,0,58,0,181,0,0
4,0,2,0,40,658,132,0,0
1,1,0,1,32,-109,419,0,0
1,0,1,0,40,4298,221,0,0
3,0,1,0,48,0,112,0,0
1,0,0,0,36,202,206,1,0
5,0,1,0,52,0,161,0,0
7,0,0,0,42,10072,102,0,0
0,0,1,0,31,2294,483,0,0
7,0,0,0,59,593,64,0,0
5,0,1,0,28,0,47,0,0
0,0,0,1,44,474,183,0,0
3,0,1,0,63,180,390,5,0
0,1,0,0,40,1265,97,0,0
5,1,1,1,42,506,277,0,0
0,1,0,0,30,329,122,0,0
0,1,0,0,30,11278,256,0,0
0,0,1,0,54,2693,222,6,0
0,1,0,0,35,1496,73,0,0
3,0,1,1,34,-58,157,0,0
6,0,1,0,41,-111,21,0,0
3,0,1,0,55,1011,112,0,0
3,0,1,0,46,9347,138,1,0
1,1,1,0,40,872,71,0,0
3,1,1,0,29,208,249,0,0
6,0,1,0,48,801,80,0,0
3,0,1,1,46,125,119,0,0
6,0,1,0,39,1116,486,0,0
0,0,1,0,60,725,266,0,0
3,0,2,0,58,494,171,0,0
4,0,2,1,58,-235,93,0,1
4,0,1,0,57,455,361,0,0
7,0,0,0,49,8142,500,0,0
3,1,1,0,36,168,52,0,0
0,1,0,0,48,191,222,1,0
5,0,1,0,54,4943,145,0,0
1,0,1,1,47,-3,197,0,0
0,0,0,0,54,446,122,8,0
5,0,1,0,52,786,164,0,0
6,0,1,1,38,1,152,0,0
4,0,2,1,56,-123,146,0,1
6,2,1,0,46,0,1023,0,0
1,0,1,0,48,4265,220,0,0
3,1,1,0,26,2613,435,0,0
0,0,0,0,31,1331,182,1,0
5,0,0,1,28,174,56,2,0
0,0,1,0,51,1573,72,0,0
3,0,2,0,72,4415,120,0,0
5,1,1,0,43,1707,369,5,0
5,1,0,0,32,298,494,0,0
7,0,1,1,36,14,210,0,0
3,0,2,0,35,151,301,6,0
1,0,1,0,32,169,22,0,0
4,0,0,0,58,136,211,0,0
1,0,1,1,53,56,152,0,0
6,1,1,0,31,1192,156,2,0
0,0,0,0,34,2657,159,0,0
10,1,1,0,29,510,25,0,0
3,2,1,0,38,814,1166,3,0
1,1,1,0,43,336,181,0,0
1,1,0,0,26,170,486,0,0
5,2,1,1,50,3423,192,0,0
0,0,0,0,38,2548,60,0,0
1,0,1,0,40,4594,296,0,0
0,0,0,0,39,88,349,0,0
1,0,0,0,37,0,76,0,0
3,0,1,0,34,1226,86,0,0
3,0,2,0,42,1532,98,0,0
1,1,1,0,35,344,519,0,0
10,1,0,0,26,5741,327,0,0
9,0,1,0,39,365,274,0,0
5,2,1,0,32,714,221,0,0
6,0,1,0,33,0,264,0,0
0,1,1,0,46,295,141,0,0
1,0,1,0,42,682,285,0,0
6,0,1,0,38,775,1835,2,0
3,0,1,0,53,913,730,0,0
5,1,1,0,25,302,122,0,0
6,0,1,1,33,4789,220,4,0
1,1,0,0,39,2617,164,0,0
5,1,1,0,43,733,282,3,0
6,0,1,1,43,192,273,0,0
5,1,1,0,49,2040,204,0,0
-1,1,0,0,27,6421,315,4,0
0,0,0,0,50,782,335,0,0
0,0,0,0,59,2239,377,1,0
7,1,1,0,53,186,92,0,0
6,0,1,0,28,0,62,0,0
-1,0,2,1,49,341,520,0,0
6,1,1,0,35,5551,258,0,0
0,1,0,1,32,1160,450,0,0
6,0,1,0,46,561,84,7,0
3,0,1,0,38,961,346,0,0
0,0,0,0,56,746,193,0,0
0,2,0,0,54,496,161,3,0
1,0,1,0,45,0,68,0,0
4,2,1,0,60,514,263,9,0
1,1,1,0,51,527,197,3,0
0,0,0,1,46,39,64,0,0
5,0,1,0,59,1089,264,0,0
0,0,0,1,52,249,100,0,0
3,0,1,1,45,827,201,0,0
5,1,1,0,37,0,147,0,0
8,2,2,0,42,148,102,0,0
7,1,-1,0,48,0,453,0,0
5,0,1,1,52,1228,218,0,0
3,0,2,0,43,61,261,0,0
1,0,1,0,41,3275,121,1,0
6,1,-1,0,31,6145,70,0,0
8,0,2,0,56,107,149,0,0
1,0,1,0,40,1269,656,0,0
1,0,1,1,37,1047,151,0,0
0,0,0,0,40,324,208,0,0
9,0,2,1,46,312,137,0,0
3,0,1,0,38,-10,174,0,1
1,0,1,0,31,7369,204,0,0
0,1,1,0,32,86,78,0,0
6,0,1,0,35,1728,865,0,0
2,0,2,0,38,666,1452,0,0
4,2,1,1,61,410,470,0,0
0,0,0,0,33,191,1148,0,0
5,2,1,0,38,156,544,0,0
0,0,0,0,48,408,132,0,0
6,0,1,1,36,-27,151,0,0
8,1,1,0,32,5670,326,0,0
6,1,1,0,36,62,215,0,0
0,1,0,0,31,86,150,0,0
1,2,0,0,35,4515,98,0,0
5,1,1,0,42,1453,264,0,0
1,1,0,1,25,43,738,0,0
6,0,1,0,36,0,1093,0,0
1,1,0,0,39,0,147,0,0
1,0,1,1,32,268,102,0,0
0,0,0,0,29,991,109,0,0
6,1,1,0,27,70,170,0,0
5,1,1,0,29,454,127,0,0
5,1,0,0,28,832,433,1,0
3,0,1,0,28,110,420,0,0
1,0,1,0,41,77,56,0,0
1,0,1,0,33,14850,122,0,0
4,2,1,0,47,700,69,0,0
1,0,1,0,54,7252,139,0,0
0,2,0,0,50,810,91,3,0
6,0,0,0,38,1324,178,0,0
1,0,1,1,30,274,105,2,0
3,0,-1,0,31,-120,231,0,0
1,0,0,0,47,151,190,0,0
3,0,1,0,43,3060,253,0,0
2,0,0,0,32,964,370,0,0
0,1,0,0,35,2707,699,0,0
5,0,1,0,55,1633,210,2,0
0,1,0,0,28,204,247,0,0
0,2,0,0,49,1253,83,0,0
5,0,1,0,49,0,301,0,0
0,1,0,0,30,1541,471,0,0
3,1,1,0,33,697,860,0,0
1,0,1,0,29,0,83,0,0
6,0,1,0,48,533,63,0,0
3,1,2,0,33,910,42,0,0
3,1,2,0,27,-579,220,3,0
0,1,0,0,33,2637,583,0,0
4,0,1,0,70,1164,338,2,0
8,1,1,0,59,865,1086,0,0
5,1,2,0,36,-171,242,0,0
0,0,0,1,37,636,338,0,0
7,0,-1,0,58,1187,228,0,0
0,0,1,1,30,-559,531,1,0
3,2,2,1,58,474,85,0,0
5,2,1,1,41,1634,16,0,0
0,1,0,0,39,0,135,0,0
5,1,1,0,27,662,544,0,0
5,0,1,0,37,439,321,0,0
1,1,1,0,32,1179,116,0,0
0,2,0,0,58,1533,137,0,0
6,0,1,1,39,18,155,2,0
0,0,0,0,30,-250,11,0,0
1,2,1,0,35,0,262,0,0
1,0,1,0,57,16063,352,0,0
1,0,1,0,31,465,259,0,0
1,0,1,0,36,1345,82,3,0
4,0,2,0,58,5092,199,0,0
1,0,1,0,36,318,295,0,0
8,0,-1,0,56,846,213,0,0
5,2,1,1,44,145,672,0,0
5,0,1,0,32,0,209,0,0
3,1,1,0,33,231,466,0,0
4,2,2,0,55,925,254,0,0
2,1,0,0,32,59649,69,0,0
7,0,0,0,37,2211,143,0,0
3,2,2,0,48,0,248,0,0
0,0,1,0,57,7162,83,0,0
0,0,1,1,48,-876,6,0,0
3,2,2,0,40,0,962,0,0
0,2,1,0,60,151,160,0,0
1,1,1,0,28,527,161,1,0
3,0,1,1,47,232,90,0,0
5,0,1,0,45,524,808,0,0
6,1,1,0,30,484,356,0,0
6,0,1,0,38,1616,168,3,0
5,2,1,0,31,824,32,0,0
5,0,1,1,35,69,235,0,0
9,1,1,1,56,68,85,0,0
7,1,0,0,36,0,204,0,0
3,0,2,1,31,3,143,0,0
0,1,0,0,33,0,291,0,0
1,2,1,0,33,273,181,1,0
7,0,2,0,37,0,112,0,0
1,2,1,0,55,35,126,0,0
0,0,0,1,55,0,187,0,0
6,0,1,0,48,6127,97,0,0
4,0,1,0,75,3771,186,1,0
1,0,1,0,49,2,177,0,0
0,0,0,1,30,593,412,0,0
0,1,0,0,28,207,129,4,0
5,1,1,0,26,94,171,0,0
5,1,1,0,27,4590,75,2,0
4,0,1,1,57,0,104,0,0
0,0,1,0,51,2604,64,0,0
3,0,2,0,39,879,102,0,0
0,2,1,0,51,2843,97,0,0
10,1,-1,0,20,179,196,3,0
4,0,0,0,58,2084,75,0,0
8,0,1,0,32,314,18,10,0
6,2,1,0,60,1608,186,0,0
3,0,2,0,35,229,103,0,0
1,1,1,0,51,4089,318,0,0
6,0,1,0,44,1864,10,0,0
3,0,1,0,32,419,56,0,0
6,0,1,0,33,288,306,0,0
5,1,1,0,30,4925,86,0,0
1,0,1,1,27,1577,266,0,0
3,0,2,1,47,3451,125,0,0
1,1,0,0,33,2164,8,0,0
3,0,2,0,39,1,165,2,0
3,0,1,1,37,-4,381,0,0
0,0,0,0,59,5956,541,0,0
0,2,0,0,54,432,160,0,0
3,0,1,0,40,-60,250,0,0
1,0,1,0,37,523,171,4,0
6,0,1,1,53,367,284,0,0
1,0,1,0,52,118,16,0,0
0,2,0,0,34,2240,220,3,0
10,1,1,0,26,5296,127,0,0
0,0,0,0,49,0,209,0,0
3,0,2,0,35,198,471,0,0
6,1,1,0,31,203,442,0,0
0,0,0,0,30,2451,191,1,0
1,0,1,0,34,1,535,0,0
3,2,2,0,59,153,268,0,0
6,1,-1,0,33,523,86,0,0
3,0,1,0,26,3108,481,0,0
1,2,1,1,50,-701,148,0,0
10,1,0,0,28,22,536,0,0
3,0,1,0,39,648,85,1,0
4,2,1,0,59,337,118,0,0
0,2,-1,0,38,488,238,0,0
0,0,0,0,33,299,378,0,0
3,0,1,1,49,1230,167,3,0
10,1,1,0,24,3176,108,0,0
3,0,1,0,31,60,215,0,0
0,0,0,0,42,263,254,0,0
7,1,0,0,37,1004,377,0,0
9,0,1,0,46,505,26,0,0
4,0,1,0,57,1230,78,0,0
3,0,1,0,34,0,111,0,0
4,0,0,0,62,2557,211,7,0
0,2,0,1,42,-259,149,0,0
3,0,-1,0,58,1496,114,0,0
1,0,1,0,51,2242,498,0,0
1,0,1,0,40,694,107,11,0
9,0,1,0,40,949,182,0,0
3,2,2,1,56,-9,728,0,0
0,0,1,0,37,565,449,1,0
3,0,2,0,33,332,116,0,0
0,0,0,0,36,3839,146,0,0
3,0,2,0,56,246,438,0,0
6,1,1,0,29,271,1882,0,0
3,0,2,0,48,816,114,0,0
10,1,2,0,20,825,27,0,0
2,0,0,0,37,4798,156,0,0
10,1,1,0,31,368,81,0,0
6,1,1,0,36,568,140,2,0
0,0,0,0,34,1339,255,0,0
3,0,1,0,35,-613,754,0,0
1,0,1,0,47,356,44,0,0
0,2,0,0,48,5978,58,0,0
5,0,1,0,40,1614,338,0,0
0,0,0,0,58,4606,601,0,0
6,0,1,1,25,806,193,0,0
3,0,1,1,26,1028,431,0,0
7,0,0,0,54,990,244,0,0
1,1,-1,0,44,11115,189,4,0
3,1,1,0,28,476,306,0,0
0,0,0,0,31,596,192,0,0
1,1,0,1,33,109,601,7,0
0,2,0,0,33,348,71,0,0
1,0,1,1,55,6958,325,2,0
0,0,0,0,36,518,48,0,0
1,2,1,0,31,345,318,0,0
0,2,0,1,53,380,438,0,0
3,1,1,1,36,459,305,0,0
5,0,-1,0,42,756,116,0,0
0,0,0,0,29,900,275,0,0
0,0,0,0,36,2183,116,0,0
0,1,0,0,31,1539,107,2,0
-1,1,0,0,41,1567,291,0,0
0,1,0,0,31,499,122,0,0
5,2,1,0,46,0,149,0,0
0,1,0,0,28,1414,294,1,1
0,1,0,0,31,949,52,0,0
3,1,-1,1,33,129,192,0,0
3,0,1,0,32,112,311,1,0
3,0,2,1,36,4143,78,0,0
3,0,1,0,43,1205,769,0,0
0,1,0,0,36,112,83,0,0
0,0,0,1,44,0,70,0,0
5,0,1,1,42,0,58,0,0
0,1,0,0,36,247,354,0,0
1,0,-1,0,52,989,88,0,0
1,0,0,0,30,88,219,0,0
6,2,1,1,57,14,445,0,0
1,0,0,0,38,1,250,0,0
6,0,1,0,39,435,411,3,0
0,1,2,0,49,548,115,0,0
5,2,1,1,42,527,112,0,0
0,0,0,1,25,784,104,0,0
0,2,0,0,55,8044,175,19,0
6,0,1,0,40,1185,94,0,0
4,2,2,0,59,20,298,0,0
1,0,1,0,47,1740,502,1,0
4,0,2,0,46,-35,304,0,0
3,0,1,0,54,466,436,0,0
0,0,0,0,48,0,194,6,0
3,0,1,0,36,4986,139,0,0
0,2,0,1,46,-154,107,0,0
1,1,0,0,37,2642,591,0,0
3,0,1,0,35,1055,150,0,0
0,0,0,0,30,160,83,0,0
3,1,1,0,31,512,44,0,0
4,0,1,0,69,0,412,0,0
3,0,2,0,38,2407,218,0,0
5,0,1,0,41,14968,1360,0,0
3,1,-1,0,48,71,101,0,0
1,0,1,0,42,1812,84,0,0
1,0,-1,1,38,90,20,0,0
0,0,1,1,45,424,216,0,0
0,2,0,0,45,959,74,0,0
0,0,0,0,32,6274,500,0,0
5,1,1,0,46,13,71,0,0
0,0,0,0,32,1270,420,3,0
0,0,0,0,37,6771,319,0,0
0,0,2,0,51,33,624,0,0
3,0,2,0,34,503,120,0,0
0,2,0,1,54,0,88,0,0
0,1,0,0,48,8106,125,3,0
1,0,1,0,52,5006,112,0,0
5,2,1,0,38,3834,363,1,0
3,2,2,0,45,6,159,0,0
0,1,0,0,35,0,669,0,0
3,2,2,0,36,3202,290,0,0
6,0,1,0,39,3870,72,0,0
9,1,0,0,33,23663,199,2,0
0,1,0,0,26,157,78,0,0
6,0,1,0,41,1027,53,0,0
5,0,1,0,47,3960,110,0,0
0,1,0,0,56,3694,57,0,0
10,1,1,0,26,864,659,0,0
0,1,0,0,30,4,105,0,0
1,1,0,0,30,2530,70,0,0
3,0,2,0,23,1158,743,0,0
3,0,1,1,33,0,83,0,0
2,0,1,1,37,680,21,1,0
5,1,1,0,33,2554,125,15,0
5,0,1,0,36,0,117,0,0
5,0,1,1,40,0,57,0,0
0,2,0,1,52,-723,636,0,0
5,0,1,0,41,0,89,0,0
6,1,2,0,34,3648,288,0,0
0,1,0,0,30,140,186,0,0
10,1,1,0,22,722,108,0,0
2,0,0,0,38,170,442,0,0
0,2,0,0,51,1937,185,11,0
0,0,0,0,37,0,346,0,0
4,2,1,0,61,927,427,0,0
1,0,1,1,35,1067,179,0,0
3,0,1,1,33,-367,221,0,0
0,0,0,0,35,2088,457,0,0
5,1,1,1,42,150,135,0,0
0,0,1,0,41,611,38,1,0
1,0,1,0,40,336,156,0,0
0,2,0,0,56,505,108,3,0
1,1,0,0,30,53,155,1,0
3,0,1,0,49,1860,150,0,0
10,1,1,0,28,4716,329,0,0
5,0,1,0,50,1019,76,0,0
0,0,0,0,37,1639,207,3,0
3,1,2,0,29,-680,117,0,0
0,1,0,0,33,1439,178,0,0
6,0,1,0,49,3169,626,0,0
5,0,1,0,54,0,46,0,0
7,0,1,0,35,0,64,0,0
8,0,1,0,47,312,884,0,0
0,0,1,0,48,0,90,0,0
10,1,0,0,31,2010,15,1,0
9,0,2,1,40,84,428,0,0
5,1,1,1,43,375,163,0,0
8,1,-1,0,44,3938,200,0,0
3,0,2,0,49,6429,108,0,0
1,0,0,0,58,1692,517,0,0
6,1,1,0,43,3403,707,2,0
6,0,1,1,41,-700,309,0,0
0,1,0,0,30,697,215,5,0
5,0,1,0,42,2918,349,0,0
1,2,1,1,42,-78,10,0,0
6,1,1,0,44,1378,257,0,0
6,2,1,0,37,319,467,0,0
1,0,1,0,40,1819,398,0,0
3,0,1,1,36,801,250,0,0
8,0,2,0,48,1849,345,0,0
3,1,1,0,40,411,197,0,0
3,0,1,0,33,395,122,0,0
3,0,1,0,46,182,56,0,0
3,1,1,0,30,609,402,0,0
7,1,0,0,26,993,152,0,0
5,0,1,0,47,452,113,0,0
5,2,1,1,56,-429,120,4,0
3,0,1,0,45,554,179,0,0
6,0,0,0,33,85,262,0,0
0,1,0,0,34,575,116,0,0
3,1,1,1,39,369,224,0,0
3,0,2,0,30,2607,158,0,0
0,1,0,0,48,940,216,0,0
5,0,1,0,30,0,86,3,0
6,0,1,0,41,890,829,0,0
3,0,1,0,33,358,231,1,0
9,1,0,0,32,23663,103,0,0
4,2,1,0,70,6850,252,1,0
4,0,2,0,49,1672,128,0,0
1,0,-1,0,50,680,457,0,0
3,0,2,0,45,803,742,0,0
1,0,1,0,42,994,453,9,0
5,0,1,0,33,616,250,0,0
5,2,1,0,53,315,181,0,0
1,1,1,0,38,325,14,2,0
1,0,0,0,43,0,132,0,0
1,0,1,0,38,300,125,0,0
0,2,0,0,58,108,231,0,0
5,0,1,0,30,874,93,0,0
0,0,0,0,28,3844,132,0,0
3,0,2,0,39,1433,182,1,0
1,0,1,0,35,0,251,0,0
8,2,1,0,57,3,77,0,0
6,0,1,0,38,2669,208,0,0
9,0,2,0,58,2348,226,0,0
2,2,0,0,46,567,554,0,0
5,0,1,0,40,1535,704,0,0
3,0,2,1,53,787,119,0,0
3,2,1,0,35,336,191,2,0
6,2,1,0,37,241,189,1,0
9,0,1,1,50,1954,438,0,0
1,0,1,0,53,2191,99,0,0
3,0,2,0,41,362,326,0,0
0,1,0,0,29,872,173,0,0
6,0,1,0,48,2739,173,0,0
3,0,2,0,56,206,315,0,0
1,0,1,0,33,2376,278,0,0
0,0,0,0,46,740,462,2,0
0,0,0,0,50,2570,273,0,0
3,0,1,0,35,577,55,1,0
5,2,1,0,49,-73,31,0,0
6,1,1,0,33,489,297,1,0
1,0,0,0,35,1629,653,0,0
1,1,0,0,39,0,121,0,0
2,0,1,0,36,1163,420,1,0
0,0,-1,0,54,876,66,3,0
3,0,2,0,51,40,79,1,0
1,1,1,0,36,-15,341,0,0
0,1,0,0,31,0,185,0,0
7,0,2,1,52,-107,134,0,0
1,0,1,0,32,-71,78,0,1
1,2,1,0,43,87,130,2,0
3,2,2,0,56,190,15,9,0
1,0,1,0,40,335,140,0,0
1,0,1,0,30,3123,49,5,0
1,0,1,0,44,196,367,0,0
4,0,0,0,53,1778,186,0,0
3,0,1,0,33,842,111,0,0
3,2,2,0,46,-35,69,0,0
3,0,2,0,50,533,212,0,0
4,0,1,0,63,1612,233,0,0
3,0,1,0,42,375,99,0,0
0,1,0,0,49,580,310,0,0
6,0,1,0,41,804,127,0,0
7,1,2,1,52,217,193,0,0
4,0,1,0,59,6888,1025,0,0
0,0,0,0,41,5,178,0,0
6,1,1,0,43,532,216,0,0
1,1,1,0,29,-368,151,0,1
1,1,0,0,30,4561,103,0,0
0,0,-1,0,49,1401,300,0,0
5,1,1,0,33,0,32,0,0
1,0,0,0,30,179,111,0,0
5,0,1,0,50,-1415,358,0,0
5,1,1,0,20,66,75,0,0
3,0,1,1,38,1731,162,4,0
0,0,0,0,39,-4,358,0,0
6,0,1,0,34,302,124,0,0
3,1,1,1,27,1065,313,0,0
9,0,2,0,34,87,139,0,0
5,0,2,0,54,0,255,0,0
9,0,0,0,32,357,133,2,0
3,0,1,0,37,934,258,0,0
0,1,0,0,34,344,56,0,0
2,2,0,1,52,1089,216,0,0
3,0,2,0,47,1236,163,0,0
4,2,1,0,69,344,55,0,0
3,0,1,0,33,467,494,0,0
3,0,1,0,39,5222,102,0,0
3,0,1,0,33,745,115,0,0
0,0,0,0,43,3186,151,0,0
3,0,1,1,40,188,570,0,0
3,1,1,0,43,24,68,1,0
1,1,1,0,32,224,451,0,0
5,0,1,0,34,804,256,0,0
4,0,1,0,57,2714,106,0,0
0,0,0,0,30,913,341,0,0
5,1,1,1,32,5,110,0,0
1,1,0,0,41,145,1833,0,0
3,1,1,1,39,519,149,14,0
0,1,0,0,38,673,184,0,0
4,0,2,0,84,1702,185,0,0
5,0,1,0,27,3160,209,1,0
0,1,0,0,47,124,14,0,0
0,1,0,1,32,509,208,0,0
0,1,0,0,39,1682,174,0,0
3,0,1,1,33,-241,117,1,0
4,0,2,0,57,3123,178,0,0
1,1,1,0,34,1087,7,0,0
10,1,-1,0,27,6424,129,0,0
0,2,0,0,57,3287,277,1,0
8,0,1,0,26,285,265,2,0
1,0,1,0,43,310,291,0,0
3,1,1,0,45,-100,93,0,0
7,0,0,0,28,0,139,0,0
5,0,0,0,34,142,459,0,0
1,2,1,0,45,1309,298,2,0
10,1,-1,0,25,10788,102,2,0
0,0,0,0,57,2845,1143,0,0
8,0,1,0,46,2017,161,0,0
4,0,1,0,58,1402,111,0,0
5,0,1,0,37,3420,92,0,0
8,1,1,0,32,331,211,0,0
0,0,0,0,34,589,125,0,0
1,0,0,0,53,3177,92,0,0
6,0,1,0,40,51,50,0,0
0,1,1,0,30,-383,170,0,0
6,2,1,0,30,167,237,0,0
6,2,1,0,36,1594,250,0,0
3,0,2,1,51,-272,121,0,0
1,0,1,0,36,84,67,0,0
0,1,0,0,29,1895,97,0,0
1,1,1,0,28,769,153,2,0
6,1,1,0,24,414,493,1,0
8,0,-1,0,42,970,691,0,0
5,1,1,0,38,2345,174,0,0
3,0,1,0,33,0,831,0,0
0,0,0,0,37,-120,77,0,0
5,2,1,0,32,281,231,0,0
0,0,2,0,55,3293,64,0,0
4,2,2,0,54,52,184,0,0
9,0,0,0,37,0,97,0,0
3,0,2,0,57,1610,147,0,0
3,1,1,0,27,100,177,1,0
3,0,1,0,34,1464,207,5,0
5,0,1,0,33,1604,78,0,0
5,1,1,0,32,127,189,0,0
6,1,1,0,31,0,815,0,0
5,1,0,0,33,146,380,3,0
3,0,2,0,39,1411,625,0,0
6,0,1,0,36,0,456,0,0
3,2,1,0,50,41,190,0,0
6,1,1,0,32,486,1181,0,0
0,0,0,0,39,47,84,0,1
0,2,1,1,60,773,597,0,0
5,1,1,0,29,260,453,2,0
1,2,1,0,34,-276,175,0,0
1,0,1,0,62,973,326,0,0
3,0,1,0,39,43,354,0,0
0,0,0,0,42,0,81,0,0
5,0,1,1,36,4785,250,0,0
6,1,1,0,60,739,261,1,0
5,0,1,1,56,51,75,0,0
6,0,1,0,40,256,95,0,0
0,2,0,1,35,771,221,0,0
0,0,1,0,33,-224,152,8,0
0,0,0,0,43,1646,214,0,0
0,1,1,0,34,194,186,0,0
7,1,0,0,30,800,95,0,0
3,1,-1,0,33,-90,415,0,0
3,2,1,0,41,351,12,9,0
3,0,2,0,31,620,95,0,0
6,1,1,0,27,9636,184,0,0
5,0,1,0,44,262,74,0,0
0,2,0,1,33,0,211,8,0
2,0,2,0,43,0,222,0,0
3,2,-1,0,39,528,111,0,0
0,0,0,0,43,696,110,0,0
5,1,1,0,31,2104,455,0,0
0,1,0,0,47,0,138,0,0
1,1,1,0,24,84,570,0,0
3,1,2,0,37,7027,65,0,0
6,1,0,0,26,12,72,6,0
0,1,0,0,27,151,496,0,0
0,0,0,0,39,272,85,1,0
7,0,0,0,72,132,260,1,0
8,0,1,1,49,136,246,0,0
3,0,1,0,39,1254,133,5,0
4,0,2,0,51,229,353,0,0
0,1,0,0,30,13763,313,0,0
3,0,1,0,51,4787,895,0,0
3,0,2,0,51,7134,36,0,0
3,2,2,0,43,-57,221,0,0
3,0,1,0,28,1843,415,0,0
6,0,1,0,31,338,155,0,0
3,2,1,1,36,-523,193,17,0
3,0,1,0,48,0,215,0,0
1,1,-1,0,49,350,91,0,0
3,0,1,0,49,553,645,0,0
3,0,1,0,35,362,363,0,0
2,0,0,0,49,384,64,0,0
4,0,2,0,80,1021,37,0,0
3,0,2,0,52,58,213,0,0
4,0,1,0,62,1495,606,1,0
3,1,1,1,27,103,53,0,0
0,0,0,0,49,7007,325,0,0
3,1,1,1,31,648,153,1,0
1,0,1,0,54,13,145,0,0
8,2,1,0,41,1281,45,0,0
1,0,1,0,38,257,57,0,0
5,2,1,0,29,-489,249,0,1
5,0,1,0,28,330,357,3,0
3,0,1,0,35,450,95,0,0
6,0,1,0,38,3165,152,0,0
0,2,0,0,47,-49,14,23,0
1,1,1,0,33,163,627,0,0
10,1,0,0,28,118,85,5,0
3,0,2,1,42,-571,136,4,0
4,2,1,0,51,343,78,0,0
3,0,1,0,38,8444,39,1,0
1,0,0,0,55,255,114,0,0
6,0,1,0,33,207,629,0,0
7,1,1,0,36,20451,69,0,0
10,1,-1,0,33,2321,308,4,0
0,0,0,0,49,-151,119,0,0
3,1,2,0,33,447,180,0,0
1,0,-1,0,54,240,142,0,0
6,1,1,0,32,875,1015,0,0
5,0,1,0,54,1326,105,0,0
2,0,1,0,46,212,332,0,0
1,0,1,0,31,783,10,0,0
2,0,1,0,39,1261,129,0,0
0,1,0,0,27,1720,910,3,0
0,2,0,0,35,0,171,0,0
0,2,0,0,36,14930,190,0,0
6,0,1,0,51,5699,436,2,0
6,1,1,0,28,-358,253,0,0
0,1,1,0,42,9720,81,0,0
1,2,1,0,55,689,174,0,0
3,0,1,0,48,480,830,2,0
7,0,1,0,41,305,174,0,0
0,0,0,0,29,8089,314,0,0
5,0,1,0,41,176,196,0,0
4,0,2,0,72,1612,530,0,0
0,1,0,0,29,42,91,0,0
1,0,1,0,49,1712,155,0,0
0,2,0,0,38,4207,355,0,0
7,1,0,0,36,4634,162,0,0
6,0,1,0,31,564,223,0,0
5,1,1,0,38,10,117,0,0
2,1,0,0,37,65,20,4,0
0,1,0,0,38,4841,580,0,0
7,0,0,0,47,3072,229,0,0
6,1,0,0,27,5883,325,0,0
5,0,1,0,44,185,27,0,0
0,1,0,0,31,1120,217,1,0
0,1,0,0,32,3237,447,0,0
3,1,1,1,35,-295,173,0,0
10,1,1,0,21,398,295,0,0
0,0,1,0,37,510,67,6,0
6,1,1,0,23,425,768,0,0
6,2,2,0,47,91,473,1,0
0,2,0,0,48,428,347,2,0
5,1,0,0,35,153,37,3,0
6,1,1,0,35,25,144,0,0
0,1,0,0,30,77,342,0,0
8,1,2,0,32,0,149,0,1
0,0,0,1,41,6204,148,0,0
3,0,1,1,35,402,123,0,0
0,0,-1,0,66,2149,98,10,0
1,0,1,1,42,-1310,162,0,0
1,1,1,0,50,-97,425,2,0
0,0,0,0,32,0,66,0,0
0,0,0,0,50,-516,226,0,0
3,1,1,0,37,9306,603,0,0
5,1,1,0,39,2854,64,0,0
3,0,1,0,33,24,184,0,0
0,1,0,0,31,41,392,0,0
8,0,1,0,37,629,255,0,0
1,0,1,1,37,0,101,0,1
0,1,0,0,46,334,36,2,0
3,0,1,0,36,153,263,2,0
4,2,2,0,83,0,225,0,0
3,0,2,0,50,12519,615,1,0
3,0,2,0,44,-237,73,0,0
3,0,2,1,41,407,387,0,0
5,1,0,0,36,994,195,5,0
5,0,1,1,39,145,337,6,0
0,2,0,0,36,7821,217,0,0
0,1,1,1,45,142,258,4,0
5,0,1,0,49,0,115,0,0
1,1,1,0,25,325,716,0,0
7,0,2,1,40,435,131,0,0
9,2,1,1,32,715,14,0,0
0,1,0,0,38,574,62,0,0
5,0,1,0,34,2374,161,2,0
3,0,2,1,49,-347,213,0,0
1,1,1,0,41,143,744,0,0
6,0,1,0,37,50,352,0,0
3,0,2,0,35,442,129,0,0
4,1,0,0,58,1411,425,0,0
3,0,1,0,27,419,1181,0,0
3,0,2,0,33,141,578,0,0
5,0,1,0,35,449,43,0,0
8,1,0,0,29,70,393,0,0
1,2,1,0,52,5102,117,0,0
0,0,0,0,42,4,579,1,0
5,1,1,0,40,782,94,17,0
0,2,-1,0,48,549,427,0,0
7,1,0,0,41,1081,229,0,0
5,1,1,0,25,768,203,0,0
3,0,2,1,60,241,100,0,0
5,0,0,1,33,0,389,0,0
0,0,0,1,44,2283,81,0,0
5,0,1,0,53,35,97,0,0
1,1,0,0,35,391,47,0,0
1,0,1,1,27,2183,857,0,0
9,0,2,0,63,91,128,0,0
3,1,1,0,24,-424,10,0,0
2,0,1,0,54,401,341,0,1
3,0,2,0,32,8291,131,0,0
0,1,0,1,36,-679,172,1,0
3,0,2,1,47,673,118,0,0
1,0,0,0,60,131,139,0,0
1,0,1,0,48,547,459,0,0
3,0,-1,1,36,1336,42,0,0
0,0,0,0,48,4060,331,0,0
6,0,1,0,30,384,27,0,0
10,1,-1,0,20,829,253,0,0
7,1,0,0,30,137,214,0,0
5,0,1,0,40,2574,432,1,0
2,2,1,0,52,7,150,0,0
3,1,1,0,32,2093,224,1,0
5,1,1,0,28,-281,144,4,0
7,0,1,0,44,1310,290,0,0
0,1,0,0,45,4831,852,11,0
9,0,2,0,44,0,21,0,0
6,0,1,1,32,3360,365,0,0
1,2,0,0,40,2611,637,0,0
0,1,0,0,31,6248,154,0,0
0,0,1,0,72,6199,531,0,0
8,0,1,0,46,-125,23,0,0
7,0,0,1,49,99,83,0,0
1,0,1,0,28,742,236,0,0
1,1,0,0,27,-291,66,0,0
3,0,1,1,29,-191,115,0,0
6,1,2,0,30,81,37,0,1
1,0,0,0,42,246,360,0,0
7,0,0,0,59,1059,103,0,0
0,0,0,0,50,938,148,1,0
0,0,0,0,47,1147,654,1,0
0,0,0,0,49,999,98,0,0
3,0,1,0,32,1520,493,0,0
3,1,1,1,38,519,13,0,0
1,0,1,0,34,0,628,0,0
1,0,1,0,40,232,366,0,0
8,2,1,0,30,7105,321,0,0
0,0,0,0,44,2400,82,0,0
1,0,1,0,33,1234,61,0,0
8,0,0,1,58,0,85,0,0
6,0,1,0,33,-49,89,0,0
3,0,1,0,31,625,137,0,0
1,2,1,0,53,392,59,0,0
5,0,1,0,34,21,332,3,0
6,0,2,0,41,373,240,0,0
8,0,1,0,40,219,204,1,0
0,1,0,0,25,1270,124,0,0
1,0,1,0,51,58,79,2,0
5,0,1,1,35,147,41,7,0
0,0,0,0,33,0,366,0,0
0,0,0,0,36,2687,58,0,0
6,1,1,1,31,603,185,2,0
5,2,1,1,42,527,181,1,0
6,2,2,0,38,0,355,3,0
2,0,0,1,31,0,151,0,0
5,1,1,0,26,52,287,0,0
3,1,1,1,33,476,544,2,0
5,1,1,0,35,148,128,0,0
0,0,0,1,50,776,200,0,0
0,1,0,0,31,350,471,0,0
7,0,1,0,56,1539,149,0,0
2,0,1,1,45,781,652,2,0
3,1,1,1,24,674,294,0,0
6,0,1,0,42,-262,114,0,0
1,1,1,0,32,90,278,0,0
3,0,2,0,40,830,873,2,0
0,2,0,0,33,723,246,0,0
0,1,0,0,29,617,387,0,0
1,0,1,0,35,31,390,0,0
3,0,1,0,40,10,1692,0,0
3,0,2,0,49,1133,291,0,0
0,0,2,0,56,31,215,0,0
0,0,0,0,36,1352,2028,0,0
3,0,2,0,30,2581,221,0,0
5,1,1,0,42,400,198,6,0
0,1,0,1,32,-217,129,0,0
0,1,0,0,24,1506,239,4,0
3,2,1,1,36,7051,106,0,0
0,0,0,0,31,2937,173,0,0
0,0,0,1,27,54,72,0,0
1,1,0,0,34,362,15,0,0
4,0,1,0,51,1017,353,0,0
1,1,0,0,27,-67,604,2,0
4,0,0,1,58,4048,270,0,0
1,1,0,0,31,17,239,0,0
1,0,1,0,58,589,511,6,0
3,0,1,0,42,1449,177,1,0
6,0,1,1,35,0,42,0,0
8,2,2,0,44,757,498,0,0
2,0,2,0,51,512,328,0,0
5,0,0,0,53,1379,68,0,0
5,1,1,0,30,125,140,1,0
3,1,1,0,37,240,246,0,0
3,0,1,0,53,1797,128,5,0
10,1,1,0,26,696,22,0,0
0,0,0,0,38,328,230,0,0
3,0,1,0,36,1409,235,0,0
0,0,0,0,31,1010,385,9,0
0,0,0,0,31,1575,178,0,0
0,1,0,0,34,2015,388,0,0
6,0,1,1,51,393,111,0,0
8,1,1,0,30,-770,87,0,1
8,0,1,0,58,687,341,0,0
1,0,1,0,33,6419,419,0,0
2,0,2,0,37,1529,201,0,0
1,0,1,0,45,1,433,0,0
4,0,2,1,57,70,186,0,0
1,1,0,0,42,24,262,0,0
3,1,-1,0,37,871,209,4,0
10,1,1,0,35,278,84,0,0
5,1,1,1,26,-378,165,0,0
2,0,1,0,48,568,148,0,0
5,0,1,0,40,-54,183,0,0
9,2,-1,0,55,3068,44,0,0
0,0,1,0,45,458,181,0,0
0,0,0,0,31,153,118,0,0
5,0,1,0,60,106,216,1,0
0,1,0,0,43,0,275,1,0
3,0,1,0,47,1730,231,0,0
1,2,1,0,40,669,367,0,0
3,1,2,0,48,10442,63,0,0
5,0,1,1,34,-549,405,0,0
3,1,2,0,30,334,188,0,0
3,0,1,0,48,841,215,0,0
9,0,2,0,56,0,102,0,0
0,0,0,0,54,313,83,0,0
1,0,1,0,48,5,65,0,0
3,0,1,1,33,0,16,0,0
1,1,1,0,29,825,472,0,0
1,2,0,0,34,674,587,0,0
5,1,1,0,29,-228,279,0,1
0,1,0,0,36,553,106,0,0
0,0,-1,0,77,1780,221,3,0
0,0,0,0,59,1831,122,1,0
5,0,0,0,47,1077,43,0,0
1,0,1,0,45,814,691,0,0
1,1,0,0,31,110,238,0,0
0,0,0,0,45,1874,207,0,0
0,0,2,0,33,262,386,0,0
6,0,1,0,52,2420,215,0,0
0,1,0,1,31,170,458,0,0
5,2,1,1,47,95,270,0,0
5,2,1,0,34,961,137,2,0
0,0,0,0,50,400,41,1,0
1,0,1,0,41,1344,169,0,0
3,0,2,1,47,-245,67,0,0
3,0,1,0,53,70,611,0,0
3,1,1,0,30,-61,111,1,0
6,1,1,0,59,0,320,0,0
2,0,2,1,39,238,134,0,0
0,1,0,0,33,76,256,0,0
5,2,1,0,39,22,121,0,0
0,0,0,0,37,4332,213,0,0
1,0,1,0,59,2034,218,0,0
3,0,2,0,40,1389,161,0,0
0,0,0,0,58,0,67,0,0
0,0,0,0,43,2696,86,0,0
3,0,1,1,34,1412,149,2,0
6,0,1,0,44,361,217,0,0
3,1,1,0,26,8,167,0,0
0,0,0,1,45,1416,740,0,0
0,1,0,0,44,1206,160,0,0
7,1,0,0,28,2503,426,0,0
2,0,0,0,59,705,446,0,0
1,0,1,0,40,782,224,0,0
1,0,1,1,48,-280,300,0,0
5,2,1,0,37,3975,163,0,0
0,1,0,1,27,1081,158,2,0
3,1,1,0,26,-204,609,0,0
4,0,1,0,62,569,94,1,0
6,2,1,0,42,167,119,0,0
0,0,0,0,41,437,14,0,0
4,2,2,0,58,97,59,0,0
0,0,1,0,28,3,112,2,0
4,0,1,0,55,785,47,2,0
1,0,0,0,36,202,313,3,0
5,1,1,0,29,1261,605,0,0
3,0,1,1,32,320,22,0,0
5,0,1,0,36,614,13,0,0
3,0,1,0,45,953,417,0,0
3,0,1,0,49,1730,605,4,0
2,0,0,0,33,83,70,0,0
0,1,0,0,37,337,777,0,0
9,0,1,0,56,559,69,0,0
9,0,2,0,57,260,38,0,0
0,1,0,0,32,406,35,0,0
0,1,1,0,53,5558,286,0,0
0,0,0,0,38,3995,1111,0,0
5,0,1,0,42,976,69,0,0
0,1,0,0,33,201,280,0,0
1,0,1,0,42,738,20,0,0
5,0,1,1,50,-79,138,0,0
0,1,0,1,30,796,366,0,0
3,0,2,0,40,1061,191,0,0
3,1,1,0,35,773,136,0,0
1,1,1,0,33,781,201,0,0
-1,0,1,0,63,367,262,6,0
0,1,-1,0,41,335,44,0,0
4,0,2,0,70,4982,794,0,0
1,2,1,1,53,305,192,0,0
0,0,0,0,51,346,134,3,0
5,0,1,0,28,2,167,0,0
0,2,0,1,51,-2282,301,0,0
4,0,2,1,59,-182,153,0,0
3,0,1,0,58,842,253,0,0
1,0,1,1,36,6384,59,1,0
2,0,1,1,34,2,184,6,0
9,0,2,0,41,2429,51,0,0
0,0,0,0,52,163,638,0,0
9,2,1,0,47,26,48,0,0
0,0,1,0,36,-148,144,0,0
5,1,1,1,27,240,46,0,0
8,0,2,0,35,494,71,0,0
0,2,0,0,42,357,39,0,0
1,0,-1,0,54,2564,134,0,0
1,0,0,0,33,1699,600,0,0
7,0,1,1,49,-199,385,0,0
6,1,1,0,27,343,282,1,0
2,0,1,0,47,8480,137,0,0
7,1,1,0,24,0,278,0,0
1,0,0,0,64,826,101,0,0
10,0,0,0,36,408,112,0,0
5,1,1,0,46,596,138,0,0
5,2,1,0,34,661,122,9,0
3,0,1,0,35,344,11,0,0
6,1,1,0,26,74,362,0,1
3,0,1,0,40,1708,382,1,0
9,1,1,0,54,1213,241,0,0
0,0,1,0,48,3663,25,1,0
6,0,1,0,50,254,397,1,0
6,0,2,0,51,294,112,0,0
3,0,2,0,45,678,104,0,0
0,1,0,0,41,336,162,0,0
1,1,0,1,28,183,62,0,0
1,1,1,0,40,281,7,2,0
1,0,1,0,55,511,108,2,0
3,0,-1,0,48,434,73,0,0
0,0,-1,0,42,1333,468,0,0
3,0,1,0,33,35,87,1,0
2,1,0,0,33,1481,172,1,0
7,0,0,0,53,217,121,0,0
4,0,2,0,83,425,912,0,0
0,0,0,0,33,3301,536,0,0
6,0,1,0,50,1126,679,0,0
7,1,0,0,28,159,246,2,0
3,0,1,1,55,-256,136,0,0
3,1,2,0,21,-42,5,0,0
3,0,1,0,41,2852,125,0,0
1,0,1,0,44,858,567,0,0
0,0,1,0,38,336,259,0,0
9,1,1,0,38,113,98,0,0
0,0,0,0,33,1817,55,0,0
3,0,1,1,46,-319,502,0,1
6,1,1,0,30,1510,191,0,0
1,0,-1,0,34,863,360,0,0
3,0,2,0,45,97,923,0,0
2,0,0,0,37,189,253,0,0
1,1,1,0,52,-181,94,0,0
3,1,1,0,27,541,341,0,0
3,0,1,1,34,0,293,0,0
9,0,0,0,57,3760,1070,0,0
0,0,0,0,33,3401,253,0,0
0,1,0,1,30,14,90,0,0
1,1,1,0,30,0,102,0,0
0,1,0,0,27,20585,299,1,0
1,1,1,0,34,692,254,0,0
4,0,1,0,44,7624,126,0,0
3,1,1,0,30,567,317,0,0
0,1,0,0,42,270,68,0,0
3,0,2,0,51,4497,276,0,0
0,0,2,0,52,48,135,0,0
6,1,1,0,25,2798,440,0,0
5,2,2,0,49,-347,200,0,0
10,1,-1,0,31,643,82,0,0
7,2,0,0,48,41,198,0,0
0,0,1,0,33,-14,856,0,0
3,2,2,1,51,57,355,0,0
1,1,1,0,32,-114,155,0,0
2,0,-1,0,46,1481,49,0,0
0,0,0,0,34,4943,118,0,0
2,2,-1,1,40,2418,181,0,0
3,1,1,0,26,153,386,0,0
10,1,1,0,22,71,337,2,0
9,2,1,0,55,0,829,0,0
0,1,0,0,38,424,104,0,0
3,0,2,0,49,198,200,0,0
6,0,0,0,30,81,145,0,0
0,1,0,0,54,3294,132,0,0
7,0,0,0,28,0,546,4,0
0,1,0,0,30,1269,361,0,0
1,0,1,0,31,298,436,0,0
3,1,1,1,24,167,134,0,0
3,0,1,1,49,1060,137,0,0
0,1,0,0,41,1216,53,0,0
0,0,0,0,38,4293,92,2,0
3,1,0,0,29,251,212,0,0
3,0,1,0,37,4321,657,0,0
1,1,0,0,32,1094,207,0,0
2,2,0,0,39,0,561,0,0
7,0,1,0,38,581,281,0,0
3,0,2,0,37,106,511,13,0
5,0,1,0,36,39,194,0,0
1,0,1,0,36,25,127,0,0
5,0,1,0,46,0,87,2,0
0,0,0,0,77,5619,189,0,0
3,0,2,0,34,365,85,0,0
0,0,0,0,54,707,272,0,0
7,0,1,1,37,126,313,0,0
6,0,2,0,36,413,60,1,0
0,0,1,0,59,7623,84,0,0
0,0,0,0,29,715,461,0,0
7,0,1,0,36,1006,89,0,0
6,0,1,1,40,2172,1386,0,0
5,0,1,0,39,186,114,0,0
4,0,2,0,52,1629,192,0,0
1,0,1,1,34,1072,136,2,0
1,1,1,0,33,781,266,1,0
3,1,2,0,41,0,522,0,0
9,1,0,0,53,3275,527,0,0
1,2,1,0,51,1096,138,0,0
0,1,0,0,35,205,512,0,0
6,0,1,0,39,861,218,0,0
0,0,0,0,33,849,89,0,0
1,0,1,0,52,1,189,6,0
8,0,2,0,47,168,66,1,0
4,0,1,0,56,485,70,0,0
4,0,1,0,70,2815,67,0,0
9,0,1,0,60,1211,268,0,0
3,0,-1,0,45,1529,181,1,0
0,0,1,0,38,-104,100,0,0
0,2,0,1,31,-6,119,0,0
3,0,2,0,36,111,163,0,0
3,2,1,0,43,1138,65,0,0
5,1,1,0,31,338,155,0,0
10,1,1,0,23,922,538,9,0
0,0,0,0,56,935,140,0,0
2,1,0,0,31,95,51,0,0
1,0,0,0,33,8408,121,0,0
3,0,2,0,46,-29,322,0,0
8,0,1,1,28,-353,299,0,0
3,0,1,0,38,825,235,0,0
6,0,1,0,40,2346,182,0,0
5,0,1,0,36,1031,282,0,0
10,1,1,0,19,302,205,0,0
6,0,1,0,34,12,164,0,0
5,0,1,0,40,1597,633,0,0
3,1,1,0,27,2486,733,0,0
6,0,1,0,40,518,84,0,0
8,1,1,0,29,875,137,0,0
1,0,1,0,37,64,239,2,0
3,0,2,0,43,2317,412,0,0
5,1,1,1,33,-266,459,0,1
3,2,1,0,37,178,71,0,0
3,0,1,0,52,7225,205,2,0
3,0,2,0,47,502,28,0,0
1,0,-1,0,55,4746,237,3,0
7,0,1,0,43,0,131,0,0
0,1,0,0,51,2523,150,0,0
1,0,0,0,40,206,499,4,0
6,0,1,1,31,0,208,0,0
9,0,2,0,60,161,183,0,0
6,0,1,0,41,1545,390,0,0
1,1,1,0,49,571,321,0,0
5,0,1,1,37,55,99,4,0
0,1,0,0,45,16,100,2,0
3,0,1,1,30,15,524,2,0
0,1,0,0,42,525,127,0,0
1,1,1,0,38,-143,428,0,0
3,0,1,0,37,4321,421,1,0
6,1,1,0,26,901,764,0,0
3,0,1,0,47,1230,412,1,0
0,2,0,0,33,2240,198,0,0
8,0,0,0,32,1364,104,0,0
3,0,2,0,33,120,250,0,0
1,1,1,0,25,3843,159,2,0
0,1,0,0,35,1,80,1,0
6,0,1,0,34,798,304,0,0
4,0,1,0,74,9480,211,0,0
0,0,1,0,34,240,260,0,0
0,1,1,1,37,24,232,0,0
3,0,2,0,35,3587,148,0,0
1,1,0,0,44,2033,444,1,0
0,1,-1,0,38,715,951,3,0
2,0,1,1,31,10,13,0,0
5,1,1,0,33,1437,641,0,0
5,1,1,0,27,80,268,0,0
3,0,2,0,43,289,284,0,0
0,0,0,0,48,6613,159,0,0
8,0,1,0,43,553,125,0,0
5,1,1,0,38,439,359,0,0
0,0,0,1,53,7249,350,0,0
0,2,0,0,43,221,313,2,0
7,1,1,0,38,592,275,0,0
7,0,2,0,47,2559,374,0,0
1,0,1,0,36,186,187,0,0
8,0,1,0,56,660,72,0,0
3,0,-1,0,53,0,150,0,0
7,0,1,1,39,81,438,0,0
6,0,1,0,56,5486,251,0,0
5,0,1,1,36,1954,199,0,0
10,1,0,0,27,838,162,0,0
5,1,0,0,36,994,185,3,0
1,0,0,0,30,0,351,0,0
5,0,1,0,48,0,109,0,0
3,0,1,0,53,20,273,0,1
1,0,1,0,48,545,307,0,0
3,0,1,0,45,3412,101,0,0
1,0,1,1,35,257,307,0,0
5,1,2,0,47,683,73,1,0
3,2,1,0,51,1524,112,0,0
3,1,1,0,29,-37,182,0,0
8,0,1,0,42,0,158,0,0
3,1,0,0,27,567,238,1,0
9,2,2,0,57,8278,408,0,0
3,0,2,0,38,2469,66,0,0
3,0,2,1,30,1101,779,1,0
3,0,2,0,49,266,39,0,0
8,0,1,0,49,13818,221,0,0
5,2,1,1,53,223,534,0,0
9,2,2,0,45,221,93,0,0
1,1,1,0,34,403,319,0,0
6,2,-1,0,40,5847,206,0,0
5,0,1,0,52,0,91,1,0
3,0,2,0,43,2047,163,0,0
6,0,1,0,48,-20,142,0,1
3,1,1,0,27,23,590,0,0
6,0,1,0,36,4721,149,0,0
0,0,0,1,35,436,507,4,0
1,2,1,0,36,141,319,0,0
3,1,1,0,35,1688,41,0,0
5,1,1,0,29,613,779,0,0
4,0,1,0,58,5435,118,0,0
1,0,-1,0,42,0,241,0,0
3,2,1,0,37,625,68,2,0
5,0,1,0,45,5021,233,0,0
3,1,1,0,38,68,90,0,0
5,0,0,0,37,29,404,2,0
3,0,2,1,54,489,280,3,0
3,1,-1,0,35,871,117,3,0
0,0,0,0,61,267,192,1,0
4,0,1,0,56,5737,11,0,0
3,1,1,0,31,6982,353,0,0
1,0,0,0,45,121,835,0,0
5,0,1,0,39,-139,120,0,0
0,0,0,0,47,682,638,0,0
5,0,1,0,35,561,168,0,0
8,1,1,0,54,3611,81,0,0
10,1,1,0,26,480,104,0,0
3,1,2,0,27,140,183,0,0
5,1,1,0,23,345,330,0,0
0,1,0,0,36,0,211,0,0
9,0,-1,0,37,3075,29,0,0
3,0,1,1,42,3068,429,0,0
7,1,1,0,57,3277,127,0,0
1,1,1,0,38,367,128,0,0
5,0,1,0,52,1274,74,0,0
0,2,0,1,53,0,75,0,1
4,2,0,0,59,-134,217,0,0
1,0,1,0,31,1173,444,0,0
2,0,1,0,30,2926,238,0,0
5,1,-1,0,38,31,59,0,0
6,0,1,0,57,1166,106,0,0
3,0,1,0,37,740,434,2,0
6,0,1,1,31,0,81,0,0
0,0,0,0,32,4945,160,2,0
5,0,1,1,34,580,228,0,0
3,0,1,0,43,664,290,1,0
5,1,0,0,30,-396,89,0,0
8,0,1,0,57,4588,485,0,0
1,1,1,0,38,1711,379,1,0
3,0,2,0,49,3915,44,0,0
6,0,1,0,39,554,251,0,0
8,0,1,0,32,2,178,0,1
7,1,0,0,37,3759,650,0,0
0,0,0,0,33,4728,110,0,0
0,0,1,0,36,1736,63,0,0
1,0,1,1,43,69,156,2,0
0,1,0,0,33,369,143,0,0
-1,1,0,0,43,2731,11,0,0
6,0,1,0,48,515,7,0,0
0,0,0,0,38,119,568,0,0
6,1,1,0,45,71,479,0,0
1,2,1,1,46,-26,201,2,0
0,0,0,0,30,5381,375,0,0
5,0,1,0,55,0,180,3,0
4,0,1,0,61,76,195,0,0
7,1,0,0,27,-503,98,0,0
3,0,2,0,58,4354,98,0,0
6,0,1,0,41,572,188,0,0
0,0,0,0,46,0,401,0,0
6,0,1,1,51,-1136,155,0,0
6,1,2,0,30,79,317,0,0
1,0,0,1,42,2106,162,0,0
1,2,0,0,41,3465,389,0,0
0,0,0,0,28,9664,497,0,0
1,0,1,0,51,1490,227,0,0
1,0,1,1,35,481,141,1,0
6,2,2,0,55,2298,162,0,0
4,0,1,0,57,209,56,0,0
9,0,1,0,36,556,35,0,0
3,0,2,0,52,1409,224,0,0
3,0,2,1,30,0,92,0,1
4,0,1,1,53,6095,410,0,0
3,1,1,0,28,4054,133,0,0
5,0,1,0,39,1221,97,0,0
0,1,0,0,33,637,206,0,0
0,0,0,0,59,7049,530,2,0
3,1,1,0,31,616,185,0,0
3,0,-1,0,53,1230,155,0,0
10,1,0,0,23,508,544,0,0
5,0,1,0,41,2993,24,0,0
-1,1,1,0,37,57,142,0,0
7,0,0,0,52,1088,217,0,0
6,1,2,1,37,0,372,0,0
3,0,1,0,27,191,401,0,0
1,0,0,0,38,-3,251,3,0
6,1,1,1,25,281,173,0,0
5,1,1,0,24,99,65,3,0
1,1,1,0,60,12,205,0,0
5,1,1,0,30,265,681,2,0
1,0,0,0,37,4439,70,0,0
0,0,0,0,58,5942,64,0,0
3,0,1,0,42,117,147,0,0
3,0,1,0,38,-210,21,0,0
2,0,0,1,33,114,57,0,0
1,1,1,0,32,-569,107,0,0
1,0,1,0,28,7449,193,0,0
4,1,1,0,60,1625,119,0,0
10,1,1,0,28,5916,344,6,0
5,0,1,0,51,4178,556,0,0
3,0,1,0,45,771,221,0,0
1,0,0,0,49,80,123,0,0
3,1,1,0,24,0,204,0,0
3,0,2,0,56,247,126,0,0
3,0,2,1,35,-210,235,0,0
6,0,1,0,48,125,89,0,0
5,1,0,1,26,313,199,2,0
5,1,1,0,39,782,542,11,0
3,0,1,0,33,3458,54,0,0
3,0,1,0,44,577,199,0,0
3,0,2,0,56,313,24,0,0
4,0,2,0,54,-58,143,0,0
8,1,1,0,34,847,684,0,0
9,0,2,0,40,229,213,0,0
0,1,0,0,30,5288,288,0,0
3,0,1,1,39,750,175,0,0
0,1,0,0,26,8303,143,0,0
3,0,2,1,55,283,115,0,0
1,2,0,1,52,-1014,154,0,1
6,0,2,0,45,132,179,0,0
1,2,1,0,40,16,34,5,0
3,0,2,1,47,1533,273,4,0
3,0,1,0,34,518,206,0,0
1,0,-1,0,43,1156,90,0,0
4,2,1,0,49,-268,111,0,0
3,0,1,0,51,598,53,0,0
0,0,1,0,60,0,1745,3,0
1,0,0,0,33,0,206,0,0
5,1,1,0,60,860,318,0,0
5,1,1,1,39,14,19,0,0
6,0,-1,1,54,386,74,1,0
5,0,1,0,47,290,1352,0,0
1,0,1,1,24,330,326,0,0
1,1,1,0,34,1259,121,0,0
0,0,0,0,33,901,76,0,0
7,0,1,0,39,454,171,0,0
3,1,1,0,44,184,196,0,0
0,2,0,0,40,9541,128,1,0
3,1,1,0,31,16,387,0,0
5,1,1,0,30,127,16,1,0
6,0,1,0,37,2132,232,0,0
0,0,0,0,34,101,209,0,0
0,1,0,0,32,616,186,1,0
3,0,1,0,31,9714,182,0,0
5,1,0,0,40,283,222,4,0
1,2,1,0,46,129,75,0,0
3,0,1,0,43,960,436,0,0
6,1,1,0,26,2047,457,0,0
1,0,1,1,41,442,261,1,0
1,1,0,0,43,140,192,0,0
4,0,1,0,59,3353,148,0,0
5,0,1,0,33,1521,222,0,0
5,0,1,0,38,6706,143,0,0
1,0,1,0,46,2098,110,0,0
9,0,0,0,45,460,312,1,0
7,1,0,0,35,398,101,0,0
0,0,1,0,48,268,458,0,0
3,0,1,1,44,215,180,0,0
5,1,1,0,42,426,636,0,0
-1,1,0,0,37,0,257,1,0
3,0,2,0,49,-165,129,0,0
0,0,0,0,31,4945,445,0,0
0,0,0,1,46,1600,1244,0,0
0,1,0,1,43,-2,124,0,0
6,0,1,0,43,0,129,0,0
10,1,1,0,25,331,170,0,0
3,0,2,1,48,329,85,0,0
6,0,1,0,29,3220,172,0,0
0,2,0,0,42,1064,101,0,0
3,0,1,0,35,262,331,6,0
5,1,0,0,33,701,59,0,0
3,0,1,0,58,238,122,0,0
9,2,2,0,56,61,144,0,0
9,0,2,0,45,3512,96,0,0
3,0,1,0,29,3007,19,0,0
3,0,1,0,44,-73,80,0,0
8,1,0,0,35,154,200,2,0
3,2,2,0,41,-129,176,0,0
6,0,1,0,34,627,117,0,0
6,0,1,1,35,586,96,2,0
1,1,0,0,33,1257,66,0,0
5,0,0,0,33,882,104,4,0
5,2,1,0,34,66,11,0,0
3,0,2,0,51,1543,121,0,0
3,0,2,0,45,810,213,0,0
7,0,0,0,34,865,51,0,0
8,1,1,0,39,2645,339,0,0
1,0,-1,0,48,5176,162,0,0
2,2,2,0,52,278,688,0,0
1,0,0,0,53,9001,170,0,0
5,0,1,0,59,4196,10,0,0
0,1,0,0,33,20,329,0,0
5,1,1,0,23,5,93,0,0
1,1,1,0,34,1183,438,0,0
3,1,1,0,40,61,68,0,1
7,0,0,0,57,3012,98,0,0
1,2,1,0,41,52,261,0,0
4,1,0,0,67,2144,847,0,0
8,0,1,0,36,533,619,1,0
3,0,-1,0,51,37,256,0,0
0,0,1,0,46,149,1222,0,0
0,1,0,0,29,330,315,0,0
3,0,2,1,49,383,31,0,0
4,0,1,0,58,14412,297,0,0
6,0,1,0,47,439,156,0,0
1,1,1,0,35,694,29,0,0
1,0,1,1,52,272,53,0,0
5,0,1,0,45,825,140,0,0
3,1,-1,0,25,431,493,12,0
5,0,2,0,48,607,29,0,0
5,0,1,1,47,0,238,4,0
1,1,1,0,38,0,66,0,0
3,0,1,0,33,0,208,0,0
10,1,1,0,21,126,52,0,0
5,1,1,0,29,768,119,0,0
4,0,2,0,80,1861,563,0,0
8,2,1,0,55,309,167,3,0
0,2,0,1,33,280,155,0,1
3,0,1,0,39,-16,285,0,1
5,1,1,1,25,483,189,0,0
3,1,1,1,58,119,985,0,0
0,0,0,0,50,346,178,0,0
1,1,1,0,37,61,182,0,0
3,0,1,0,40,0,113,0,0
3,1,1,0,34,1599,59,0,0
0,0,0,0,57,813,91,0,0
0,1,0,0,33,3655,183,0,0
9,0,2,0,69,1080,197,2,0
5,0,1,0,34,-429,320,0,0
1,1,0,0,46,628,454,0,0
0,0,0,0,43,291,150,0,0
2,1,1,0,30,638,358,0,0
0,0,0,0,31,357,201,5,0
4,0,1,0,77,4112,1616,2,0
3,0,2,0,44,186,152,1,0
3,1,0,0,33,350,148,5,0
3,0,2,0,39,541,361,1,0
0,0,0,0,49,412,233,0,0
0,0,1,0,44,1103,82,0,0
3,0,1,0,31,360,395,0,0
7,1,0,0,34,876,145,0,0
1,0,1,0,48,0,215,0,0
0,1,0,0,37,584,115,0,0
0,2,0,0,33,47,86,0,0
3,0,1,1,36,402,86,1,0
1,1,1,0,45,4367,71,0,0
10,1,1,0,29,1854,390,0,0
1,0,0,0,40,0,383,0,0
1,2,1,1,47,431,388,0,0
6,2,1,0,48,297,121,0,0
1,0,1,0,52,-240,392,0,0
5,2,1,0,35,534,669,3,0
0,1,0,0,32,123,63,0,0
5,1,1,0,27,585,269,0,0
3,0,1,1,45,784,34,0,0
1,0,0,1,33,-988,83,0,0
1,0,1,0,39,27,147,4,0
3,1,1,0,34,551,347,0,0
0,0,0,0,48,291,350,0,0
1,0,1,0,47,644,169,0,0
1,0,2,0,44,2887,182,0,0
0,0,1,0,48,4415,271,6,0
7,0,1,0,48,1559,130,0,0
7,0,2,0,45,373,82,0,0
2,0,1,0,45,-264,85,0,0
3,0,1,0,60,1407,112,1,0
6,1,1,0,41,92,372,0,0
7,0,0,0,25,1182,141,0,0
4,0,1,1,55,1504,761,0,0
3,2,-1,0,35,164,967,0,0
0,0,0,0,33,5878,438,2,0
1,1,1,0,37,-274,218,0,0
6,1,1,0,24,-141,654,0,0
3,2,2,0,40,71,225,0,0
3,0,1,0,50,2320,310,0,0
8,0,1,1,33,438,129,0,0
8,0,-1,0,37,4565,369,0,0
7,0,1,0,45,7,691,0,0
1,0,1,0,51,563,504,3,0
3,0,1,0,42,490,386,0,0
0,1,0,0,36,624,141,0,0
4,0,0,0,55,2929,556,0,0
1,2,1,0,45,299,368,0,0
3,0,2,0,43,-476,16,0,0
7,0,0,0,36,506,124,3,0
3,2,2,1,47,603,1080,0,0
6,0,1,0,30,699,544,0,0
3,2,1,0,47,1815,105,4,0
0,1,0,0,30,1675,181,0,0
3,0,2,0,48,257,333,0,0
3,0,1,0,36,717,63,0,0
0,0,0,0,33,9725,131,0,0
3,0,2,1,46,-175,250,2,0
5,1,1,1,25,0,49,0,0
5,2,1,1,39,728,222,0,0
3,2,1,0,36,421,34,4,0
9,0,2,0,41,216,152,0,0
6,0,1,0,31,-309,269,0,0
5,0,1,0,32,17,123,0,0
1,0,0,0,37,447,1170,0,0
5,1,0,0,36,980,343,2,0
1,1,1,0,41,30,1003,0,0
0,0,1,0,40,2596,236,0,0
5,0,1,1,52,146,108,0,0
9,0,1,0,34,4,81,0,0
3,1,1,0,27,-233,728,0,1
1,0,0,1,52,0,409,0,0
1,1,1,0,31,0,35,0,0
5,0,0,0,34,882,135,5,0
2,0,1,0,36,246,427,0,0
0,0,-1,0,46,876,11,0,0
10,1,1,0,25,1139,22,0,0
0,0,1,0,61,544,63,9,0
1,0,1,0,59,1,585,5,0
1,2,1,0,39,1972,82,0,0
0,0,1,0,50,5,24,0,0
6,2,1,0,55,2166,23,0,0
8,1,0,0,33,850,324,0,0
2,2,1,0,41,-29,188,0,0
1,1,1,0,30,0,109,0,0
5,1,1,0,37,528,65,0,0
0,0,1,1,40,363,135,2,0
3,1,1,0,37,3344,85,0,0
1,0,0,1,34,285,223,0,0
0,1,0,0,39,5976,113,0,0
1,1,1,1,28,250,133,0,0
1,0,0,0,31,4575,28,0,0
0,0,0,0,42,99,92,0,0
6,1,1,1,29,1357,200,0,0
3,0,1,0,56,0,142,0,0
0,0,0,0,36,152,467,0,0
0,2,0,0,48,-244,253,0,0
3,0,1,0,33,17,489,0,0
6,0,1,0,29,308,75,0,0
0,0,0,1,58,0,293,2,0
10,1,-1,0,36,36,705,0,0
6,0,1,0,37,-58,146,0,0
3,0,2,1,36,-255,187,0,0
8,0,1,0,52,32,144,0,0
3,0,1,0,59,176,117,0,0
5,1,1,0,40,50,837,0,0
3,1,-1,0,24,431,108,0,0
-1,0,-1,0,45,360,157,0,0
3,2,1,0,46,1074,277,0,0
3,0,1,0,45,4855,285,0,0
4,0,2,0,58,269,38,0,0
5,1,1,0,35,1810,65,0,0
0,1,0,0,33,0,236,0,0
8,1,1,0,40,334,219,6,0
7,0,0,0,35,3698,106,0,0
6,0,1,1,41,-141,243,0,0
5,2,1,1,41,783,135,2,0
3,0,2,0,53,225,171,0,0
0,1,0,1,27,-98,344,0,0
3,1,1,0,35,8040,173,0,0
5,0,1,0,33,2711,184,1,0
6,0,1,0,57,1577,908,1,0
1,1,1,0,44,0,156,0,0
4,0,2,0,40,407,200,1,0
3,0,2,0,49,737,100,0,0
4,2,2,0,63,1840,71,0,0
0,1,0,0,35,4788,227,0,0
0,0,0,0,32,972,297,0,0
4,0,2,0,60,-382,140,0,0
1,0,1,0,28,675,499,0,0
0,0,0,1,29,581,192,0,0
7,0,1,0,36,189,136,1,0
0,0,0,0,48,-1232,183,0,0
3,0,2,0,42,530,850,0,0
4,0,1,0,79,2661,254,0,0
3,0,2,0,49,1456,225,0,0
7,1,1,0,32,360,175,4,0
4,0,0,1,47,1225,339,0,0
1,0,1,0,47,2781,855,0,0
1,0,0,0,41,532,74,0,0
1,0,1,0,35,580,180,1,0
6,0,1,1,31,-641,296,0,0
4,2,0,0,65,0,248,0,0
6,0,-1,1,47,1229,89,0,0
3,0,2,0,41,7735,240,0,0
3,0,2,1,50,2610,181,0,0
5,0,1,1,34,19,98,0,0
0,0,0,0,51,21574,197,0,0
9,0,1,0,32,0,549,2,0
0,1,0,0,39,0,224,0,0
9,0,2,0,46,19,171,0,0
1,0,1,0,45,297,210,0,0
0,0,0,0,33,289,333,0,0
3,1,1,0,29,322,434,6,0
1,0,1,0,40,42,1842,0,0
8,0,1,0,51,760,411,0,0
4,0,1,0,59,8107,210,0,0
3,1,1,0,31,0,113,1,0
2,0,-1,0,38,259,63,0,0
7,0,1,1,43,1239,355,0,0
4,2,1,0,68,4189,897,0,0
5,1,1,0,24,795,209,0,0
5,0,1,0,41,-396,104,0,0
5,1,1,0,45,-101,101,1,0
0,0,0,1,34,1557,213,0,0
0,0,0,1,46,2851,77,0,0
7,1,1,0,31,0,364,0,0
1,0,1,1,42,0,7,0,0
5,0,1,0,58,3927,124,1,0
3,0,2,0,59,1227,89,0,0
7,1,0,0,41,1616,229,7,0
3,0,2,0,37,-196,166,0,0
0,1,0,0,28,3238,7,0,0
1,0,1,0,44,608,128,0,0
5,2,1,1,39,2903,259,0,0
10,1,1,0,27,1164,256,2,0
5,0,2,0,51,576,434,0,0
3,0,1,0,33,2254,130,1,0
0,0,0,0,47,-488,65,0,0
0,0,0,0,31,713,1534,0,0
3,0,2,0,47,6439,326,0,0
3,0,1,1,51,362,318,0,0
7,1,0,0,33,61,836,0,0
10,1,-1,0,29,7585,123,0,0
0,0,1,0,45,2873,30,0,0
4,0,2,0,56,1947,631,3,0
5,1,1,0,59,4744,879,0,0
5,0,1,0,48,359,374,0,0
0,0,0,0,43,13044,215,4,0
3,1,1,1,53,2430,73,3,0
0,1,0,0,26,2356,252,0,0
0,0,0,0,41,298,63,1,0
3,0,2,0,29,258,130,0,0
2,2,0,0,51,23,177,0,0
1,1,1,0,30,323,116,3,0
0,0,2,0,60,92,447,0,0
6,2,1,0,56,935,112,2,0
0,0,0,0,49,1,7,0,0
3,0,2,0,43,823,174,0,0
5,0,1,1,45,142,110,0,0
8,0,-1,0,53,210,280,0,0
7,0,0,0,59,185,177,1,0
0,2,0,0,55,3092,165,0,0
0,0,0,0,35,193,402,0,0
4,0,2,0,75,3324,149,0,0
1,0,1,0,50,3370,531,2,0
3,0,1,0,46,519,217,0,0
0,1,0,1,33,191,25,0,0
3,0,2,0,38,0,101,0,0
0,1,0,0,58,1387,140,6,0
0,1,0,0,27,574,196,0,0
0,0,0,1,52,1646,92,0,0
3,0,1,0,58,1457,144,0,0
-1,0,-1,0,72,1165,400,0,0
0,1,0,0,51,151,638,3,0
0,0,0,0,37,489,202,5,0
3,0,1,1,40,384,142,0,0
0,0,0,0,43,536,167,0,0
8,0,-1,0,44,1309,262,0,0
2,0,1,0,27,554,131,0,0
2,1,0,0,36,658,99,3,0
6,0,1,0,32,289,63,2,0
8,0,2,0,47,0,308,0,0
6,1,1,0,27,54,543,0,0
5,1,0,0,33,280,189,0,0
5,2,1,0,36,0,203,0,0
6,1,1,0,25,0,293,0,0
1,1,1,0,53,708,631,0,0
6,0,1,1,44,-230,99,0,0
5,1,1,0,40,315,44,0,0
2,0,0,1,36,733,124,0,0
0,1,0,0,28,1837,49,0,0
0,0,-1,0,42,6573,56,0,0
0,0,0,0,58,2142,41,3,0
2,0,0,1,52,-184,392,0,0
9,0,2,0,42,145,252,0,0
5,0,1,0,49,3608,231,0,0
3,0,1,0,45,87,96,3,0
0,2,0,0,40,205,357,0,0
9,0,1,0,57,0,56,0,0
3,0,1,0,37,223,552,2,0
6,1,1,0,37,244,70,0,0
1,0,1,0,44,3444,212,0,0
1,1,0,0,29,-229,416,0,0
3,1,2,0,32,557,112,0,0
0,0,0,0,30,1221,279,0,0
10,1,1,0,24,1123,475,1,0
0,2,1,0,33,5,1346,0,0
0,0,-1,1,35,2326,319,0,0
1,1,1,1,32,14,429,0,0
5,0,1,0,41,542,64,1,0
0,0,0,1,34,0,105,0,0
5,0,1,0,60,3547,351,0,0
0,0,0,0,37,725,162,0,0
5,0,1,1,47,-1091,153,0,0
1,1,1,0,32,483,580,0,0
5,0,1,0,37,525,425,0,0
0,1,0,1,29,-1661,95,0,1
2,0,-1,0,56,0,39,0,0
0,0,0,0,42,2819,149,0,0
6,0,1,0,46,-11,74,0,0
6,0,1,0,56,4763,233,6,0
5,1,1,1,25,82,104,0,0
2,1,0,1,44,1136,345,7,0
3,1,2,0,27,553,157,0,0
1,0,1,0,57,589,198,1,0
3,0,1,0,32,478,200,0,0
0,1,1,0,32,388,846,0,0
0,1,0,0,30,179,8,0,0
6,1,1,0,45,1377,171,0,0
0,2,0,0,42,1116,88,0,0
0,0,0,0,32,913,883,4,0
1,2,1,0,54,-291,99,0,0
8,0,1,0,53,0,313,0,0
3,0,2,0,43,2952,417,1,0
3,0,2,0,50,89,210,0,0
3,0,1,0,45,240,181,0,0
0,1,1,0,39,1103,24,0,0
5,0,0,0,34,10,81,0,0
1,0,1,0,35,1546,156,4,0
9,0,1,0,49,3,118,0,0
5,1,1,0,30,457,90,0,0
6,0,2,0,52,432,424,0,0
3,0,2,0,46,2473,136,0,0
0,0,0,0,52,3634,341,0,0
1,0,1,0,32,1951,518,2,0
0,0,1,1,46,231,243,0,0
0,1,0,0,33,239,65,0,0
9,0,1,0,50,0,551,0,0
5,1,1,1,27,145,95,0,0
4,0,1,0,58,801,249,1,0
1,0,1,1,49,-1680,92,0,1
4,0,-1,1,60,1396,104,0,0
3,0,2,0,48,1203,61,0,0
9,0,1,0,55,5,269,2,0
0,0,0,0,40,185,310,0,0
0,2,0,0,32,530,131,3,0
0,1,0,0,29,7578,46,0,0
0,0,1,0,56,0,189,0,0
3,0,2,0,39,-100,680,0,0
5,0,1,1,34,247,1727,0,0
6,0,1,0,35,74,112,0,0
1,0,1,0,38,581,79,0,0
4,0,1,0,66,3409,133,3,0
3,0,1,0,36,2894,91,1,0
1,1,1,0,37,103,124,0,0
3,0,1,0,37,723,119,2,0
5,2,1,0,30,377,524,0,0
1,0,1,0,36,361,188,0,0
3,1,1,0,38,334,541,0,0
6,2,1,0,38,-10,61,0,0
3,0,2,0,39,279,361,0,0
1,0,1,0,34,1,344,0,0
3,0,1,0,58,1298,522,4,0
0,1,0,0,36,6450,101,0,0
5,1,1,1,30,52,422,0,0
1,0,0,0,38,52,82,0,0
0,0,0,0,34,1601,650,0,0
2,0,1,0,36,2971,247,8,0
0,0,0,0,35,1036,356,0,0
1,0,-1,1,32,0,296,0,0
3,0,2,0,56,0,293,0,0
0,0,0,0,53,618,73,0,0
7,2,1,1,52,385,96,0,0
3,0,2,0,44,658,236,0,0
3,0,1,0,30,-28,284,1,0
3,1,1,0,22,0,179,0,0
7,0,0,0,37,11387,153,2,0
0,0,2,1,39,3760,262,0,0
1,0,1,1,38,525,15,1,0
3,0,1,0,28,1137,129,3,0
1,0,0,1,32,4654,134,0,0
1,1,0,1,31,696,184,0,0
1,1,1,0,28,525,176,0,0
6,1,1,1,25,556,361,0,0
0,0,0,1,51,0,204,0,1
0,0,0,1,36,348,307,0,0
0,1,0,0,32,258,131,0,0
1,1,0,0,37,197,234,3,0
2,1,0,0,34,2945,266,0,0
3,2,2,1,55,410,221,0,0
0,0,0,0,54,0,214,0,0
9,0,1,0,33,8,425,0,0
0,0,0,0,30,1235,119,0,0
1,2,-1,0,53,629,298,0,0
6,0,0,0,33,570,70,0,0
9,0,1,0,44,122,68,0,0
3,0,1,1,35,0,113,0,0
1,0,1,1,42,-470,185,0,0
0,1,0,0,46,-344,142,0,1
0,2,0,0,36,36,836,0,1
5,2,1,1,34,183,88,0,0
5,1,1,0,36,191,18,0,0
8,1,1,0,40,356,225,2,0
3,0,2,0,28,-196,209,0,0
3,0,1,0,26,145,309,0,0
5,0,1,1,48,113,532,0,0
0,1,0,0,37,102,445,2,0
10,1,1,0,27,538,170,2,0
3,1,1,0,26,0,148,2,0
0,0,0,0,38,676,59,0,0
6,0,1,0,50,-197,125,0,0
3,0,1,0,31,1664,158,1,0
0,0,2,0,40,472,85,0,0
0,0,0,0,41,51,140,0,0
0,0,0,1,40,-7,697,0,0
3,0,2,0,35,3468,72,0,0
0,0,0,0,60,11,802,0,0
0,1,2,0,34,212,88,0,0
1,0,1,0,36,2474,107,0,0
6,0,1,1,44,-289,487,1,0
5,2,1,0,38,198,431,0,0
0,0,0,0,43,-194,57,0,0
6,0,1,0,33,847,127,0,0
3,0,1,0,50,1985,464,0,0
4,2,2,0,75,852,228,1,0
3,0,2,0,49,816,76,7,0
0,1,0,0,27,1,764,0,0
3,0,2,0,35,2281,126,1,0
3,0,1,0,25,-7,365,0,0
8,2,1,0,33,1005,175,2,0
3,0,1,0,34,2447,330,0,0
0,0,0,1,51,3045,208,0,0
1,1,1,0,44,3438,68,0,0
9,2,2,0,35,1465,40,0,0
1,0,-1,0,52,9687,936,0,0
3,0,1,0,28,0,548,0,0
6,0,1,0,32,356,56,5,0
0,0,1,0,51,2632,137,0,0
8,1,1,0,42,139,148,0,0
0,1,0,0,36,0,134,0,0
0,0,0,0,45,0,102,0,0
6,2,1,0,38,6182,484,1,0
6,1,1,0,34,-30,1360,0,0
7,1,1,0,30,1031,7,0,0
1,0,1,1,33,668,771,4,0
8,1,1,1,31,2066,162,0,0
1,0,1,0,34,272,287,2,0
1,0,1,1,35,-29,208,0,1
1,0,1,0,38,-104,13,0,0
0,0,2,0,56,17,123,0,0
5,1,1,0,39,6512,16,0,0
6,0,1,1,41,108,83,0,0
3,1,0,0,36,3649,399,2,0
0,0,0,0,48,717,139,0,0
0,1,1,0,31,453,384,0,0
0,1,0,0,29,1273,44,0,0
3,0,-1,0,48,2499,429,0,0
0,1,0,0,38,1637,150,0,0
3,0,1,0,42,698,729,0,0
3,2,2,1,49,1280,144,0,0
0,0,0,0,40,0,131,6,0
1,0,1,0,53,1357,146,0,0
4,0,2,0,80,2994,320,0,0
3,1,1,0,30,196,91,0,0
1,0,1,0,46,388,6,1,0
7,0,1,0,45,1051,96,0,0
1,1,0,0,35,756,14,0,0
3,1,1,0,30,178,747,0,0
5,1,1,0,36,1414,244,0,0
8,2,1,0,43,700,259,0,0
0,0,0,0,44,3665,325,0,0
3,0,1,1,45,61,208,0,0
1,0,0,0,33,-482,90,0,0
6,1,1,0,32,-1139,201,0,0
6,1,0,0,32,945,531,0,0
1,0,1,0,48,0,123,1,0
9,1,1,1,27,-319,89,0,1
2,0,0,0,41,121,456,1,0
3,0,1,0,30,1664,2016,0,0
6,1,0,0,31,1626,15,0,0
5,1,1,1,30,2802,285,2,0
3,0,1,0,48,1143,264,1,0
3,0,1,0,45,1678,187,1,0
0,0,1,0,32,251,272,0,0
0,1,1,1,30,2143,514,0,0
7,1,0,0,39,0,13,0,0
4,0,2,0,74,2894,97,2,0
0,1,0,0,30,7788,391,0,0
1,0,1,0,37,332,342,0,0
6,0,1,0,40,-116,176,0,0
6,1,2,0,57,3777,65,0,0
4,0,1,0,52,5057,104,0,0
6,0,2,0,57,1896,248,0,0
3,1,2,1,39,0,1975,0,0
1,0,1,0,50,103,109,6,0
6,2,1,0,42,241,405,0,0
0,0,2,0,38,1365,224,0,0
0,0,0,0,33,287,199,3,0
0,0,2,0,55,1446,135,0,0
0,1,1,0,35,73,79,0,0
3,0,1,0,54,1070,373,0,0
7,0,0,0,46,917,389,0,0
0,0,1,0,36,873,210,0,0
5,1,1,0,49,827,61,0,0
3,0,1,0,30,171,230,0,0
7,0,0,0,35,844,60,0,0
5,1,1,0,29,1450,195,0,0
3,0,-1,0,29,356,169,0,0
3,0,1,1,37,421,381,0,0
3,0,2,0,32,1504,131,0,0
0,2,0,0,53,0,44,0,0
1,1,1,0,30,1532,447,6,0
3,1,2,0,33,0,83,0,0
1,0,1,0,41,10438,141,0,0
0,1,0,0,28,1,86,0,0
3,0,1,0,43,171,96,1,0
1,0,1,1,41,102,387,0,0
1,1,0,0,44,166,267,0,0
5,0,1,0,44,-314,144,0,0
0,0,0,1,41,1204,310,0,0
8,0,1,0,44,0,175,0,0
0,0,0,0,31,537,216,0,0
1,0,1,0,36,1975,835,0,0
5,2,1,0,43,15511,484,0,0
3,0,1,0,38,861,565,0,0
0,1,0,1,28,385,79,7,0
6,1,1,0,45,-139,663,0,0
1,1,1,0,28,981,225,0,0
8,1,1,0,38,7159,285,0,0
6,0,2,0,30,1015,11,0,0
0,1,0,0,28,6791,361,35,0
1,0,1,0,35,0,644,0,0
5,0,1,0,40,94,117,0,1
1,1,0,0,31,50,794,0,0
5,1,1,1,30,-548,70,0,0
0,1,0,0,51,-55,119,0,1
0,1,0,0,60,2190,601,0,0
1,2,1,0,41,195,260,0,0
1,0,1,0,41,187,387,0,0
0,0,1,0,48,2294,251,0,0
0,0,0,1,45,668,391,0,0
1,1,1,0,40,398,642,0,0
4,0,2,0,57,0,147,0,0
10,1,1,0,24,867,135,8,0
8,1,1,0,29,2424,93,0,0
3,0,2,0,51,480,189,5,0
7,0,0,0,36,16430,234,3,0
1,1,0,1,32,539,281,0,0
1,0,1,0,54,6,109,1,0
6,2,1,0,29,92,240,0,0
3,1,1,0,31,178,415,5,0
2,0,-1,0,39,98,59,1,0
4,2,2,0,70,4531,445,0,0
6,1,1,0,39,471,5,0,0
7,0,0,0,33,483,280,0,0
6,0,1,0,45,162,166,0,0
3,0,2,0,52,-133,96,0,0
3,0,-1,0,35,245,134,1,0
0,1,0,0,32,2465,414,0,0
5,0,0,1,35,-272,309,13,0
0,1,0,0,38,2117,81,0,0
2,0,1,0,35,204,424,0,1
9,0,2,0,55,0,306,0,0
6,2,1,1,44,7,238,0,0
0,0,0,0,33,150,151,0,0
1,1,0,0,30,1323,223,0,0
3,1,2,0,36,79,9,0,0
5,0,1,1,46,31,302,0,0
5,0,1,1,32,739,153,0,0
3,0,1,1,30,294,50,0,0
0,0,1,0,40,408,37,0,0
3,0,1,0,36,139,309,0,0
7,0,1,0,38,30,91,0,0
3,0,1,0,27,1600,603,1,0
4,0,1,0,77,9601,515,0,0
1,0,1,1,35,18,62,0,0
8,0,1,0,45,2468,64,0,0
7,1,0,0,27,168,123,1,0
6,2,1,0,59,1,602,5,0
0,1,0,0,31,2016,209,0,0
1,1,1,1,29,5763,271,2,0
6,0,2,0,42,2567,401,0,0
-1,2,-1,0,57,4244,626,0,0
4,2,0,0,74,3810,492,0,0
10,0,-1,0,24,146,147,1,0
3,0,2,0,36,409,81,0,0
4,0,0,1,58,-607,145,0,0
0,0,0,1,34,0,18,0,1
1,2,1,0,50,8,171,1,0
3,0,2,0,42,205,582,0,0
0,1,0,0,32,3283,623,2,0
5,0,1,0,24,230,73,0,0
1,1,0,0,27,931,1078,0,0
1,0,1,0,46,218,41,0,0
0,1,0,0,30,501,209,0,0
6,0,1,0,33,-384,513,0,0
2,0,0,1,39,4,871,0,0
3,0,2,1,53,-294,10,0,0
9,2,1,1,52,131,87,0,0
3,1,1,0,32,1139,57,1,0
3,0,2,0,37,543,281,0,0
1,1,1,0,34,179,294,0,0
4,0,0,0,63,8103,258,0,0
6,0,1,0,39,949,75,0,0
3,0,1,1,30,1131,148,0,0
0,2,0,1,60,20,207,0,1
3,0,1,0,43,-19,124,0,0
5,1,1,0,29,-37,21,0,0
0,0,0,0,43,-8,473,0,0
0,0,-1,0,52,339,124,0,0
5,0,0,0,34,0,292,2,0
9,0,1,0,51,603,122,0,0
0,1,0,0,31,3384,153,2,0
0,2,0,0,50,83,40,0,0
0,0,0,0,49,276,62,0,0
3,0,1,0,54,-10,490,0,0
1,1,0,0,51,11222,126,7,0
5,0,1,0,37,0,153,0,0
6,0,1,0,52,145,205,0,0
6,0,1,0,44,26,119,0,0
1,0,1,0,43,764,557,0,0
0,0,0,0,29,16,605,0,0
0,1,0,0,30,3905,112,0,0
0,0,1,0,58,111,39,2,0
3,0,2,0,53,465,111,0,0
0,1,0,0,33,794,12,0,0
5,0,0,1,51,0,124,0,0
5,0,1,0,33,582,256,0,0
1,1,1,0,38,553,178,8,0
6,0,1,0,38,5293,475,6,0
8,1,1,0,34,1965,714,0,0
0,0,0,0,34,62,169,0,0
3,0,1,0,28,5611,340,0,0
0,2,1,0,43,0,75,0,0
0,2,0,0,35,146,720,0,0
5,1,1,1,26,236,8,0,0
3,1,1,0,38,578,112,0,0
3,0,1,0,53,25,528,0,0
1,0,1,1,31,522,308,0,0
0,0,0,0,41,2665,112,10,0
3,0,-1,0,54,6251,421,0,0
3,0,1,0,37,903,124,0,0
3,1,2,1,31,485,447,0,0
4,0,1,1,59,997,250,0,0
5,0,1,1,45,597,188,0,0
0,2,0,0,36,1057,230,2,0
1,0,1,0,52,83,135,0,0
3,0,2,0,55,23,291,0,0
8,0,2,0,27,7459,407,0,0
4,0,0,0,60,2194,31,9,0
9,2,2,0,54,1194,58,0,0
0,0,0,0,45,786,84,0,0
6,2,1,1,51,974,255,0,0
7,0,1,0,60,0,97,0,0
0,0,0,0,41,3769,94,0,0
8,2,1,1,47,0,127,8,0
6,0,1,0,39,100,132,0,0
5,0,1,0,31,377,384,0,0
1,0,1,0,31,659,135,0,0
3,0,1,0,35,616,317,0,0
0,0,1,0,44,13054,23,0,0
5,1,1,0,28,460,741,0,0
5,0,1,0,28,629,107,2,0
6,1,1,0,31,211,226,0,0
1,1,1,0,37,1435,724,0,0
1,2,1,0,36,160,142,0,0
1,2,0,0,53,647,512,0,0
8,0,1,1,44,317,4,0,0
0,1,1,1,27,0,125,0,0
4,0,1,0,53,1630,160,0,0
1,0,0,0,33,5641,168,0,0
3,0,2,0,45,71,355,0,0
1,1,1,1,41,297,140,0,0
3,2,2,1,36,715,128,0,0
0,1,0,0,30,3110,133,0,0
0,1,0,0,35,2015,60,1,0
2,0,0,0,32,3192,44,0,0
4,0,2,0,57,3401,271,0,0
6,0,1,0,32,118,20,0,0
1,1,-1,0,43,11115,476,2,0
3,0,1,0,58,1298,516,0,0
3,0,2,0,57,831,166,0,0
6,0,1,0,45,520,714,0,0
7,0,0,0,59,2013,409,0,0
6,1,1,0,44,532,550,2,0
0,0,0,0,33,340,402,0,0
0,0,0,0,35,323,261,0,0
3,1,1,0,34,215,350,0,0
10,1,1,0,28,20,455,0,0
7,1,2,1,35,45,81,0,0
1,0,0,0,32,1129,189,0,0
4,0,1,0,59,0,363,6,0
1,1,1,0,42,417,177,0,0
1,2,1,0,43,-191,76,0,0
3,0,2,0,46,323,108,0,0
3,0,1,0,29,9,236,0,0
3,2,1,0,56,9698,189,0,0
3,0,2,1,46,0,390,0,0
1,2,1,0,49,229,219,0,0
0,0,0,0,46,2817,543,0,0
0,0,0,0,50,0,89,0,0
1,0,1,0,30,4733,81,0,0
3,0,2,0,49,0,103,0,0
0,0,0,0,49,15,166,2,0
6,1,1,0,37,510,322,0,0
3,1,1,0,26,82,654,0,0
1,1,1,1,45,586,32,0,0
0,1,0,0,33,641,147,7,0
4,0,2,0,56,1947,225,5,0
2,0,1,0,40,1416,210,0,0
0,0,1,0,34,-285,192,3,0
1,1,1,0,28,122,155,0,0
4,2,-1,0,58,5920,255,0,0
8,0,0,0,55,5345,278,0,0
3,0,2,0,59,0,167,0,0
1,0,-1,0,48,5543,143,0,0
6,1,1,0,30,334,389,0,0
0,0,0,1,35,3217,215,0,0
1,0,1,1,40,96,29,0,0
3,0,1,0,57,1859,72,0,0
1,0,1,0,37,277,244,0,0
3,1,2,0,34,1702,22,0,0
5,2,1,0,41,220,142,2,0
5,1,1,0,32,540,379,0,0
1,0,1,0,30,384,73,0,0
5,1,1,0,40,1322,26,0,0
3,1,1,1,32,3658,56,0,0
0,0,0,0,37,887,257,0,0
0,1,0,0,52,5728,79,0,0
1,2,0,0,42,765,78,0,0
1,0,1,0,36,1840,61,0,0
1,0,0,0,51,825,977,0,0
0,0,1,0,30,471,73,0,1
6,0,1,1,34,2021,51,8,0
7,1,1,0,27,49,208,0,0
0,0,0,0,36,22,91,0,0
3,0,1,0,45,2429,171,0,0
7,0,0,0,36,4515,408,0,0
0,0,0,0,57,2416,74,0,0
5,2,1,0,49,63,435,0,0
4,0,1,0,60,262,393,0,0
5,0,1,0,32,0,141,0,0
3,0,2,0,42,1455,279,2,0
6,1,1,0,34,2,153,0,0
3,0,1,0,52,184,92,0,0
2,0,0,0,32,281,18,2,0
1,1,1,0,49,74,130,0,0
3,2,1,0,38,0,230,0,0
0,0,0,0,30,42,115,0,0
8,1,2,0,29,34,227,0,0
0,0,1,0,58,111,58,0,0
9,0,1,0,34,390,659,0,0
1,0,1,0,33,79,144,0,0
8,0,2,0,47,2946,60,0,0
1,1,1,0,31,138,91,2,0
3,0,2,0,27,1535,238,0,0
0,0,2,0,49,267,198,0,0
8,1,1,0,35,221,374,0,0
3,0,2,0,29,1280,629,0,0
5,0,0,0,32,281,226,0,0
0,0,0,0,62,0,78,0,0
1,0,1,0,35,0,139,0,0
5,0,1,0,31,113,474,0,0
5,0,1,0,41,-5,38,0,0
2,0,0,1,43,0,184,0,1
10,1,0,0,26,2,121,2,0
0,2,1,0,51,3348,122,0,0
9,0,2,1,44,64,223,0,0
6,1,0,0,39,1222,251,2,0
1,0,1,0,40,372,365,2,0
6,0,1,0,33,56,9,0,0
0,0,0,0,37,1967,774,0,0
3,1,1,0,44,0,64,1,0
6,0,1,0,30,-846,117,0,1
3,1,1,0,31,3,200,0,0
5,0,1,0,38,1933,622,0,0
7,1,0,0,36,1240,812,0,0
3,0,1,0,33,-338,91,0,0
9,1,1,0,26,229,60,0,0
5,0,1,0,36,-323,118,0,0
3,1,2,0,57,739,172,1,0
1,0,1,1,47,-545,140,0,0
6,0,2,0,42,124,164,2,0
4,0,-1,0,76,992,139,0,0
4,0,0,0,61,5267,226,0,0
3,0,2,0,48,5172,144,0,0
1,2,1,0,44,314,18,1,0
4,0,2,1,60,174,157,1,0
9,0,0,0,34,897,197,0,0
1,0,0,0,37,0,53,0,0
1,0,1,0,43,297,119,0,0
6,0,1,0,49,-33,774,0,0
5,1,0,0,31,541,100,0,0
2,0,2,0,36,3352,503,0,0
10,1,0,0,30,3094,116,0,0
0,0,0,1,42,255,238,0,0
0,0,0,1,52,0,541,5,0
3,0,1,0,54,1765,188,0,0
3,0,1,1,32,-208,325,0,0
3,0,1,1,40,-481,174,0,0
5,0,1,0,29,500,8,0,0
3,1,-1,0,35,484,143,1,0
9,1,2,0,53,80,230,0,0
2,0,0,1,59,1553,79,0,0
5,0,1,0,35,1345,135,0,0
5,0,1,0,49,-209,171,0,0
3,0,-1,0,39,1096,246,0,0
-1,2,1,0,58,3111,166,0,0
5,0,1,1,35,1035,274,0,0
1,0,1,0,47,1571,261,2,0
6,0,1,0,39,2,174,0,0
1,1,0,0,31,36,111,0,0
3,0,1,0,46,836,199,0,0
5,0,0,1,33,69,77,0,0
3,2,1,0,39,42,226,0,0
-1,0,0,0,55,0,409,0,0
6,2,1,0,34,27,192,0,0
3,0,1,0,39,10005,241,0,0
1,1,1,0,31,205,342,0,0
6,2,2,0,45,3854,10,0,0
0,1,0,0,28,145,277,0,0
8,0,1,1,38,0,437,0,0
0,0,0,0,33,250,377,0,0
5,0,1,0,45,-547,214,0,0
6,0,1,1,44,1989,106,0,0
0,1,0,0,30,234,206,2,0
5,0,0,0,41,1536,54,0,0
3,0,2,0,49,3028,216,3,0
3,0,2,0,23,-213,165,0,0
6,2,2,1,26,2,22,0,1
5,1,1,0,28,-103,252,0,0
1,1,1,0,34,264,222,0,0
0,0,0,0,50,2809,200,9,0
0,1,0,0,32,2536,958,0,0
0,0,0,0,53,1945,22,7,0
1,2,1,0,35,2047,66,0,0
5,1,1,0,40,877,318,0,0
1,2,0,1,55,2848,121,0,0
3,0,1,1,36,0,240,1,0
2,0,0,0,39,628,97,0,0
1,1,0,0,42,171,143,0,0
4,2,0,0,73,3203,148,0,0
5,1,1,0,29,65,9,0,0
1,0,0,0,29,975,56,0,0
5,0,1,0,44,-137,151,0,0
5,1,0,0,33,0,93,0,0
0,1,0,0,32,631,145,0,0
6,0,1,0,57,6,1182,0,0
4,2,1,1,53,-200,161,0,1
0,0,0,0,47,2919,153,0,0
5,1,0,0,23,897,190,8,0
3,0,1,0,38,502,209,0,0
1,2,1,0,56,0,139,4,0
5,0,1,0,32,277,231,0,0
6,0,1,0,25,-454,24,0,0
0,1,0,0,30,234,242,0,0
3,2,1,1,31,0,913,0,0
6,0,1,0,35,2791,45,0,0
3,0,2,0,52,796,150,0,0
3,0,1,1,32,120,214,0,0
0,0,0,1,39,15,90,0,0
1,0,1,0,60,824,127,7,0
0,0,1,0,35,674,87,0,0
4,0,1,0,58,0,153,0,0
1,0,0,0,42,14282,77,4,0
3,0,1,0,36,-477,473,0,0
1,0,1,0,38,205,332,0,0
0,1,0,0,35,1045,61,0,0
3,0,2,1,50,859,56,7,0
0,0,0,0,44,0,43,0,0
3,0,1,0,35,3595,30,0,0
3,2,1,0,56,166,350,0,0
3,0,1,0,36,412,244,0,0
1,0,2,0,56,675,137,0,0
6,0,1,0,54,88,190,0,0
3,1,2,0,34,709,106,0,0
4,2,2,1,59,137,66,0,0
5,1,1,0,31,358,180,0,0
2,0,-1,1,46,676,106,0,0
1,0,-1,0,35,208,214,0,0
1,1,0,0,42,135,384,0,0
5,0,0,0,37,3913,57,1,0
4,0,1,0,59,1887,88,0,0
3,0,2,0,44,-101,679,4,0
0,1,0,0,34,603,787,0,0
7,1,0,0,38,917,260,0,0
3,0,1,0,57,75,157,0,0
3,0,2,0,52,4660,82,0,0
1,1,0,0,37,1661,199,0,0
0,0,0,1,35,36,1656,0,0
1,1,0,0,31,6138,134,0,0
0,0,0,0,52,1295,121,1,0
6,1,1,0,29,184,46,0,0
0,0,0,0,40,481,198,0,0
3,2,1,0,41,-333,118,2,0
4,0,1,0,56,0,333,0,0
6,1,1,0,28,129,32,0,0
4,2,1,0,70,6850,228,4,0
3,0,2,0,54,2102,76,0,0
5,1,1,0,28,649,481,0,0
0,0,0,0,35,641,41,0,0
3,0,1,0,31,1361,176,0,0
1,0,1,0,49,8689,586,0,0
4,0,2,0,54,0,159,0,0
6,0,1,0,30,1801,807,0,0
1,0,1,0,49,905,90,1,0
3,0,2,0,45,1335,88,0,0
3,0,1,0,35,884,6,0,0
0,0,0,0,45,9711,416,0,0
3,0,1,0,37,-510,461,0,0
3,1,1,0,29,391,166,0,0
4,0,1,0,57,283,123,0,0
0,1,0,0,42,1285,21,4,0
5,1,1,0,28,2290,2301,0,0
0,1,0,0,35,1045,204,0,0
1,1,1,0,35,1693,515,0,0
5,1,1,0,28,1823,237,0,0
1,0,1,1,35,8,19,0,0
0,1,0,0,33,101,393,1,0
3,0,2,1,46,-169,336,0,0
3,1,1,0,28,1348,221,0,0
3,1,2,0,38,1465,239,0,0
0,1,0,0,32,0,255,0,0
6,0,2,0,48,222,127,1,0
7,0,2,1,55,2349,350,0,0
5,0,1,0,44,-204,105,2,1
7,0,1,0,38,279,110,0,0
6,0,1,1,46,25,167,0,0
1,0,1,0,46,1028,96,1,0
3,0,1,1,41,1882,165,0,0
6,1,1,0,39,-189,76,0,0
3,0,2,0,45,0,454,0,0
4,2,1,0,55,2204,213,0,0
3,1,1,0,39,653,54,0,0
1,0,1,0,53,31,90,0,0
3,0,1,0,36,1554,325,0,0
0,2,0,1,40,492,125,0,0
1,0,0,0,46,53,12,0,0
4,2,2,0,39,284,180,0,0
3,1,2,0,28,16,217,0,0
-1,0,-1,0,37,1699,63,0,0
1,1,1,0,34,1161,192,0,0
3,0,2,0,47,0,71,0,0
0,0,1,0,42,275,139,0,0
9,0,2,0,34,0,77,0,0
9,0,2,0,57,2,138,0,0
6,1,2,0,48,848,98,0,0
5,1,1,0,54,15,93,0,0
3,0,1,0,31,4471,296,0,0
0,1,0,0,27,625,554,0,0
9,0,2,0,45,7353,536,0,0
7,2,1,0,37,231,250,0,0
5,0,1,1,40,1327,76,0,0
6,0,1,0,47,1160,117,4,0
5,2,1,0,49,1180,139,4,0
0,0,0,0,43,41630,68,0,0
5,2,1,0,40,2550,424,0,0
0,0,0,0,39,305,275,0,0
6,0,1,1,55,-626,369,5,0
1,1,1,0,57,104,297,0,0
3,0,2,0,33,2064,18,0,0
5,1,1,0,34,0,214,2,0
0,1,0,0,25,2305,193,1,0
3,1,1,0,25,381,951,0,0
0,0,0,0,40,0,232,0,0
3,0,1,0,51,548,511,0,0
0,1,1,0,30,24,29,0,0
6,0,1,1,56,9,285,0,0
6,0,1,0,32,0,75,0,0
0,0,0,0,50,2881,510,5,0
0,1,0,0,40,732,148,0,0
0,0,0,0,44,10950,84,0,0
9,2,1,0,60,2063,54,3,0
5,2,1,1,34,1186,131,0,0
4,0,2,0,58,282,40,0,0
0,1,0,0,29,29,144,0,0
5,1,0,0,26,760,164,7,0
3,0,2,0,60,1723,160,3,0
7,0,0,0,31,322,159,0,0
5,0,1,0,31,8781,680,1,0
1,2,1,1,36,664,266,0,0
1,0,1,0,60,294,104,4,0
5,0,1,0,49,1677,19,0,0
1,0,1,0,41,741,606,6,0
9,0,1,0,48,0,270,0,0
0,0,0,0,42,0,65,0,0
0,1,0,0,32,1836,96,0,0
0,0,1,0,49,249,234,0,0
5,0,2,0,58,0,109,0,0
-1,0,2,0,58,15,57,0,0
0,0,0,1,42,-1,185,0,0
3,2,1,0,36,-159,382,0,0
10,1,1,0,25,304,152,2,0
3,1,2,1,46,3046,84,1,0
3,0,1,0,36,3578,45,0,0
3,1,1,0,44,0,133,0,0
0,0,0,0,37,0,129,2,0
3,0,2,1,50,4121,177,0,0
0,1,0,0,29,92,175,0,0
0,0,0,1,32,578,29,0,0
4,0,2,1,61,296,323,0,0
0,0,0,0,50,-151,63,0,0
0,1,0,0,31,155,291,0,0
1,2,1,1,39,17441,1,0,0
1,0,1,0,45,1415,311,0,0
3,0,2,1,43,-98,112,3,0
1,0,0,1,44,1818,247,0,0
1,1,1,0,33,268,275,0,0
1,0,-1,0,62,635,292,1,0
3,0,1,0,44,3060,87,3,0
1,0,0,0,48,0,58,0,0
9,0,2,0,32,67,95,0,0
3,0,2,0,48,554,263,0,0
7,0,0,0,36,943,115,0,0
1,0,1,0,30,776,861,0,0
3,1,1,0,27,113,39,0,0
1,0,1,0,39,94,182,0,0
7,0,0,0,34,5498,265,0,0
10,1,-1,0,33,5969,156,8,0
1,0,1,0,59,259,224,0,0
5,0,1,0,34,159,124,0,0
6,1,1,0,28,1059,146,1,0
3,0,1,1,50,1293,82,0,0
1,0,1,0,46,488,92,0,0
3,1,2,0,36,49,405,0,0
3,1,1,0,32,2696,445,0,0
1,0,1,0,33,557,367,0,0
3,0,1,0,48,-404,130,0,0
0,1,0,0,28,3611,141,0,0
3,0,1,0,49,2039,283,0,0
1,1,0,0,36,470,123,13,0
6,2,1,0,37,1472,126,0,0
0,1,0,0,36,1379,189,1,0
3,0,2,0,30,-5,518,0,0
5,0,0,1,32,0,85,0,0
2,0,2,0,43,526,79,0,0
1,1,0,0,40,539,121,0,0
3,2,1,0,42,667,419,0,0
1,0,1,1,31,0,114,0,0
1,1,1,0,32,40,419,0,0
10,0,0,0,35,387,1024,3,0
6,2,1,1,44,12,5,0,0
1,0,0,0,32,3538,95,0,0
4,1,0,0,63,791,212,0,0
3,0,1,0,28,597,223,0,0
0,1,0,1,28,2249,595,0,0
9,0,2,0,63,333,321,0,0
5,1,0,0,33,1077,118,0,0
3,0,1,0,44,0,101,0,0
0,0,0,0,30,10884,333,0,0
6,1,1,0,31,831,106,0,0
1,1,0,0,39,1043,195,0,0
3,0,2,0,32,158,84,0,0
3,0,2,0,37,1720,118,0,0
5,0,1,0,46,0,135,0,0
6,0,1,1,54,-22,85,0,0
0,1,0,0,34,421,383,0,0
1,0,1,0,45,1395,243,0,0
1,0,1,0,31,141,110,0,0
6,0,1,0,46,273,565,0,0
3,0,1,0,35,635,265,0,0
10,1,0,0,35,7,72,1,0
4,0,2,0,73,796,888,3,0
5,0,1,0,56,5310,74,0,0
6,0,1,0,30,3929,593,0,0
4,0,1,0,59,5706,471,0,0
3,0,2,0,40,540,21,0,0
0,0,2,0,45,4629,285,0,0
1,1,1,0,27,218,1462,1,0
3,1,0,0,29,455,542,3,0
6,2,1,0,34,1281,237,0,0
1,2,1,0,48,791,219,0,0
0,0,0,0,36,5367,324,2,0
0,1,0,0,33,71,107,0,0
3,0,2,1,34,351,326,0,0
0,0,0,1,56,-1493,119,0,0
1,2,0,0,51,4596,334,0,0
0,0,0,0,48,1,248,0,0
5,2,1,0,50,223,221,0,0
1,1,1,0,39,15,510,0,0
2,0,0,0,31,5191,187,0,0
0,1,0,0,32,1271,51,0,0
1,2,1,0,54,1705,367,0,0
0,0,0,0,30,1567,1133,0,0
0,1,0,1,31,74,13,0,0
6,0,1,0,39,5731,175,0,0
1,0,0,1,31,702,157,29,0
0,0,0,0,38,1223,1092,0,0
3,0,1,1,36,-347,109,0,1
3,0,1,0,41,290,240,0,0
3,0,2,0,33,410,396,2,0
5,0,0,0,32,653,84,0,0
3,0,2,0,46,2904,277,0,0
3,0,2,0,37,287,73,3,0
0,0,0,0,54,214,68,0,0
1,0,1,0,42,-158,124,0,0
0,2,0,0,49,2564,744,0,0
5,1,0,0,27,43,95,0,0
9,0,0,0,55,4235,973,0,0
3,0,1,0,30,2150,465,0,0
1,0,0,0,50,5114,286,2,0
5,0,1,1,58,-1196,256,0,0
10,1,0,0,26,2,120,0,0
3,1,1,0,23,-207,277,0,1
0,1,0,0,30,2900,147,0,0
5,1,1,0,22,372,218,0,0
0,0,0,1,53,57,84,0,0
4,0,1,0,42,56,215,0,0
6,0,1,0,46,523,504,0,0
3,2,1,0,44,558,485,0,0
6,0,1,0,53,1713,160,0,0
0,1,0,0,26,141,74,0,0
4,0,0,0,55,101,111,0,0
6,1,0,0,30,44,108,0,0
8,0,1,1,51,74,289,0,0
6,0,1,0,46,417,219,1,0
3,0,2,0,55,5109,55,0,0
5,0,1,1,44,1807,229,1,0
8,0,2,0,49,-384,25,0,0
1,1,1,0,35,-89,75,1,0
5,0,0,0,39,259,27,0,0
3,1,1,0,30,1012,22,1,0
0,0,0,0,46,0,87,0,0
7,0,0,0,39,1047,554,0,0
2,0,-1,1,46,4,171,0,0
3,0,1,1,57,1521,102,5,0
0,0,0,0,51,1944,217,0,0
0,1,0,1,29,1422,29,0,0
0,2,1,0,37,16,638,0,0
3,0,1,0,46,-3,92,0,0
0,0,0,0,35,648,674,0,0
1,1,1,0,27,527,118,0,0
10,1,0,0,25,938,36,1,0
2,0,0,1,36,84,306,0,0
0,2,0,0,46,507,1196,0,0
2,2,1,0,52,302,169,0,0
3,2,2,0,50,31,237,0,0
1,0,1,0,52,195,220,5,0
9,0,2,0,37,189,148,0,0
1,0,1,0,31,1951,519,0,0
1,0,1,1,36,368,1597,0,0
1,0,0,0,43,1485,180,0,0
4,2,1,0,53,797,14,0,0
0,0,0,0,53,241,137,0,0
1,2,1,0,51,43,220,0,0
5,1,1,0,26,985,267,0,0
1,0,0,0,39,206,148,2,0
1,2,1,0,42,214,127,0,0
5,0,1,0,30,521,648,0,0
0,2,0,1,31,10,167,0,1
5,0,-1,0,54,-337,288,0,0
3,0,2,0,43,2605,347,0,0
5,0,1,0,37,1049,126,0,0
1,0,1,0,32,1308,274,0,0
5,1,0,0,37,635,238,2,0
6,2,1,0,41,2769,96,0,0
4,0,2,0,60,55,207,0,0
5,1,2,0,37,912,637,22,0
1,2,1,0,46,-824,429,0,0
3,0,2,0,49,0,210,0,0
2,0,0,0,34,7962,96,0,0
8,0,2,0,47,4274,852,0,0
3,1,1,0,30,3950,152,3,0
3,0,2,0,34,654,152,0,0
10,1,0,0,36,129,918,1,0
4,2,0,0,62,0,227,0,0
4,2,2,0,57,698,135,2,0
0,0,0,0,45,849,60,0,0
1,2,1,0,44,14,167,1,0
0,1,0,1,31,308,262,2,0
0,1,0,0,36,1027,151,0,0
6,1,1,0,28,387,158,0,0
9,1,1,0,41,2184,98,2,0
4,0,0,0,53,74,122,0,0
1,0,1,0,42,688,38,0,0
7,1,0,0,34,9962,474,0,0
0,2,2,0,58,5914,69,0,0
6,1,1,0,32,187,315,0,0
4,0,0,0,58,5087,63,1,0
1,0,-1,0,57,345,125,0,0
7,0,2,1,34,7468,383,0,0
3,2,1,0,57,1103,98,0,0
3,0,1,0,42,600,277,0,0
3,0,2,0,27,416,1193,0,0
5,0,0,1,28,167,126,0,0
1,0,1,0,40,34,68,0,1
0,1,0,0,30,358,88,0,0
9,0,2,0,32,51,324,0,0
7,2,1,0,56,0,348,0,0
3,0,2,0,42,832,13,0,0
0,1,1,0,30,1913,250,0,0
3,0,2,0,44,2791,335,0,0
6,0,1,0,35,437,240,0,0
-1,0,0,0,75,643,522,0,0
10,1,1,0,27,8366,458,1,0
3,0,2,0,52,0,322,0,1
5,2,1,0,35,1803,61,0,0
3,0,2,0,49,0,370,0,0
3,0,1,0,31,0,245,0,0
8,0,2,0,47,324,462,0,0
5,0,1,0,25,894,328,0,0
6,1,1,1,35,1227,283,0,0
0,0,0,0,32,1544,265,0,0
1,0,0,0,30,564,166,0,0
0,1,0,0,29,5894,223,0,0
5,0,2,0,50,458,116,1,0
1,1,1,0,31,2846,174,0,0
5,0,1,0,46,3098,192,0,0
0,2,0,1,55,5253,378,19,0
3,2,1,0,41,1491,100,0,0
0,0,0,0,57,1172,26,0,0
6,1,1,1,23,1393,42,0,0
0,1,0,0,34,2679,195,0,0
1,0,1,0,38,994,119,0,0
6,1,1,0,25,7604,107,0,0
9,0,-1,0,56,1780,111,0,0
1,0,-1,1,55,1393,55,0,0
1,1,1,1,33,647,124,1,0
1,1,1,1,29,-522,89,0,0
4,0,1,0,60,5789,50,0,0
0,0,0,0,38,5779,75,0,0
7,0,0,0,42,10072,137,1,0
5,1,0,0,34,1077,218,5,0
3,0,1,0,34,182,938,0,0
3,0,1,1,51,463,114,0,0
1,0,-1,0,56,84,65,1,0
3,0,2,0,42,15,230,0,0
1,0,1,0,34,118,53,2,0
3,1,1,0,32,706,152,0,0
3,0,-1,0,40,1181,718,2,0
1,0,1,0,47,147,136,0,0
8,2,2,0,36,0,304,0,0
3,0,1,1,31,990,92,0,0
1,1,0,0,28,356,76,0,0
1,1,1,0,46,874,819,0,0
1,0,1,0,51,12061,332,0,0
3,0,1,0,36,975,186,1,0
1,1,1,0,30,23,137,0,0
10,1,1,0,29,459,279,19,0
0,0,1,0,27,2071,449,0,0
10,1,1,0,27,274,283,0,0
0,1,0,0,40,0,79,4,0
4,0,2,0,59,2568,63,0,0
5,0,1,0,36,90,166,0,0
0,1,0,0,39,12437,40,0,0
5,1,0,0,34,3092,115,0,0
2,2,1,0,39,-271,406,0,0
0,0,0,0,49,1105,13,2,0
7,0,0,0,39,3201,197,0,0
1,0,0,0,47,1430,120,0,0
0,1,0,0,34,1396,630,0,0
0,0,0,0,37,6743,13,0,0
3,0,1,0,36,1088,77,2,0
3,0,2,1,51,0,946,0,0
5,1,1,0,38,100,786,0,0
1,1,-1,0,49,443,25,0,0
4,0,2,0,67,585,164,1,0
0,2,0,0,34,0,1283,0,0
0,2,0,0,34,2466,143,5,0
5,0,1,0,44,10354,96,0,0
1,0,1,1,54,3994,595,2,0
10,1,1,0,29,948,75,0,0
10,1,1,0,21,216,414,0,0
1,0,1,0,37,1613,266,11,0
3,2,2,0,49,24,701,1,0
0,0,0,0,54,3395,199,0,0
3,0,2,0,52,126,93,0,0
0,1,0,0,38,455,255,6,0
1,0,1,1,54,3967,90,0,0
1,2,1,0,44,809,118,0,0
6,1,0,0,40,8823,378,0,0
1,1,1,1,27,3485,282,0,0
7,0,1,1,54,745,110,0,0
0,1,0,0,27,207,240,0,0
0,0,0,0,36,0,97,0,0
4,0,1,0,79,8304,303,0,0
6,0,1,1,55,953,125,0,0
6,0,1,0,32,201,110,0,0
4,0,2,0,74,0,562,0,0
5,1,0,0,24,674,267,0,0
1,0,1,0,32,6172,93,0,0
0,0,0,0,38,178,170,0,0
1,1,1,0,29,3466,274,0,0
3,0,2,1,51,-101,60,0,0
6,0,1,0,31,246,230,0,0
3,1,2,0,30,395,429,0,0
1,0,1,0,58,-942,131,0,0
1,0,1,0,30,817,180,0,0
1,1,0,0,31,967,210,0,0
0,0,0,0,57,1218,317,0,1
1,0,0,0,31,19,243,0,0
0,0,0,0,55,-375,814,0,0
3,0,1,0,33,580,36,0,0
5,0,1,0,45,129,145,0,0
3,0,1,1,39,660,93,3,0
-1,0,-1,0,47,677,384,4,0
6,1,1,1,28,-221,1090,0,0
0,1,0,0,31,713,162,0,0
0,1,1,0,30,293,232,2,0
1,0,0,0,43,4333,1490,0,0
5,1,0,0,36,649,224,1,0
0,0,-1,0,45,169,58,0,0
1,0,0,0,48,310,135,0,0
1,2,1,0,52,-558,152,0,0
6,1,1,0,32,358,1144,0,0
5,0,1,1,41,1395,85,2,0
3,0,1,0,54,1777,13,6,0
1,1,1,1,35,705,177,3,0
2,2,0,0,55,903,536,0,0
2,0,0,1,34,145,127,0,0
4,0,2,1,50,172,7,0,0
9,0,2,0,58,3957,76,0,0
3,2,2,0,41,1498,10,0,0
0,0,0,0,36,269,155,0,0
0,1,0,0,34,14,47,0,0
0,0,2,1,49,1330,37,0,0
6,0,1,0,23,2211,210,0,0
3,0,1,0,50,289,73,0,0
8,0,2,0,40,-78,2053,0,0
0,0,0,0,50,4,143,0,0
7,0,1,0,43,487,54,4,0
3,0,1,0,40,1539,204,0,0
5,1,1,0,42,277,121,0,0
1,0,1,1,39,-112,187,0,0
5,2,1,0,48,1108,420,0,0
1,0,0,1,32,0,223,2,0
3,1,0,0,44,827,65,0,0
1,0,1,0,40,4341,290,0,0
8,1,1,0,37,42,99,0,0
6,0,1,0,44,27,485,0,0
1,1,1,0,38,207,76,0,0
3,1,1,0,36,2390,446,0,0
5,1,1,0,25,507,832,3,0
0,1,0,0,41,4522,55,0,0
0,0,0,0,36,8564,125,0,0
3,0,2,0,44,1669,64,0,0
5,0,1,1,35,907,97,0,0
2,0,2,0,49,3112,410,0,0
6,2,2,1,38,92,118,0,0
0,1,0,0,31,1675,114,1,0
1,0,1,0,50,31,251,0,0
2,0,0,0,39,2644,253,0,0
1,1,1,0,36,27,631,2,0
6,1,1,0,28,217,379,0,0
1,0,1,0,52,195,145,2,0
6,1,1,0,48,220,1005,0,0
0,0,0,0,46,-591,126,0,0
0,1,0,0,25,145,145,1,0
3,0,1,0,42,494,154,0,0
2,1,0,0,43,5347,189,0,0
3,0,-1,0,45,5640,18,0,0
5,1,1,0,38,902,58,0,0
3,0,1,0,46,1568,310,6,0
6,0,1,0,33,766,22,0,0
4,0,2,0,73,934,961,0,0
5,1,1,1,32,45,908,7,0
5,2,2,0,57,179,67,2,0
0,0,0,0,42,4,795,0,0
5,0,1,1,37,10,162,0,0
1,1,0,0,37,1309,442,0,0
3,0,2,0,44,420,110,0,0
5,0,1,1,50,3258,56,0,0
3,0,2,0,28,206,155,0,0
8,1,1,0,31,0,324,0,0
3,1,1,0,35,218,93,0,0
4,0,-1,0,77,38,261,0,0
2,0,0,0,63,2707,57,0,0
3,1,2,0,32,1426,114,0,0
0,0,0,0,26,243,482,0,0
5,1,1,0,27,685,672,0,0
5,0,1,0,45,6971,119,0,0
3,0,1,0,36,2848,265,0,0
5,0,1,0,40,3126,200,0,0
1,1,1,1,30,656,523,0,0
3,0,2,0,51,51,121,0,0
1,0,1,0,32,524,100,1,0
3,0,2,0,40,14,135,0,0
4,0,0,0,66,0,177,0,0
6,1,1,0,39,117,190,0,0
3,0,2,1,57,5431,383,0,0
0,0,0,0,37,4044,87,0,0
0,0,1,0,29,5284,321,0,0
5,1,0,0,25,220,68,0,0
0,0,1,0,39,517,240,5,0
5,0,1,0,38,260,446,0,0
3,0,1,0,49,64,293,0,0
1,1,1,0,43,1462,75,0,0
0,0,0,1,44,2365,159,0,0
3,0,1,0,46,450,198,0,0
0,1,0,1,32,135,67,0,0
5,1,1,0,36,9,473,0,0
6,1,1,0,42,7704,153,0,0
6,0,1,0,59,0,214,0,0
5,0,1,1,52,192,93,0,0
6,1,1,0,37,1045,106,3,0
9,0,2,0,52,1837,118,0,0
0,0,0,1,60,-108,79,0,1
0,0,0,0,40,285,322,3,0
3,2,1,0,51,421,216,0,0
0,0,0,0,32,2667,251,4,0
6,0,1,0,31,179,365,1,0
6,0,1,0,33,210,1207,0,0
1,1,1,0,32,55,185,0,0
5,1,1,0,33,206,287,0,0
1,0,1,0,31,180,222,2,0
6,0,2,1,44,2226,55,0,0
5,0,1,0,36,1054,214,0,0
1,0,2,0,47,1280,51,0,0
6,1,1,0,26,81,63,0,0
6,2,1,0,34,5934,82,0,0
0,0,0,0,55,161,226,0,0
6,2,1,0,35,828,87,0,0
0,1,1,0,36,532,50,0,0
6,0,1,1,26,13,21,0,1
0,0,0,0,56,3039,420,0,0
3,0,1,1,40,356,1254,1,0
3,1,1,1,33,266,100,0,0
0,0,0,0,51,4917,113,0,0
5,0,1,1,40,1395,122,0,0
1,1,1,0,32,7558,581,0,0
1,0,1,1,39,484,61,3,0
8,1,0,0,60,361,1837,0,0
3,0,1,1,31,23,384,0,0
6,2,1,0,35,-504,228,0,0
1,0,1,0,36,24,58,1,0
1,0,0,0,38,51,39,0,0
4,0,2,0,79,429,1006,0,0
4,0,1,0,54,2626,221,2,0
1,2,1,1,36,666,190,1,0
3,0,1,0,43,4520,100,0,0
3,0,1,0,28,61,253,4,0
2,2,0,0,45,0,325,0,0
-1,0,1,0,43,703,96,1,0
0,0,0,0,48,-4,97,0,1
0,0,0,0,31,1514,284,0,0
3,0,1,0,43,1071,411,0,0
8,0,1,0,43,223,200,0,0
8,1,1,0,24,2696,107,0,0
3,1,1,0,34,341,195,0,0
3,1,1,0,32,22,280,0,0
0,1,0,0,30,0,293,2,0
3,1,2,0,32,1959,348,0,0
6,1,1,0,25,5533,50,0,0
0,1,0,0,31,12857,483,2,0
1,1,0,0,45,2087,29,0,0
3,0,1,0,32,491,223,0,0
4,0,2,0,57,808,274,0,0
10,1,1,0,23,234,33,7,0
6,0,-1,0,39,-516,86,0,0
1,1,1,0,27,1187,120,0,0
6,1,1,0,41,0,204,0,0
1,2,1,0,44,752,363,0,0
1,0,1,0,44,265,453,0,0
0,0,0,1,43,15423,170,0,0
5,0,-1,0,54,140,521,0,0
8,0,1,0,55,1339,299,0,0
3,1,1,1,28,0,165,0,1
1,0,1,1,58,471,61,0,0
1,0,1,0,43,3723,134,0,0
1,0,1,0,38,1409,9,0,0
0,0,0,0,37,89,162,0,0
1,0,1,0,29,655,225,2,0
6,0,1,0,42,-369,72,0,0
0,0,0,1,30,34,238,0,0
3,0,1,0,51,707,97,0,0
0,0,0,0,60,79,48,0,0
1,0,1,0,51,8863,435,0,0
0,0,-1,0,37,247,192,1,0
0,1,0,0,31,4509,207,0,0
1,1,0,0,29,101,143,0,0
1,0,2,1,55,1498,345,0,0
6,1,1,0,26,397,268,0,0
5,2,1,0,43,729,668,0,0
3,1,1,0,38,0,84,0,0
3,0,1,0,50,6258,139,0,0
9,1,2,0,27,494,16,0,0
3,0,2,1,41,219,1574,0,0
4,0,1,0,64,4083,117,0,0
4,2,2,0,79,20,165,1,0
10,1,-1,0,21,200,8,0,0
5,1,1,0,36,319,120,0,0
3,2,2,0,52,-183,145,0,1
8,0,2,0,56,882,169,0,0
1,0,1,1,30,13,205,0,0
3,0,2,0,59,6271,102,0,0
7,1,1,0,30,4011,62,0,0
0,2,0,0,35,3837,1084,0,0
0,0,0,0,36,696,41,0,0
0,1,0,0,49,1556,674,0,0
0,1,0,0,30,424,298,0,0
5,0,1,0,56,510,288,0,0
5,1,1,0,26,677,93,0,0
5,2,1,0,40,1000,98,0,0
3,0,2,1,50,-219,177,0,0
1,1,0,0,56,917,306,0,0
0,2,0,0,54,205,182,0,0
2,0,0,0,56,8741,318,0,0
5,2,1,0,47,295,94,0,0
7,0,1,0,37,2575,505,0,0
1,0,0,1,54,2883,12,0,0
5,2,1,0,35,404,438,0,0
3,0,-1,0,54,363,202,0,0
3,2,1,0,43,-447,85,0,0
8,1,1,0,53,4,259,0,0
4,0,2,0,66,711,137,0,0
3,0,1,0,36,204,28,0,0
2,0,1,0,50,533,171,0,0
3,1,2,0,40,2226,7,0,0
1,1,1,1,30,782,462,0,0
2,0,1,0,46,122,1047,7,0
6,1,1,0,32,6857,85,1,0
5,0,-1,0,60,738,529,0,0
3,0,1,0,39,0,262,0,0
0,0,0,1,37,0,72,0,0
4,0,2,0,58,69,76,0,0
1,2,0,0,32,75,104,9,0
5,0,1,0,33,581,193,0,0
0,0,0,1,35,1471,236,0,0
3,0,2,1,47,25,142,0,1
1,0,1,0,53,-3,1666,0,0
1,0,1,0,41,359,210,0,0
1,0,1,0,53,5303,320,1,0
6,1,1,1,34,194,149,2,0
1,1,1,0,35,354,444,0,0
4,0,1,0,84,81204,679,2,0
6,0,1,0,34,-118,230,0,0
4,2,2,0,56,4,31,0,0
1,0,1,0,42,315,259,0,0
7,0,0,0,43,3157,381,17,0
3,1,1,0,37,48,140,0,0
6,1,1,1,39,230,106,0,0
1,1,0,1,37,487,30,0,0
0,0,0,0,33,71,136,1,0
3,0,2,0,28,32,218,0,0
0,0,0,0,37,156,366,0,0
0,0,0,0,27,312,251,0,0
0,0,1,0,55,51,102,0,0
3,0,1,0,47,1536,41,4,0
0,0,1,0,50,0,152,1,0
5,0,-1,0,56,1167,465,0,0
3,0,2,0,48,643,66,7,0
-1,0,-1,0,46,0,343,0,0
1,0,1,0,50,0,114,2,0
0,0,0,0,52,1355,131,1,0
0,0,0,0,36,3794,230,0,0
1,0,1,0,45,3944,141,0,0
0,0,0,0,60,1573,79,0,0
0,0,0,0,34,580,380,0,0
0,1,0,0,37,499,537,0,0
3,0,2,0,40,-108,149,0,0
3,0,1,0,39,507,136,0,0
0,0,0,0,66,6251,273,10,0
6,0,1,1,48,400,158,0,0
5,1,1,0,40,0,290,0,0
0,2,0,1,33,-255,82,1,0
1,0,1,1,41,-172,132,0,0
2,0,0,0,51,209,130,2,0
3,0,2,0,48,72,114,0,0
10,1,0,0,25,20,127,0,0
0,1,0,0,34,478,73,0,0
3,1,1,0,34,1484,194,0,0
3,1,1,0,33,1925,87,2,0
5,0,1,0,49,635,220,0,0
5,1,1,1,34,-32,89,2,0
3,1,1,1,41,-329,426,0,0
0,2,0,1,31,414,241,0,0
0,0,0,0,38,1354,50,0,0
5,0,1,0,49,2501,50,0,0
5,0,1,0,38,1767,483,7,0
9,0,2,0,66,40,290,0,0
3,2,2,0,32,88,17,0,0
0,0,0,1,27,5262,201,0,0
4,0,-1,1,60,2150,119,0,0
3,2,2,0,39,3970,56,0,0
3,0,2,0,60,2221,2191,0,0
1,2,1,0,52,137,84,0,0
3,0,2,0,33,211,172,0,0
0,1,1,0,36,159,443,0,0
5,0,1,1,36,2061,53,0,0
1,0,0,0,40,602,145,7,0
0,1,0,0,38,3813,117,0,0
4,0,0,0,76,0,92,1,0
3,1,2,0,29,269,40,0,0
4,0,2,1,59,4949,168,0,0
1,2,1,0,35,2,88,0,0
1,0,1,0,29,444,130,0,0
1,0,1,1,54,-315,2029,0,0
3,0,2,0,41,0,232,0,0
5,2,1,0,58,74,514,0,0
0,1,1,0,45,5993,116,0,0
0,0,0,0,33,2071,106,0,0
0,0,0,0,26,5,251,2,0
0,1,0,0,33,62,473,0,0
9,0,2,0,58,435,122,0,0
5,2,1,0,60,12039,261,1,0
3,2,1,0,33,60,190,0,0
0,1,0,1,31,424,224,0,0
0,0,0,0,53,3754,307,2,0
7,2,0,0,34,681,382,0,0
6,0,1,0,43,1625,390,0,0
0,1,0,0,34,0,427,0,0
6,1,1,1,31,-21,507,0,1
0,0,1,0,46,21,124,2,0
6,0,1,0,40,-345,39,0,0
9,0,2,0,40,1832,213,0,0
3,0,1,0,48,558,708,0,0
3,1,1,0,26,-46,382,0,0
3,0,1,0,36,-9,137,0,0
3,0,2,0,34,183,3078,0,0
0,0,0,0,35,86,144,0,0
1,1,1,0,31,18,109,0,0
3,0,2,0,41,1461,554,0,0
0,0,0,0,33,741,228,0,0
0,1,0,1,42,0,384,0,1
3,0,1,0,51,328,203,0,0
1,2,1,0,56,179,536,0,0
0,1,0,0,34,808,376,1,0
1,1,0,0,29,323,118,0,0
3,0,1,0,60,0,111,0,0
5,1,2,0,53,0,155,0,0
3,0,1,0,50,724,139,0,0
3,0,-1,0,38,976,318,0,0
0,1,0,1,30,-58,15,0,0
6,0,1,0,30,-176,47,0,0
4,0,1,1,60,1390,58,0,0
3,0,1,0,53,1570,29,0,0
6,0,1,0,57,315,127,0,0
1,2,1,0,50,0,91,0,0
0,1,0,0,32,1010,67,0,0
4,0,1,0,54,1614,534,0,0
6,0,2,0,31,11,174,0,0
0,1,1,0,31,0,112,2,1
4,0,0,0,60,2868,42,0,0
0,0,0,1,49,68,163,0,0
4,0,1,0,58,630,443,0,0
10,1,0,0,30,0,10,0,0
0,2,-1,0,42,7702,138,0,0
4,2,1,0,59,23,66,0,0
8,1,1,0,32,2706,462,0,0
5,0,1,0,39,441,101,0,0
6,0,0,0,43,2764,270,0,0
3,0,2,0,30,179,764,0,0
1,1,1,0,36,12264,158,0,0
6,1,1,1,27,4,490,0,0
6,0,2,0,43,3,186,0,0
7,1,0,1,49,-341,920,0,0
1,1,2,0,60,11262,323,0,0
8,1,2,0,45,8725,286,0,0
0,0,0,0,43,0,455,0,1
3,0,1,0,39,261,841,0,0
6,0,1,1,29,283,161,0,0
5,1,1,1,29,163,803,0,0
6,0,1,0,33,108,158,0,0
0,0,-1,0,77,1780,361,5,0
3,0,1,0,31,42,210,0,0
0,0,0,0,48,4191,363,0,0
4,0,1,0,66,154,268,2,0
4,2,0,0,53,-309,343,2,0
5,1,1,0,35,424,23,0,0
5,1,0,0,35,4233,135,0,0
1,0,1,0,35,118,236,0,0
10,1,1,0,20,162,106,0,0
1,1,0,0,32,930,85,0,0
3,0,1,0,31,536,22,0,0
1,1,1,0,32,1698,115,0,0
8,2,1,0,59,7469,287,1,0
6,0,1,1,38,311,114,0,0
0,1,0,0,30,3392,194,0,0
1,1,1,0,36,380,134,0,0
1,0,1,0,32,0,134,0,0
0,0,0,0,39,5495,391,0,0
5,0,1,0,34,560,198,0,0
7,0,0,1,39,3059,394,0,0
3,0,2,1,26,40,49,0,0
0,1,0,0,26,170,129,0,0
1,0,0,0,47,282,433,0,0
0,0,1,0,51,1161,717,0,0
6,2,1,1,56,1347,678,0,0
6,0,1,0,40,28,48,0,0
3,1,2,1,31,2369,470,0,0
0,0,0,0,34,1262,478,0,0
0,1,0,0,31,457,38,0,0
3,2,-1,0,40,528,340,5,0
1,0,0,0,33,480,169,0,0
5,0,1,0,34,444,173,0,0
3,0,2,0,27,1,49,0,0
5,0,1,0,59,230,190,0,0
0,2,0,1,32,222,820,0,0
6,0,2,0,57,443,167,0,0
8,0,1,0,35,2080,266,0,0
4,0,2,0,59,0,104,0,0
1,0,1,0,41,0,157,0,0
8,0,0,1,25,118,45,0,0
1,0,2,0,40,644,118,1,0
1,0,1,0,40,770,200,0,0
1,1,0,1,32,0,440,0,0
5,2,1,1,40,2679,122,1,0
5,0,1,0,38,11303,473,2,0
1,0,1,0,29,-28,531,0,0
0,0,1,0,59,111,312,3,0
0,0,0,0,33,0,88,0,0
3,1,2,0,26,318,101,0,0
0,2,0,0,35,29,157,0,0
0,0,0,0,56,16377,107,0,0
1,0,0,1,32,113,68,0,0
0,2,0,0,36,2361,101,0,0
7,0,1,0,41,149,27,0,0
0,0,0,0,29,103,368,2,0
3,0,1,0,52,266,87,3,0
0,0,1,0,27,2,493,0,0
10,1,1,0,26,620,104,0,0
3,0,1,0,45,1003,444,0,0
3,0,1,1,25,0,1424,0,0
6,0,-1,1,42,1340,88,0,0
1,0,0,0,49,1071,169,0,0
2,0,0,0,29,3037,34,0,0
0,2,0,0,44,0,491,0,0
3,0,1,0,52,5828,276,0,0
5,0,-1,0,57,1401,91,0,0
6,1,1,0,32,228,257,0,0
1,1,1,0,34,161,406,0,0
0,1,0,0,30,60,87,0,0
9,0,-1,0,60,2769,96,0,0
0,0,1,0,52,-892,295,0,0
3,1,2,0,24,758,129,0,0
3,0,2,0,43,582,544,0,0
3,0,2,0,36,300,57,1,0
6,0,2,0,55,-747,265,0,0
0,0,0,1,54,2650,50,0,0
4,0,-1,0,59,613,75,0,0
9,2,2,0,57,113,378,0,0
7,0,0,0,34,97,102,0,0
1,1,0,0,35,576,8,0,0
5,0,-1,0,59,64343,45,0,0
5,0,1,1,31,27,63,0,0
3,0,1,0,31,2,371,0,0
6,0,1,0,47,0,173,0,0
1,0,-1,0,26,-277,1018,0,0
0,0,0,0,34,395,202,0,0
1,1,1,0,38,103,159,3,0
6,1,1,0,38,895,1531,0,0
8,0,2,0,44,97,105,0,0
5,2,1,0,41,270,222,0,0
4,1,0,0,60,568,81,0,0
8,1,0,0,28,1010,174,0,0
0,0,0,0,43,1800,103,0,0
0,0,0,0,42,6,103,0,0
4,0,2,0,70,3230,300,1,0
1,0,1,1,52,196,99,1,0
5,0,1,1,36,110,94,0,0
3,0,1,1,34,837,495,0,0
0,0,2,0,49,330,123,0,0
3,0,2,0,36,319,774,1,0
0,0,0,0,44,423,136,5,0
5,2,1,0,39,-141,148,0,0
0,0,1,0,37,341,120,0,0
1,0,1,0,38,865,503,0,0
1,0,0,0,33,29,94,0,0
3,0,1,0,37,1293,652,0,0
7,0,2,0,43,66,175,0,0
4,0,1,1,53,366,171,0,0
5,0,0,0,34,35,76,2,0
5,1,2,0,40,846,204,0,0
5,1,1,0,23,281,124,0,0
5,1,1,0,36,11174,953,0,0
0,2,0,0,38,441,67,0,0
5,2,-1,0,57,887,43,0,0
4,0,2,0,60,420,245,0,0
0,0,0,0,50,4045,167,0,0
0,1,0,0,23,736,119,0,0
5,1,1,0,36,206,183,0,0
0,2,0,0,33,0,212,0,0
0,2,0,0,56,2189,180,0,0
1,0,1,1,50,-70,357,0,0
2,2,1,0,59,901,73,0,0
4,2,2,0,60,61,197,0,0
1,0,1,0,30,173,184,0,0
3,0,2,0,31,406,31,0,0
5,1,0,0,25,2916,143,0,0
1,0,1,1,51,1113,391,0,0
3,0,1,0,38,526,919,0,0
0,1,0,0,47,159,220,3,0
3,1,1,0,40,406,205,0,0
6,0,-1,0,39,10189,186,2,0
0,0,1,0,70,4,122,9,0
4,0,0,0,65,1153,224,0,0
0,1,1,0,37,235,27,0,0
0,1,0,0,33,361,81,0,0
6,2,2,0,39,8654,181,0,0
5,2,1,0,37,3834,72,0,0
4,2,2,0,60,1017,10,0,0
3,0,2,0,46,476,311,0,0
3,0,2,0,53,0,285,0,0
0,0,1,0,34,1007,240,0,0
1,1,0,0,35,670,106,0,0
6,1,1,0,36,165,182,0,0
0,1,0,0,30,16935,108,0,0
1,0,1,1,33,956,120,0,0
7,0,1,0,41,1,55,0,0
1,0,1,0,35,23,147,0,0
1,0,1,0,37,0,173,6,0
4,0,1,0,65,1176,64,2,0
3,0,2,1,31,2,112,0,0
0,0,0,1,43,-271,121,0,0
7,0,2,0,51,1242,75,0,0
5,0,1,1,50,167,47,1,0
10,1,1,0,22,120,245,0,0
4,0,2,0,60,414,395,0,0
6,0,-1,0,55,1210,868,0,0
5,0,1,0,40,2523,75,0,0
7,0,1,0,44,-264,227,0,0
1,2,1,0,49,57,396,0,0
10,1,1,0,27,585,180,0,0
0,1,0,0,43,5658,462,0,0
0,1,0,0,33,1373,17,2,0
4,2,0,1,56,158,854,0,0
3,0,1,1,45,2071,1148,0,0
7,2,0,0,44,4,312,0,0
9,1,2,0,48,46,113,1,0
1,0,0,1,57,0,142,0,0
5,0,-1,0,31,-295,311,0,0
2,0,0,0,31,0,275,0,0
6,0,1,0,26,611,177,0,0
8,0,1,0,35,978,1370,3,0
3,0,1,0,47,820,98,0,0
2,1,-1,0,56,2351,15,0,0
1,0,1,0,53,6,517,0,0
3,0,2,0,56,373,269,0,0
0,0,1,0,57,570,75,0,0
0,1,0,0,30,1130,138,0,0
0,0,0,0,41,1735,358,0,0
4,0,1,0,71,2064,370,1,0
0,2,1,0,48,122,325,0,0
0,2,0,0,59,1304,220,0,0
5,1,1,0,32,396,88,1,0
-1,1,1,0,26,3247,341,0,0
3,0,1,0,49,-454,558,0,0
6,0,2,0,53,931,159,0,0
4,0,2,0,70,2346,694,5,0
0,0,0,0,41,393,110,0,0
6,0,1,0,54,514,109,3,0
3,1,1,1,31,1979,1205,0,0
1,1,1,0,29,500,273,0,0
1,0,0,0,35,16,43,0,0
3,0,1,0,55,1901,143,0,0
3,0,-1,0,38,0,233,0,0
1,0,1,1,36,1731,207,0,0
0,0,0,0,36,1790,132,2,0
0,0,0,0,56,1282,323,0,0
0,0,0,0,45,-642,124,0,0
0,0,0,0,50,451,441,0,0
1,0,1,0,32,0,120,0,0
1,1,1,0,33,1429,268,0,0
2,0,0,0,55,12731,159,0,0
3,0,1,0,34,172,237,0,0
10,1,-1,0,23,2530,411,0,0
7,2,0,0,49,3293,260,9,0
1,0,1,0,45,280,562,2,0
3,0,1,0,56,3129,33,0,0
1,1,1,1,42,77,152,0,0
6,0,2,0,57,3990,309,0,0
4,0,0,0,58,183,246,0,0
1,0,1,0,41,-1,140,0,1
3,1,1,0,24,578,385,0,0
0,0,0,0,34,520,401,4,0
1,1,0,0,33,538,359,0,0
0,1,0,0,31,1899,1914,0,0
3,0,2,0,57,3109,482,0,0
3,2,1,0,47,18,12,0,0
8,0,1,0,58,68,169,0,0
1,1,1,1,33,9,145,0,0
1,1,0,0,32,849,289,0,0
3,0,1,1,49,969,56,0,0
0,0,0,0,51,57,66,0,0
9,0,2,0,32,-184,129,1,0
5,0,1,0,29,943,355,0,0
1,0,1,0,48,2111,92,0,0
3,2,1,0,50,2402,219,0,0
5,0,1,0,42,329,347,0,0
1,0,1,0,37,3720,561,0,0
1,0,1,1,35,179,82,0,0
7,1,-1,0,31,7118,795,3,0
10,1,1,0,26,1608,89,2,0
3,0,2,0,58,1357,150,0,0
1,0,1,0,42,1018,280,0,0
7,0,0,0,54,0,83,0,0
1,1,0,0,28,940,296,0,0
1,1,0,0,34,184,87,0,0
0,1,0,0,31,1315,156,0,0
3,0,1,0,52,3165,26,0,0
2,0,0,0,36,1423,193,0,0
5,0,1,0,63,-40,99,0,0
6,0,1,0,30,78,198,0,0
0,0,0,0,49,519,98,0,0
0,1,0,0,42,422,25,0,0
8,0,0,0,48,1571,104,0,0
4,0,2,0,64,12067,367,2,0
1,1,1,1,28,441,171,0,0
0,1,1,0,46,5993,151,2,0
0,1,0,0,43,1696,257,3,0
4,0,2,0,47,490,55,0,0
4,2,0,0,54,185,413,0,0
3,0,2,0,47,1610,68,0,0
1,1,0,0,35,0,411,0,0
0,0,0,1,32,2465,923,0,0
5,0,1,0,45,-261,144,0,0
6,0,0,0,49,475,273,0,0
1,1,1,0,37,786,103,0,0
4,2,1,0,56,1886,682,0,0
-1,0,-1,0,46,2367,86,0,0
3,0,1,0,55,2854,312,0,0
1,1,1,0,35,362,54,0,0
6,2,1,1,44,20541,501,0,0
5,0,1,0,31,0,70,0,0
7,1,0,0,27,26,31,0,0
1,1,1,0,23,76,23,0,0
1,0,0,0,41,680,117,0,0
1,1,1,1,26,-213,418,0,0
1,0,0,1,53,1405,140,1,0
3,2,1,0,25,720,156,0,0
3,0,1,1,24,9,468,0,0
3,0,0,0,60,759,255,0,0
5,0,1,0,55,602,324,2,0
0,1,0,0,25,289,604,0,0
5,2,0,0,36,281,60,1,0
1,1,0,0,38,187,87,0,0
5,0,1,0,31,8784,63,0,0
5,1,1,0,31,678,117,0,0
1,1,0,0,45,2100,285,0,0
0,0,1,0,49,321,135,0,0
8,0,0,0,49,377,158,2,0
3,0,-1,0,60,54,221,0,0
5,2,1,1,37,295,150,0,0
5,0,1,0,27,102,123,0,0
1,1,1,0,30,146,96,0,0
2,0,2,1,52,8298,123,0,0
1,1,1,0,40,2017,105,1,0
0,2,0,0,40,858,202,0,0
5,1,1,0,31,387,228,1,0
6,1,1,1,27,387,194,0,0
5,2,1,0,55,1693,247,3,0
3,1,2,0,27,0,213,0,0
5,0,1,0,27,1033,1713,0,0
6,1,1,0,31,181,239,2,0
6,2,1,1,45,88,332,0,0
5,0,1,1,31,298,518,0,0
0,2,1,0,37,1655,178,2,0
1,0,1,0,52,1076,156,0,0
0,2,0,0,31,106,67,1,0
2,0,1,1,33,2,76,0,0
0,0,0,0,41,9,82,0,0
3,0,-1,0,58,4871,133,0,0
9,0,2,0,47,201,58,1,0
0,1,0,0,46,625,107,5,0
0,0,0,0,57,12048,95,0,0
9,2,1,0,59,45141,42,0,0
0,0,0,0,29,451,451,0,0
4,0,2,1,43,471,114,0,0
3,0,1,0,32,8957,145,0,0
3,0,-1,0,57,4722,121,0,0
0,0,0,0,25,937,115,0,0
1,1,1,0,27,-211,146,3,0
6,0,1,0,46,692,388,2,0
3,0,2,0,37,689,367,0,0
10,1,-1,0,38,444,157,6,0
1,1,0,0,33,179,432,4,0
0,1,0,0,36,479,629,0,0
6,0,1,1,45,350,146,0,0
3,0,2,1,30,-199,207,0,0
7,0,1,0,50,2137,64,0,0
3,0,-1,0,36,-656,92,0,0
3,1,1,0,36,1089,75,0,0
9,1,1,0,22,650,181,0,0
3,0,1,0,34,250,193,0,0
1,0,1,0,49,133,81,0,0
0,0,0,0,50,0,916,0,0
8,0,2,0,38,447,365,0,0
2,2,0,0,45,-395,470,0,0
1,1,1,0,29,428,273,0,0
3,0,0,0,49,1769,283,0,0
0,0,0,0,34,1518,128,0,0
0,0,0,0,39,309,94,0,0
3,0,1,0,36,55,323,0,0
5,0,2,0,48,4459,536,0,0
0,0,0,0,34,1048,73,0,0
6,2,1,0,39,687,869,0,0
0,0,0,0,37,897,182,0,0
3,1,1,0,25,320,549,0,0
0,1,0,0,34,2360,137,1,0
0,0,0,0,51,1700,147,0,0
5,1,1,0,27,456,104,0,0
7,1,0,0,30,1495,898,0,0
0,0,1,0,49,362,84,0,0
1,0,1,1,38,185,44,0,0
5,0,2,1,31,355,61,0,0
3,1,2,0,32,528,219,1,0
6,2,1,1,35,-33,109,0,0
9,2,2,0,38,359,242,0,0
1,1,1,0,37,779,85,0,0
0,0,1,0,52,4873,99,0,0
4,2,1,0,59,2651,258,0,0
3,0,1,0,48,1903,21,0,0
0,0,0,0,37,0,112,0,0
4,0,1,0,51,3003,149,0,0
3,1,1,0,31,4978,313,0,0
0,1,0,1,41,120,81,3,0
8,0,1,1,41,0,400,0,0
0,1,0,0,31,123,82,0,0
1,1,1,0,29,-219,85,2,0
6,1,1,0,30,631,98,0,0
3,1,0,0,38,172,1176,0,0
1,1,-1,0,45,1077,6,0,0
2,1,0,0,46,1410,91,9,0
9,0,1,0,44,192,232,0,0
0,0,1,1,34,5127,559,0,0
0,1,0,0,33,437,285,4,0
0,0,1,0,26,288,714,0,0
1,0,1,0,39,4741,166,10,0
1,1,1,0,37,428,107,0,0
3,0,2,0,50,157,50,0,0
6,1,1,0,36,760,9,0,0
1,2,1,0,42,248,163,0,0
1,1,1,0,33,1500,133,0,0
5,1,1,0,39,35,242,0,0
0,0,0,0,57,929,387,0,0
4,0,2,0,73,796,427,2,0
1,1,0,0,25,777,351,0,0
4,0,2,1,59,413,109,0,0
0,1,0,0,24,3197,172,0,0
10,1,0,0,29,185,141,0,0
3,0,1,0,38,361,601,0,0
9,0,2,0,51,1138,265,0,0
2,0,2,0,59,222,97,0,0
0,0,0,0,37,3723,354,0,0
4,0,2,0,57,6969,152,0,0
0,0,0,0,55,543,61,0,0
3,0,1,0,40,1844,231,0,0
3,0,2,0,40,-48,113,0,0
1,1,0,0,34,632,215,0,0
5,2,2,0,44,429,80,0,0
0,0,0,0,55,2960,81,11,0
5,0,0,0,55,59,51,1,0
3,0,2,0,33,681,222,0,0
3,0,2,0,56,197,258,0,0
1,0,1,0,45,5749,180,0,0
1,1,1,1,34,341,136,3,0
0,0,0,0,33,3024,118,0,0
6,0,0,0,40,35,318,3,0
5,2,1,1,39,284,772,0,0
1,1,1,0,25,4718,709,0,0
5,2,1,0,33,-417,337,5,0
1,0,1,0,30,0,47,0,0
1,0,0,0,55,1097,191,0,0
3,2,1,0,40,139,91,0,0
3,0,2,0,35,1749,63,11,0
3,0,2,0,40,3462,171,4,0
4,2,1,0,59,602,89,0,0
3,0,1,0,32,1,77,0,0
4,0,1,0,55,1126,388,0,0
4,0,-1,0,73,519,91,0,0
1,1,1,0,36,480,90,0,0
3,1,1,0,47,57,72,4,0
5,0,1,0,41,239,76,0,0
1,1,1,0,38,211,236,0,0
1,0,1,1,55,264,1150,0,0
3,0,2,0,43,985,35,0,0
1,0,1,0,51,98,228,0,0
7,0,0,0,44,11757,152,0,0
3,1,1,1,30,-477,220,0,0
5,0,1,0,35,220,153,13,0
5,0,2,1,60,-444,227,0,0
1,0,1,1,40,351,139,0,0
3,2,2,0,35,0,187,0,1
4,0,1,0,60,5632,380,0,0
7,0,1,1,30,123,66,5,0
3,1,1,0,33,5137,123,0,0
0,0,1,0,42,218,134,1,0
8,1,1,0,37,756,74,0,0
1,2,1,0,46,3455,566,0,0
4,2,2,0,70,482,372,2,0
1,0,1,0,46,2149,282,0,0
5,1,0,0,29,89,120,0,0
4,0,1,0,79,723,276,3,0
0,0,0,0,38,12877,118,0,0
1,0,0,0,35,7050,222,4,0
6,2,1,0,45,5758,16,0,0
3,2,1,0,48,4597,285,0,0
4,0,2,0,49,3478,484,0,0
1,0,1,0,53,-46,87,0,0
2,0,0,0,58,925,65,0,0
5,1,1,0,50,2040,149,1,0
3,0,2,0,60,109,349,0,0
10,1,1,0,26,2469,406,0,0
8,0,1,0,50,49,237,0,0
3,0,2,0,50,-522,863,0,0
6,0,1,0,50,481,168,0,0
9,0,2,0,41,0,168,0,0
3,0,1,0,39,39,34,0,0
6,1,1,0,31,900,321,4,0
4,0,0,0,68,2820,158,3,0
0,1,0,0,34,-2,57,0,0
5,0,1,1,57,340,167,0,0
1,0,0,0,53,431,55,1,0
8,1,0,0,26,23494,136,0,0
10,0,1,0,32,1536,289,0,0
0,1,0,0,27,828,243,0,0
1,1,0,0,37,147,416,0,0
2,0,1,1,39,1171,205,0,0
7,1,0,0,29,579,296,0,0
5,1,1,1,24,1235,76,0,0
6,1,0,0,28,441,106,0,0
3,0,2,0,46,1666,94,0,0
3,0,1,1,51,51,214,0,0
0,0,0,1,49,413,196,0,0
0,0,0,0,41,2781,95,0,0
6,0,1,0,39,800,241,0,0
1,0,1,1,52,383,135,0,0
6,0,2,1,47,1095,357,0,0
0,1,0,0,36,1373,144,0,0
0,0,0,0,52,547,112,0,0
6,0,2,0,50,-158,203,0,0
3,0,-1,0,37,-118,21,0,0
0,0,0,0,67,694,250,0,0
1,0,1,1,36,377,135,0,0
5,1,0,0,41,982,105,0,0
0,2,0,1,36,425,202,0,0
1,2,-1,0,46,103,158,0,0
0,0,0,0,40,917,292,0,0
1,0,1,0,51,614,9,0,0
5,0,1,0,29,19,80,0,0
3,0,1,0,42,1468,136,0,0
3,0,2,0,48,-254,210,1,0
5,0,-1,0,43,3485,113,0,0
8,0,1,0,47,2024,169,0,0
3,0,1,0,35,609,136,0,0
3,0,1,0,33,941,218,0,0
0,0,0,0,43,409,100,0,0
4,0,2,0,72,0,201,3,0
1,2,1,1,51,1063,78,0,0
6,0,1,0,51,867,422,0,0
6,0,1,0,30,-27,65,0,0
6,1,0,0,31,2332,228,0,0
0,0,1,0,47,2010,222,0,0
1,0,1,0,42,4837,91,0,0
1,0,1,0,38,1333,21,6,0
3,0,2,1,30,-518,244,0,0
3,0,2,0,46,587,173,0,0
5,0,1,0,39,1101,128,0,0
7,2,0,0,41,-319,263,0,0
3,0,-1,0,43,175,54,0,0
1,2,1,0,34,1301,196,2,0
5,1,1,0,29,891,172,1,0
3,0,2,0,50,4979,180,0,0
4,0,-1,0,73,3443,770,0,0
3,1,1,0,41,1621,119,0,0
1,1,1,0,29,525,228,0,0
5,1,1,0,40,956,83,0,0
3,2,2,0,47,126,2456,0,0
3,1,2,0,34,2040,509,0,0
6,0,2,1,37,-483,222,3,1
3,0,2,0,34,373,481,0,0
1,2,2,0,52,1500,148,0,0
5,1,1,0,32,781,305,0,0
5,2,1,0,36,592,96,7,0
3,2,1,1,43,110,448,0,0
6,0,1,0,34,22,344,0,0
1,0,1,0,30,239,199,0,0
3,0,1,0,29,313,172,3,0
2,1,1,0,23,1128,77,0,0
0,0,0,0,59,20798,9,0,0
3,1,1,1,23,13,280,0,0
4,2,2,0,78,4917,195,0,0
5,1,1,0,31,738,381,0,0
3,0,2,0,26,178,833,0,0
5,2,1,1,41,110,76,0,0
0,0,0,0,37,489,205,0,0
3,0,2,1,51,959,240,0,0
1,0,1,1,32,659,446,0,0
5,1,1,0,34,1,185,1,0
0,1,0,0,44,3,147,0,0
0,0,1,0,46,790,365,0,0
1,0,1,0,34,1795,201,0,0
6,1,1,0,32,152,158,0,0
0,0,1,0,31,-329,119,0,0
0,0,0,0,45,22815,653,0,0
5,1,1,0,27,424,248,13,0
1,0,1,0,29,84,222,0,0
3,0,1,0,47,1110,329,0,0
2,0,1,0,35,10,314,0,0
1,1,0,0,39,610,241,0,0
0,0,0,0,35,2801,184,0,0
1,0,0,0,31,6525,169,0,0
3,2,1,0,37,719,118,1,0
0,0,1,0,30,1439,373,0,0
3,0,1,1,50,1329,141,0,0
6,2,1,0,47,201,92,0,0
3,1,1,0,38,2707,120,0,0
1,0,1,0,49,402,76,0,0
6,2,1,0,32,453,329,2,0
0,0,0,0,30,20,272,0,0
4,0,1,0,80,173,87,0,0
3,1,1,0,22,682,126,1,0
0,2,0,0,50,1270,24,0,0
6,0,-1,0,43,790,126,0,0
9,0,1,0,43,618,89,0,0
4,0,2,0,56,340,1220,0,0
0,1,0,1,35,-1980,227,0,1
0,1,0,0,34,250,64,0,0
3,0,1,1,28,519,311,0,0
3,1,1,0,33,49,558,0,0
0,1,0,0,32,566,114,0,0
2,0,0,1,46,954,532,0,0
6,0,1,0,39,54,466,0,0
7,1,0,0,29,805,302,8,0
3,1,1,0,32,400,268,0,0
-1,1,1,1,33,1522,966,0,0
0,2,0,0,46,4629,446,0,0
6,1,1,0,44,2886,31,0,0
9,0,2,1,58,588,171,0,0
5,1,0,0,27,138,89,0,0
4,0,0,0,59,2512,167,0,0
6,1,1,0,49,1884,43,0,0
4,0,1,1,48,264,107,0,0
5,0,1,0,40,-283,253,0,0
3,0,2,1,48,174,36,0,0
0,0,0,1,43,445,196,0,0
0,1,0,0,35,671,128,1,0
0,2,1,0,38,257,435,0,0
3,1,2,0,39,0,375,0,0
3,0,1,0,59,12928,66,0,0
4,2,2,0,57,720,202,0,0
6,1,1,1,36,616,156,0,0
4,0,1,0,59,-313,407,0,0
1,0,1,0,56,6619,465,0,0
5,0,1,0,32,393,236,1,0
3,0,1,0,37,-251,146,1,0
3,1,1,0,31,11639,1191,0,0
7,0,1,1,55,2678,151,0,0
9,2,1,0,60,2063,73,0,0
5,0,1,1,47,1156,74,0,0
3,0,2,1,40,177,742,0,0
0,1,0,0,28,0,198,0,0
1,0,1,0,30,394,216,0,0
0,0,0,0,38,546,82,0,0
6,1,1,0,23,966,83,0,0
8,2,1,0,40,388,95,0,0
0,0,-1,0,38,3576,349,1,0
0,0,0,1,47,-50,175,0,0
4,0,0,0,59,1296,862,0,0
1,2,1,1,31,431,75,0,0
5,0,1,0,35,1476,209,0,0
0,0,2,0,39,1873,161,0,0
6,1,1,0,34,1239,164,0,0
0,0,0,0,41,25,431,0,0
1,1,1,1,29,70,400,0,0
5,2,1,0,57,658,724,0,0
3,0,2,0,34,571,202,0,0
3,0,2,0,26,-157,60,0,0
8,0,2,0,44,1617,56,0,0
8,1,2,0,27,93,4,0,0
0,0,0,0,38,1198,91,1,0
0,1,0,1,49,1350,716,0,0
1,2,1,1,48,-63,7,5,0
1,0,1,0,48,98,146,0,0
1,1,1,0,36,129,200,0,0
0,2,0,1,47,140,148,0,0
1,0,1,0,42,334,18,9,0
3,0,1,0,45,61,745,0,0
3,0,1,0,47,290,409,0,0
0,0,0,1,38,2978,65,0,0
0,1,0,0,31,2983,153,0,0
5,1,1,0,32,1581,331,0,0
3,0,1,1,58,144,71,0,0
1,0,-1,1,37,88,66,2,0
0,1,0,0,37,105,349,0,0
0,0,0,0,56,480,173,0,0
5,1,1,0,24,-98,229,0,0
1,2,-1,0,50,2794,1336,0,0
8,1,1,0,37,2722,426,3,0
6,0,1,0,32,1464,193,0,0
-1,0,1,0,54,2206,449,3,0
0,0,0,0,57,320,76,0,0
0,1,0,0,29,4694,181,0,0
6,2,2,0,40,471,1156,2,0
0,2,1,0,49,4908,42,0,0
0,0,0,0,43,0,25,0,1
1,0,0,0,32,2688,101,0,0
4,0,2,0,81,1154,231,0,0
5,0,-1,1,51,-1137,567,1,0
1,1,1,0,25,1298,206,2,0
-1,0,1,0,51,0,88,0,0
6,0,1,1,33,2918,1059,0,0
-1,0,-1,0,52,1317,58,0,0
4,0,1,0,61,86,639,1,0
1,1,1,0,33,189,260,0,0
1,0,0,0,55,2512,166,0,0
0,1,0,1,51,1146,458,0,0
4,0,2,0,55,4459,85,0,0
0,0,0,0,52,3732,212,0,0
1,1,1,0,33,2481,113,2,0
3,0,2,1,40,968,213,0,0
1,1,0,1,45,2099,333,0,0
0,2,0,0,48,869,48,0,0
1,1,1,1,30,-754,974,0,0
3,1,1,0,30,1165,365,0,0
1,0,1,0,51,580,117,0,0
1,1,1,0,45,1171,34,0,0
5,0,1,1,37,581,203,0,0
3,0,1,1,28,86,918,0,0
3,0,0,0,35,2999,1141,0,0
3,1,1,0,30,4749,220,0,0
9,0,2,0,42,17,124,0,0
1,2,1,0,37,262,268,4,0
0,0,0,0,26,877,611,0,0
1,1,1,0,30,710,306,0,0
7,1,0,0,42,580,393,0,0
0,0,0,1,30,86,155,2,0
0,1,0,1,34,673,271,1,0
6,0,1,0,31,11512,179,0,0
5,1,0,0,31,0,173,0,0
3,1,2,0,29,343,39,0,0
3,1,1,0,32,106,1224,0,0
0,0,0,0,54,67,161,1,0
3,0,1,0,53,3079,759,0,0
4,0,1,0,57,4490,101,0,0
3,0,1,0,30,450,526,0,0
3,1,1,1,44,-212,103,0,0
5,0,1,1,40,0,49,0,0
5,0,1,0,46,15,218,0,0
4,0,-1,0,62,800,737,0,0
3,1,0,0,34,1011,136,0,0
1,1,1,0,30,237,39,0,0
0,0,0,0,34,-308,140,0,0
1,0,1,0,34,1464,350,0,0
0,0,0,0,46,213,151,0,0
6,0,1,0,42,3689,363,0,0
6,1,1,0,52,21,147,0,0
5,0,1,0,34,393,222,1,0
3,0,2,0,33,925,884,0,0
1,1,1,0,32,0,181,0,0
3,0,1,0,47,1484,297,3,0
3,0,2,1,38,398,239,1,0
3,0,1,0,41,140,311,0,0
9,0,1,0,50,388,203,0,0
10,1,1,0,26,620,223,1,0
3,0,2,1,41,76,439,0,1
4,0,0,0,67,701,254,0,0
0,1,0,0,32,207,56,0,0
7,0,0,0,44,4411,85,0,0
6,2,1,0,44,-368,895,0,0
-1,0,0,0,52,1618,184,0,0
6,0,-1,0,41,5980,150,0,0
6,0,1,0,42,1165,485,0,0
3,0,1,0,52,305,26,0,0
5,0,1,0,53,1796,476,1,0
1,0,1,0,35,0,18,0,0
1,1,1,0,31,335,87,0,0
3,0,1,1,37,80,6,5,0
1,0,2,0,45,718,135,0,0
3,0,1,0,40,0,96,0,0
2,0,1,0,38,15,121,0,1
0,0,0,0,45,-1655,333,0,1
3,0,1,0,31,0,147,0,0
8,0,1,0,48,1218,198,0,0
5,0,1,0,41,-76,263,0,0
4,0,2,1,61,-156,283,0,0
0,2,0,0,55,-207,211,0,0
6,0,1,1,44,-18,510,0,0
9,0,0,0,32,834,144,0,0
0,0,0,0,41,-456,190,0,0
3,0,1,0,43,1324,179,0,0
5,0,-1,0,42,756,72,3,0
3,0,1,0,30,215,127,0,0
5,0,1,0,35,3854,131,0,0
3,0,2,0,41,194,201,0,0
6,0,1,0,51,2904,410,0,0
1,2,1,1,54,859,710,0,0
0,0,0,0,54,534,177,0,0
3,0,2,1,44,-14,179,0,0
0,2,0,1,50,516,198,0,0
0,0,0,1,60,340,361,0,0
3,0,1,0,25,2,102,0,0
0,0,0,1,33,2374,212,0,0
0,1,0,0,29,941,160,0,0
1,1,1,0,37,3,82,0,0
5,2,1,0,36,775,65,0,0
2,0,0,0,38,946,69,0,0
0,1,0,0,47,0,136,0,0
3,0,2,1,39,477,229,0,0
3,0,1,0,47,0,676,0,0
7,0,0,0,53,837,160,0,0
3,0,2,0,36,2040,125,0,0
5,0,1,0,39,168,183,0,0
1,0,1,1,49,-142,73,0,0
1,2,1,0,46,3455,120,2,0
3,1,1,0,36,161,196,0,0
0,2,0,1,52,427,36,0,0
0,0,0,0,49,488,110,0,0
8,0,0,0,44,178,126,0,0
3,0,2,0,45,866,319,0,0
1,0,1,0,37,5902,191,4,0
0,2,1,0,59,0,125,0,0
3,0,2,0,46,9083,389,0,0
7,0,1,0,50,-465,42,0,0
3,2,1,0,45,1951,692,0,0
3,1,2,0,30,4009,260,0,0
0,2,0,0,47,6333,498,0,0
10,1,0,0,23,82,289,0,0
2,0,1,0,40,780,163,0,0
3,1,-1,0,31,461,462,0,0
3,0,1,0,44,560,80,0,0
9,0,2,1,43,410,50,0,0
0,0,0,0,38,-120,148,2,0
1,1,0,0,43,317,106,0,0
1,0,0,0,30,-256,51,0,0
1,1,1,0,30,1395,199,1,0
5,0,1,0,50,546,82,0,0
6,0,1,0,46,1474,148,0,0
9,0,1,0,39,315,90,0,0
9,0,2,0,39,34,377,0,0
4,0,1,0,72,6253,456,0,0
3,0,2,0,35,373,335,0,0
5,1,1,0,31,0,895,2,0
2,0,1,1,40,2663,289,0,0
0,0,0,0,34,63,83,2,0
5,0,-1,0,51,3558,80,0,0
3,0,1,1,44,3348,504,0,0
6,1,1,1,40,5129,222,0,0
0,0,0,0,37,203,759,5,0
1,1,1,0,34,920,250,5,0
3,0,1,0,55,5874,229,0,0
0,2,1,0,50,535,102,0,0
1,0,1,0,50,2972,73,0,0
0,1,0,0,32,2360,152,5,0
6,2,1,0,28,356,296,0,0
3,1,2,0,26,535,21,0,0
-1,0,-1,0,48,3940,298,0,0
3,1,1,0,22,104,531,1,0
1,0,1,1,35,1577,80,1,0
0,1,0,1,28,882,107,0,0
5,0,1,0,58,749,151,0,0
3,1,1,1,26,81,803,0,1
6,0,1,0,46,0,74,0,0
5,0,0,0,53,6,105,0,1
2,2,0,0,51,58,93,1,0
1,0,1,0,32,9608,114,0,0
1,0,1,1,42,-184,255,0,0
0,0,0,0,44,677,130,0,0
4,0,2,1,55,0,201,0,0
5,0,1,0,41,201,114,0,0
5,0,1,0,38,689,270,0,0
1,2,1,0,57,3043,707,0,0
7,0,1,1,51,-206,51,0,1
3,0,1,0,38,769,235,0,0
1,1,1,0,27,162,265,0,0
0,1,0,0,34,3035,1166,0,0
5,0,1,0,29,0,121,0,0
0,2,1,1,53,2215,88,0,0
1,0,1,1,33,3107,181,0,0
5,1,1,0,31,-1,99,1,0
6,0,1,0,30,1808,83,0,0
8,1,1,0,23,19690,473,0,0
6,0,1,0,46,0,154,1,0
6,2,1,1,44,396,396,0,0
1,0,1,0,36,4542,76,0,0
0,2,1,1,58,321,254,0,0
-1,0,-1,0,50,200,18,0,0
6,1,1,0,32,914,236,0,0
0,0,0,0,40,268,352,0,0
3,0,2,0,48,2321,218,0,0
0,1,0,0,51,0,121,2,0
3,0,1,0,32,49,135,0,0
0,1,0,0,30,5389,1456,0,0
0,2,0,1,47,447,126,0,0
0,1,0,0,32,10281,400,0,0
9,0,1,0,54,1977,69,0,0
3,1,2,0,35,49,234,0,0
0,1,0,0,35,107,142,0,0
1,0,0,0,36,4932,273,0,0
3,0,1,0,53,1626,151,0,0
9,0,2,0,53,3166,14,0,0
3,2,1,0,27,1,116,0,0
6,0,1,0,38,8876,636,0,0
5,0,1,0,44,469,88,0,0
3,1,1,1,29,-20,574,0,0
3,1,2,0,39,-360,209,0,0
4,0,2,0,70,3782,618,0,0
8,0,2,0,40,3444,792,0,0
0,0,1,0,42,43,735,0,0
4,0,1,0,58,-172,300,0,0
1,1,1,1,30,383,145,0,0
5,1,-1,0,42,297,106,0,0
9,0,2,0,69,1080,164,0,0
5,0,1,0,54,614,322,2,0
5,2,1,0,34,479,515,5,0
3,0,1,0,39,164,26,2,0
1,1,1,0,38,1685,185,0,0
0,0,0,0,32,3154,96,2,0
5,2,2,0,54,0,127,0,0
3,0,2,0,50,3304,218,0,0
0,2,1,0,51,292,146,0,0
1,1,1,1,26,-168,246,0,0
8,0,1,0,37,924,181,0,0
6,0,1,0,52,659,113,0,0
10,1,2,0,21,423,287,5,0
0,1,0,0,30,349,180,0,0
5,0,1,0,43,6220,200,0,0
8,0,2,0,61,1,85,0,0
4,0,-1,0,59,7586,632,0,0
3,0,2,0,32,1644,492,5,0
1,0,1,1,41,476,132,0,0
3,0,2,0,40,0,313,0,0
10,1,0,0,30,146,310,0,0
3,2,1,0,31,-306,137,0,0
3,0,2,0,36,70,164,0,0
0,0,0,0,50,1859,85,0,0
6,0,1,0,35,2135,436,0,0
3,0,2,0,49,239,90,0,0
-1,0,2,0,57,270,526,0,0
0,1,0,0,31,2978,146,0,0
6,0,1,0,57,504,177,0,0
10,1,-1,0,20,755,284,0,0
3,0,2,0,32,7406,418,0,0
0,0,0,0,41,-4,72,1,0
7,0,0,0,29,2305,82,0,0
0,1,0,0,25,528,201,0,0
0,1,0,0,32,1834,159,0,0
4,0,1,0,58,5523,141,0,0
3,1,1,1,26,-32,14,0,0
1,1,0,0,38,378,184,0,0
1,1,0,0,46,2739,117,0,0
2,0,0,0,51,4,80,0,1
5,2,1,1,56,985,150,0,0
5,0,1,0,43,257,186,0,0
6,1,1,0,31,6374,922,0,0
5,1,1,1,28,261,269,9,0
3,0,2,1,48,-254,134,0,0
1,0,1,1,59,0,109,0,0
5,0,1,0,48,0,108,0,0
7,1,0,1,31,1657,872,0,0
0,0,0,0,46,273,910,4,0
0,0,-1,0,54,24,12,0,0
1,1,1,0,28,618,281,0,0
9,0,1,1,41,12,472,0,0
0,0,0,0,50,8205,293,1,0
4,0,2,0,80,997,151,3,0
3,1,1,0,31,-173,121,0,0
3,0,1,0,41,1384,1162,0,0
1,1,-1,0,35,1342,68,0,0
3,1,2,0,28,643,297,0,0
0,2,0,0,32,874,1282,0,0
5,0,1,0,55,9039,187,0,0
3,0,2,0,43,1892,378,0,0
0,1,0,0,34,9827,871,0,0
0,0,0,0,44,170,94,0,0
1,2,1,0,37,1981,106,0,0
4,2,1,0,69,4572,146,1,0
3,0,2,0,44,401,41,0,0
5,0,1,0,47,1358,80,0,0
5,1,1,0,22,61,117,0,0
4,2,1,0,67,704,537,0,0
8,1,1,0,25,-230,113,0,0
0,0,1,1,44,488,138,11,0
3,1,-1,0,52,905,170,0,0
6,0,1,0,44,133,202,0,0
2,1,0,0,28,283,22,0,0
0,0,0,1,59,332,35,0,0
3,0,2,0,31,0,237,0,0
5,0,1,0,52,422,559,0,0
3,0,1,0,60,241,42,0,0
3,0,1,0,37,236,438,0,0
3,0,1,0,57,14093,231,0,0
10,1,0,0,31,307,597,0,0
0,0,0,0,34,0,327,0,0
0,1,0,0,27,-713,525,0,1
6,1,1,0,32,2615,853,0,0
5,0,1,0,32,-370,98,0,0
6,1,1,0,36,-455,124,0,1
3,1,1,0,30,855,235,0,0
6,0,1,1,31,0,270,0,0
1,1,1,0,31,622,15,0,0
4,0,1,1,57,156,106,0,0
0,1,1,0,27,145,67,0,0
1,0,1,1,39,8,333,2,0
1,1,1,0,31,391,336,0,0
0,1,0,0,33,312,271,3,0
6,1,1,0,37,-111,147,0,0
1,1,0,0,36,162,216,0,0
4,0,0,0,60,225,54,0,0
0,1,0,0,30,201,325,0,0
5,0,1,1,49,0,50,0,0
1,0,1,1,51,313,378,0,0
7,0,1,0,41,323,949,6,0
1,0,1,0,36,632,306,0,0
3,0,2,0,58,2547,174,0,0
3,2,1,1,46,931,90,0,0
1,0,1,0,29,-910,260,0,0
4,0,2,0,59,4007,581,6,0
0,0,0,0,56,779,164,0,0
3,1,2,0,36,109,200,2,0
6,0,0,0,39,0,486,0,0
5,2,-1,0,56,789,1022,2,0
0,2,0,0,36,803,143,0,0
5,1,1,0,29,596,172,6,0
3,0,2,0,53,-1455,169,0,0
6,1,0,1,26,0,261,0,0
0,2,0,1,39,5988,225,0,0
1,0,0,0,28,161,268,0,0
7,0,0,0,54,269,81,0,0
3,1,-1,0,42,2835,61,1,0
3,0,1,0,58,1075,42,0,0
0,0,0,0,38,93,69,0,0
3,0,1,0,50,372,21,0,0
1,0,1,1,33,181,265,0,0
4,0,1,0,64,2031,202,0,0
0,0,0,0,47,7741,693,0,0
0,2,1,1,43,229,163,0,0
0,0,0,0,55,42,386,0,0
3,0,1,0,60,171,219,0,0
6,1,-1,0,43,193,74,0,0
5,0,1,0,45,0,376,0,0
7,0,0,1,45,-497,217,1,0
3,0,2,0,50,167,189,0,0
5,0,1,0,49,0,1460,0,0
5,0,1,0,50,238,216,0,0
3,0,2,0,49,2068,45,0,0
5,2,0,0,38,86,218,0,0
4,0,2,0,86,1817,272,0,0
3,0,2,0,59,1723,39,0,0
3,0,2,1,42,1556,113,0,0
0,1,0,0,41,195,341,0,0
6,0,1,0,44,1106,239,0,0
1,0,1,0,59,201,52,7,0
2,1,-1,0,42,33,25,0,0
0,0,0,0,33,1071,83,0,0
3,1,1,0,41,428,92,0,0
1,0,1,0,49,788,162,0,0
0,0,0,0,46,0,328,0,0
6,1,1,1,30,726,109,0,0
5,0,1,0,53,225,304,1,0
0,0,0,0,37,1949,328,0,0
5,0,1,0,47,1387,158,1,0
1,0,1,0,46,536,750,0,0
3,0,1,0,40,617,257,0,0
3,0,1,0,39,2239,133,0,0
3,0,1,1,41,849,100,0,0
6,2,1,0,40,1927,62,0,0
1,1,0,1,34,-554,68,0,0
1,1,0,0,40,250,107,0,0
3,0,-1,0,48,100,206,0,0
1,1,0,1,27,-152,236,0,0
0,1,1,0,34,66,76,0,0
3,1,2,1,42,134,82,0,0
6,2,1,0,33,1117,417,0,0
3,0,1,1,34,8309,50,0,0
2,0,2,0,41,0,438,1,0
9,2,2,0,57,231,26,0,0
3,1,2,0,42,177,174,0,0
9,0,1,0,66,1929,169,0,0
0,1,0,0,40,-222,221,0,0
4,2,2,0,78,55,143,1,0
3,0,1,0,30,1171,45,2,0
4,0,1,0,68,1146,153,3,0
1,1,-1,0,30,878,173,3,0
6,0,1,0,47,795,42,0,0
4,2,1,0,59,679,761,0,0
0,1,0,0,37,2265,64,0,0
1,1,0,0,27,808,578,1,0
1,1,1,1,46,-1124,206,0,1
3,0,1,0,47,1230,378,0,0
0,0,2,0,44,294,165,0,0
3,0,1,0,27,1,259,0,0
1,1,1,1,27,629,680,0,0
5,1,1,1,27,-400,290,0,0
5,0,1,0,31,389,69,2,0
3,1,1,0,33,550,84,0,0
1,0,0,1,36,99,86,1,0
6,0,1,1,47,1764,119,0,0
1,1,0,1,30,-266,66,0,0
5,0,1,0,49,1047,133,0,0
9,1,1,0,58,11494,220,0,0
3,0,1,1,48,3,289,0,0
5,1,1,0,32,613,88,0,0
3,0,1,1,35,4,130,0,0
2,0,-1,1,57,975,236,0,0
3,0,1,0,37,561,632,2,0
0,0,2,1,47,145,163,0,1
0,1,0,0,32,887,53,0,0
1,0,1,0,55,0,160,0,0
3,1,2,0,38,-129,138,0,1
2,0,1,0,53,111,750,0,0
6,1,1,0,56,699,193,0,0
4,0,1,0,76,820,263,0,0
3,0,2,0,54,946,116,0,0
3,1,2,0,29,-63,410,0,0
3,1,1,0,28,1955,25,0,0
1,1,1,0,31,863,146,5,0
0,0,0,0,41,472,783,0,0
5,2,1,0,55,1872,155,8,0
3,0,2,0,47,0,494,0,0
3,0,1,0,36,56,481,0,0
9,0,2,0,32,344,85,0,0
3,0,2,0,42,875,426,1,0
0,1,0,0,34,621,205,0,1
1,0,0,0,42,849,403,0,0
0,1,0,1,30,59,202,0,0
0,0,0,0,58,172,145,0,0
6,1,1,0,51,510,68,0,0
3,0,1,0,31,799,181,0,0
0,0,0,0,37,3841,69,0,0
1,1,1,0,22,890,294,0,0
10,1,1,0,25,1868,259,2,0
0,1,1,0,34,524,9,0,0
1,0,1,0,36,55,38,4,0
5,2,1,0,41,762,319,0,0
0,1,0,0,39,595,427,0,0
0,1,0,0,30,0,381,7,0
5,2,1,1,57,6157,45,0,0
3,1,1,0,43,1306,243,1,0
1,1,1,0,35,539,520,0,0
3,0,2,0,57,60,90,0,0
3,0,1,0,53,0,650,0,0
1,1,1,1,30,254,167,2,0
4,0,1,0,55,85,228,0,0
3,0,1,1,25,4280,148,0,0
5,0,1,0,40,0,561,1,0
1,1,0,0,26,2781,132,0,0
1,1,1,0,32,39,175,0,0
8,0,1,1,31,57,104,0,0
3,0,2,0,37,1779,34,0,0
6,0,1,1,38,-242,236,0,1
10,1,1,0,25,963,28,0,0
2,0,1,0,40,2252,144,0,0
6,0,1,0,31,500,19,0,0
3,1,-1,0,24,11,109,0,0
5,1,0,0,38,-898,345,1,0
10,1,0,0,23,691,1178,6,0
0,0,0,0,43,11754,352,0,0
0,0,0,0,36,806,106,1,0
0,0,0,0,30,5204,117,0,0
5,1,1,0,32,2146,422,0,0
0,0,2,0,36,392,148,0,0
0,0,0,0,36,170,493,0,0
10,1,1,0,22,381,227,0,0
6,0,2,0,44,1161,110,0,0
10,1,1,0,25,8,107,0,0
1,2,0,0,41,533,257,0,0
5,2,1,0,41,2397,278,0,0
3,2,1,0,41,3,228,0,0
6,0,1,0,32,1273,1365,1,0
7,2,0,0,62,6,216,4,0
6,0,1,0,49,112,97,0,0
3,1,1,0,26,2,223,0,0
5,0,1,0,34,2374,243,3,0
6,1,2,0,26,-32,486,6,0
0,0,0,0,38,-469,209,0,0
3,0,2,0,49,-98,182,0,1
0,1,1,0,21,691,219,2,0
1,0,1,0,48,0,682,0,1
4,0,0,1,57,0,648,0,0
4,0,2,0,59,0,39,0,0
5,0,2,0,37,242,161,0,0
9,0,2,0,66,1230,726,0,0
5,0,-1,0,49,1101,29,0,0
5,0,1,0,36,-106,130,0,0
6,0,1,0,35,181,5,0,0
3,0,1,1,35,0,250,0,0
0,1,0,0,36,1531,81,1,0
3,0,1,0,40,8150,347,0,0
2,0,2,1,57,1153,238,0,0
-1,1,-1,0,36,1070,346,0,0
0,1,0,0,35,687,166,0,0
1,0,1,0,34,65,63,0,0
3,2,1,1,51,56,71,0,1
0,0,0,0,30,1882,249,0,0
-1,1,2,0,46,10,64,0,0
6,1,1,0,37,62,252,2,0
1,0,1,1,38,0,146,0,0
9,0,0,0,62,1528,496,0,0
3,2,1,1,34,1125,141,0,0
10,1,1,0,25,41,100,2,0
3,0,2,0,41,1256,74,0,0
0,0,0,0,56,25290,81,0,0
3,0,1,1,45,141,21,0,0
6,1,1,0,31,2038,239,1,0
0,0,0,0,41,328,65,0,0
0,1,1,0,36,1511,270,0,0
6,2,1,0,45,343,301,0,0
0,0,0,0,29,198,1179,0,0
8,1,1,0,38,2876,245,0,0
6,0,1,0,28,4,10,0,0
3,0,1,1,31,369,89,0,0
4,2,2,1,59,-138,89,0,0
6,1,1,0,31,222,168,0,0
5,0,1,0,33,616,35,0,0
0,0,0,0,48,2498,98,0,0
6,0,1,0,48,2877,157,0,0
6,0,1,0,53,2262,116,0,1
1,1,0,1,28,172,194,0,0
2,0,1,1,46,4,216,0,0
1,0,1,0,34,1553,200,0,0
5,1,1,0,27,255,123,4,0
7,0,0,0,30,1930,80,0,0
1,0,1,1,40,192,16,5,0
1,1,1,1,27,78,5,0,0
1,0,0,0,26,-488,320,0,0
3,0,2,0,39,385,225,0,0
1,0,1,0,41,640,169,0,0
1,0,1,0,39,7313,99,0,0
5,0,1,0,59,1365,327,0,0
1,0,1,0,34,1641,380,0,0
8,0,1,0,65,3195,904,0,0
5,0,2,0,39,510,155,0,0
1,0,1,0,34,19,362,0,0
0,1,0,0,45,207,230,0,0
2,0,1,0,44,93,125,0,0
2,0,0,1,35,2723,275,0,0
1,0,1,0,42,769,90,0,0
1,0,1,0,35,55,79,0,0
0,0,0,0,34,519,57,0,0
0,0,0,0,59,287,818,8,0
2,0,1,0,29,-388,411,0,1
3,0,2,0,46,101,422,5,0
2,0,2,0,59,0,239,0,0
4,0,1,0,60,2586,150,0,0
4,0,0,0,57,1269,1120,0,0
3,0,2,0,43,7343,217,0,0
3,2,1,0,42,198,133,0,0
4,2,2,0,53,2997,162,0,0
0,0,0,0,48,-10,144,0,0
1,0,1,0,51,219,63,0,0
6,1,1,0,26,-162,44,0,1
6,0,1,0,42,1545,426,3,0
5,0,0,0,41,108,210,0,0
5,2,1,0,60,4519,152,0,0
6,0,2,1,40,170,361,0,0
1,0,1,0,56,28,236,0,0
1,0,1,0,31,318,310,0,0
3,0,-1,0,42,-406,152,0,0
6,1,1,0,30,-271,609,1,0
6,0,-1,1,52,482,83,0,0
1,0,1,0,27,267,166,0,0
4,0,1,0,57,427,246,0,0
1,0,1,0,35,294,97,11,0
1,2,1,0,44,0,835,0,0
6,1,1,0,23,488,236,2,0
5,1,1,0,29,265,304,0,0
8,0,0,0,51,1634,168,0,0
6,0,-1,0,42,177,258,0,0
5,1,1,0,31,1201,270,0,0
1,1,1,0,29,1612,375,0,0
0,1,0,0,27,703,590,0,0
0,0,0,0,42,0,325,0,0
1,0,1,0,49,626,90,0,0
2,0,0,0,45,20138,871,0,0
6,2,1,0,38,8554,29,4,0
6,0,1,1,52,961,222,4,0
2,0,1,0,30,392,124,3,0
5,0,1,0,38,3190,20,0,0
6,0,-1,0,45,318,63,0,0
6,0,1,0,42,-1,38,0,0
-1,0,-1,0,55,666,73,0,0
4,0,1,0,70,1164,208,0,0
6,0,1,0,49,320,1971,0,0
1,1,1,0,30,-109,73,2,0
6,0,1,0,58,74,105,0,0
0,2,0,0,47,12026,251,0,0
1,0,1,0,41,417,77,0,0
0,0,1,0,43,-26,343,0,0
10,1,0,0,28,0,294,7,0
5,0,1,0,35,-85,136,0,0
3,0,1,0,38,2836,116,0,0
0,1,1,1,28,-994,174,0,0
3,0,2,0,47,667,54,0,0
3,1,1,0,30,2380,95,0,0
3,1,1,0,33,4404,766,0,0
5,2,1,0,40,-607,328,2,0
4,0,2,0,60,7791,141,0,0
3,1,1,0,34,3773,287,0,0
1,1,1,0,34,1866,95,0,0
7,0,1,1,30,57,55,0,0
5,2,1,1,42,23,397,0,0
1,0,1,0,39,7137,151,0,0
1,2,1,1,37,3068,370,1,0
9,0,0,0,52,51,88,0,0
0,0,0,1,31,1260,93,0,0
6,1,0,0,34,371,77,0,0
0,0,0,0,38,1477,385,2,0
1,0,1,1,43,994,51,0,0
1,1,0,0,29,828,215,3,0
2,1,1,0,37,654,594,0,0
0,2,0,0,32,530,91,2,0
4,0,0,0,66,908,156,0,0
5,0,2,0,38,1487,332,0,0
-1,0,1,0,49,0,173,0,0
6,0,1,0,37,1483,32,0,0
7,2,1,0,40,172,421,0,0
8,0,1,0,49,769,257,0,0
0,0,1,0,44,991,194,0,0
5,0,1,0,60,1541,90,0,0
3,0,1,0,31,30,172,0,0
2,0,1,0,49,2655,63,0,0
1,1,1,0,33,1279,239,3,0
5,1,1,1,50,-79,70,0,0
7,0,0,0,42,0,118,0,0
0,0,0,0,33,1195,355,0,0
5,0,1,0,34,45,79,0,0
3,0,2,0,48,266,58,0,0
1,2,1,0,46,772,488,0,0
3,0,1,0,40,563,615,0,0
1,1,1,0,30,707,228,0,0
0,0,1,0,45,5888,45,0,0
1,2,1,0,52,152,404,0,0
0,1,0,0,36,5958,155,1,0
6,2,1,0,28,89,174,0,0
8,1,0,0,35,415,462,4,0
6,1,1,0,28,2385,119,0,0
0,0,0,0,32,937,76,0,0
8,0,1,0,56,0,492,0,0
8,1,2,0,37,1241,60,0,0
4,2,2,1,53,-24,319,0,0
0,1,0,0,36,0,33,0,0
5,0,1,0,25,10,393,0,0
5,1,1,0,42,2758,237,0,0
6,0,1,0,44,-627,373,0,0
0,1,0,1,35,-324,985,0,0
5,0,1,0,55,139,26,0,0
3,0,2,0,35,319,221,0,0
3,0,1,0,36,429,140,0,0
2,2,0,0,45,0,170,0,0
6,0,1,0,33,1785,287,0,0
5,1,1,0,50,692,136,0,0
3,0,2,1,31,855,172,0,0
9,2,2,1,38,0,79,7,0
5,0,1,0,34,1467,113,2,0
6,0,1,0,32,3181,118,7,0
0,0,0,0,41,0,897,0,0
0,0,0,0,50,2479,259,0,0
9,2,2,0,47,61,69,0,0
0,0,0,0,53,800,90,0,0
5,1,1,0,38,221,93,2,0
3,0,1,0,24,-220,90,0,0
6,0,2,0,40,258,14,0,0
1,2,1,0,33,558,109,0,0
-1,0,2,0,37,808,228,0,0
3,0,1,0,38,105,158,2,0
1,0,1,1,36,6384,97,0,0
0,0,1,0,31,1368,129,0,0
3,1,1,1,24,174,487,0,0
5,0,1,0,49,359,231,1,0
3,0,1,0,55,983,41,0,0
0,0,1,0,48,286,127,0,0
0,0,-1,0,49,383,290,0,0
5,1,1,0,28,19,78,0,0
1,1,0,0,37,160,204,0,0
8,0,1,0,51,636,321,0,0
6,0,1,0,25,1078,218,0,0
7,0,-1,0,30,1712,213,2,0
5,1,1,0,59,848,63,0,0
0,0,-1,0,58,3658,55,0,0
2,0,1,1,34,3994,188,0,0
1,1,1,0,30,1052,147,0,0
0,1,0,0,36,0,155,0,0
7,0,2,0,58,671,16,0,0
3,0,2,0,51,6343,28,0,0
4,2,1,0,45,187,82,0,0
0,0,0,1,55,0,201,0,0
5,0,1,0,42,101,32,0,0
3,0,1,0,53,2531,413,0,0
2,0,2,0,30,2686,808,0,0
1,1,0,0,31,24,246,0,1
3,0,1,0,52,185,124,0,0
0,0,0,0,43,46,63,0,0
3,0,-1,0,42,57,425,0,0
4,0,1,0,53,330,216,0,0
3,0,1,0,32,130,302,0,0
1,1,1,0,31,1819,226,0,0
0,2,0,0,38,76,220,0,0
0,1,0,0,33,417,170,1,0
6,0,-1,0,35,2,221,0,0
3,0,1,0,50,616,439,0,0
1,0,1,0,50,3263,115,0,0
1,1,1,1,34,-2,283,0,1
0,1,2,0,40,858,173,0,0
0,0,0,0,50,0,232,3,0
0,1,0,0,37,493,328,0,0
3,0,1,0,47,0,168,2,0
0,0,0,1,35,2374,174,6,0
0,0,1,0,29,231,1075,1,0
10,1,1,0,24,597,943,0,0
9,0,1,0,34,0,154,0,0
3,1,2,0,35,1772,19,0,0
0,1,0,0,34,7263,86,0,0
9,0,2,1,47,0,203,0,0
5,1,1,0,36,98,68,0,0
6,1,1,0,35,414,11,2,0
3,0,1,0,40,1318,681,0,0
1,2,1,0,61,6481,131,0,0
9,2,2,0,57,0,97,0,0
0,0,0,1,37,231,451,0,0
1,0,1,0,30,-1019,955,0,1
3,0,2,0,46,1114,490,0,0
9,0,1,0,46,38,541,0,0
4,0,2,0,75,1765,282,2,0
9,0,2,1,54,3304,90,0,0
7,1,1,1,36,74,198,0,0
0,0,0,0,34,0,120,0,0
1,0,1,1,45,366,235,12,0
6,0,1,0,38,0,506,0,0
5,0,1,1,58,310,75,0,0
5,0,1,0,31,799,556,0,0
0,0,0,0,40,12212,100,0,0
0,1,0,0,32,933,147,1,0
1,0,-1,0,46,605,780,0,0
1,1,1,0,34,302,282,0,0
3,0,2,0,58,1596,470,0,0
0,0,1,0,48,438,42,0,0
1,1,0,0,32,5514,181,0,0
0,0,0,0,34,1267,87,0,0
3,1,1,0,37,3561,98,0,0
3,0,1,0,55,-473,233,0,0
3,0,1,0,37,1165,304,7,0
3,0,2,1,29,-303,298,0,1
3,0,1,0,46,640,246,5,0
3,0,1,0,53,483,288,0,0
6,0,-1,0,47,4822,154,0,0
1,1,0,0,45,1591,392,0,0
1,0,1,0,50,349,27,0,0
0,1,0,0,32,4291,1321,0,0
3,1,1,0,28,524,554,0,0
1,0,0,0,49,3726,875,0,0
6,0,1,0,40,191,201,6,0
1,1,0,0,32,4665,860,0,0
-1,0,-1,0,50,0,120,0,0
3,0,2,0,52,2488,176,0,0
3,0,1,0,34,398,161,0,0
6,0,1,1,36,30,716,0,0
3,0,1,1,33,1790,143,0,0
0,0,0,0,41,1072,199,0,0
1,0,0,1,36,844,129,0,0
6,0,1,0,31,272,133,0,0
3,0,2,1,56,862,198,0,0
0,0,0,1,32,258,197,0,0
1,0,0,0,26,233,175,0,0
5,0,1,0,48,6532,312,0,0
0,2,0,0,41,4329,559,0,0
6,1,1,0,33,450,148,2,0
0,0,0,0,61,175,270,0,0
0,0,0,0,35,925,200,0,0
5,0,1,0,57,4391,1416,0,0
3,0,1,0,51,1374,378,0,0
3,0,2,0,50,2142,309,1,0
5,0,0,1,34,2552,74,0,0
0,0,0,1,49,-6847,206,0,1
10,1,0,0,27,5291,192,2,0
7,1,0,0,35,577,90,0,0
6,2,1,0,39,282,243,0,0
1,1,0,0,54,3233,17,0,0
7,1,0,0,26,560,122,0,0
0,0,0,0,37,34,100,0,0
2,1,0,0,38,638,150,0,0
1,2,1,0,54,2156,261,4,0
2,0,1,1,40,1532,173,0,0
3,0,2,0,38,-42,87,0,0
5,0,1,0,56,1290,243,0,0
1,0,1,0,44,381,92,0,0
6,0,1,0,55,560,91,0,0
1,0,1,0,55,176,106,0,0
0,1,1,0,46,-246,255,0,0
1,0,1,0,38,4741,221,0,0
4,0,1,0,68,0,586,0,0
1,0,1,1,39,834,390,0,0
5,1,1,0,30,-35,1204,0,1
6,0,2,0,59,1562,471,1,0
7,0,0,0,38,846,253,0,0
6,0,1,0,47,759,30,0,0
5,1,1,0,33,2554,77,0,0
1,0,1,0,40,75,259,0,0
5,0,2,0,49,246,49,0,0
0,1,0,0,43,1627,105,0,0
3,0,1,0,29,1171,565,0,0
6,1,1,0,40,0,350,0,0
1,1,0,0,35,59,145,0,0
1,1,0,0,32,1325,142,0,0
1,0,-1,0,57,206,216,0,0
3,0,2,0,32,80,614,0,0
0,1,0,1,48,399,126,0,0
3,0,1,0,41,429,244,0,0
2,0,0,0,51,228,72,0,0
5,1,1,1,25,105,392,0,0
0,1,0,0,31,4718,536,0,0
4,0,1,0,57,479,82,0,0
1,2,0,0,40,0,522,0,0
7,0,1,0,42,3211,180,0,0
5,1,1,0,31,626,211,0,0
3,0,2,0,47,1865,380,0,0
3,0,2,0,30,374,225,0,0
0,0,0,1,46,810,33,1,0
1,0,1,0,42,-556,101,0,0
3,0,1,0,56,68,68,0,0
6,2,1,1,49,0,272,0,0
6,0,0,0,36,45,52,0,0
3,0,1,0,59,448,198,7,0
7,0,2,0,53,862,267,0,0
10,1,1,0,18,156,298,4,0
10,1,2,0,22,423,316,10,0
0,0,-1,0,60,0,273,0,0
2,1,1,0,48,315,271,0,0
1,0,1,0,36,-8,180,0,0
6,2,1,0,32,5267,178,0,0
0,1,0,0,29,92,101,5,0
2,0,1,0,57,905,121,0,0
0,0,0,1,50,412,40,0,0
10,1,0,0,30,31,23,0,0
6,1,1,0,29,27,554,0,0
3,1,0,0,38,263,84,0,0
0,1,0,0,36,3875,21,0,0
5,0,0,0,57,46,238,0,0
4,0,1,0,57,0,127,4,0
9,0,2,0,32,0,63,0,0
6,0,1,1,36,1694,164,0,0
8,1,0,0,29,150,165,0,0
1,2,1,1,44,0,388,0,0
6,0,2,0,44,2557,250,8,0
9,2,2,1,59,0,1368,0,1
0,0,0,0,41,3016,80,0,0
3,1,1,0,34,1423,55,0,0
1,1,2,0,31,449,174,0,0
1,0,1,0,54,0,766,3,0
0,2,0,1,35,141,728,0,0
0,0,0,0,46,5108,165,0,0
5,0,0,0,27,346,212,0,0
3,0,1,0,38,395,83,2,0
5,2,1,0,38,0,56,0,0
1,0,1,1,36,283,56,0,0
7,2,1,0,37,3467,185,0,0
8,0,1,0,31,3242,292,0,0
6,1,1,0,28,229,322,0,0
3,0,2,0,53,109,86,0,0
3,0,1,0,37,647,41,0,0
6,1,1,0,26,1114,44,0,0
3,0,2,0,37,403,318,1,0
8,0,0,0,41,0,81,0,0
2,0,1,0,46,1375,170,0,0
3,0,-1,1,45,2056,191,0,0
7,0,1,0,42,95,119,0,0
3,0,0,0,44,1371,788,4,0
0,2,0,0,33,893,259,9,0
5,1,1,0,31,423,215,0,0
0,0,0,0,33,1165,462,0,0
6,1,1,0,31,124,154,0,0
6,0,1,1,34,0,193,0,0
0,0,0,0,37,785,219,0,0
4,0,1,0,59,278,141,0,0
1,0,1,1,54,465,92,0,0
6,0,1,0,35,871,108,0,0
6,0,1,0,29,11417,272,0,0
5,1,1,0,25,654,216,0,0
1,1,1,0,31,373,346,0,0
3,0,2,0,37,0,226,3,0
1,0,1,0,25,517,135,0,0
6,0,1,0,54,4482,97,0,0
0,0,0,0,36,428,121,0,0
3,0,2,1,56,2442,111,0,0
6,1,2,0,36,38,308,0,0
1,0,1,1,53,230,112,0,0
3,0,1,1,30,658,212,0,0
5,1,1,0,43,979,154,0,0
6,1,1,0,28,102,64,3,0
0,1,0,0,43,1046,901,0,0
3,1,-1,0,35,871,216,0,0
1,0,1,0,43,369,75,0,0
0,0,-1,1,56,353,171,0,0
0,2,0,0,44,935,70,0,0
6,0,1,0,50,107,71,0,0
3,1,-1,0,30,6281,149,0,0
3,0,1,1,52,782,104,0,0
5,1,1,0,39,496,788,0,0
8,1,1,0,32,0,123,0,0
6,0,1,0,46,2215,222,0,0
1,1,0,0,26,-67,143,1,0
3,0,2,0,45,446,51,0,0
0,0,0,0,32,6059,110,0,0
6,0,1,0,50,0,88,0,0
3,1,1,0,27,87,43,0,1
1,0,0,0,29,409,247,0,0
5,2,1,0,48,83,1101,0,0
4,0,-1,0,73,519,434,1,0
5,0,1,1,47,1265,250,0,0
1,0,0,0,46,16,121,0,0
-1,0,-1,0,48,2261,445,0,0
6,1,1,0,25,-352,246,0,0
3,0,1,1,28,2378,800,0,0
3,0,2,0,47,242,214,0,0
1,0,1,0,46,289,51,0,1
9,0,1,1,29,1082,77,0,0
3,1,1,1,39,4143,21,0,0
6,1,1,1,36,511,706,1,0
1,1,0,0,31,236,200,1,0
5,0,1,1,42,-465,102,0,0
5,1,1,0,30,983,189,0,0
3,0,0,0,46,-388,295,0,1
4,1,2,0,56,223,97,0,0
3,0,1,1,47,410,179,0,0
3,0,1,1,33,527,81,0,0
8,0,0,0,29,241,7,0,0
3,0,1,0,32,598,179,0,0
0,0,0,0,37,19,580,0,0
3,0,1,1,30,282,148,0,0
0,0,-1,0,44,2724,893,0,0
8,0,2,0,59,46,44,0,0
7,1,0,0,33,1049,126,0,0
1,1,1,0,33,3264,423,0,0
1,0,1,1,54,187,273,0,0
1,0,1,0,36,452,113,0,0
2,0,0,0,41,306,102,0,0
6,1,0,0,37,1189,323,4,0
1,0,0,0,54,395,183,2,0
10,1,1,0,27,672,236,0,0
6,0,-1,0,49,1990,44,0,0
0,1,0,0,27,148,632,0,0
3,1,2,0,42,-95,204,0,0
0,1,1,0,30,135,112,0,0
1,0,1,0,45,865,80,0,0
2,0,2,1,53,943,314,0,0
3,1,2,0,25,-289,56,0,0
0,0,0,0,31,4924,316,2,0
1,0,2,0,29,95,255,0,0
6,2,1,0,49,725,275,0,0
0,0,0,1,44,-68,121,0,0
1,1,1,1,39,822,164,0,0
10,1,0,0,29,246,269,0,0
10,1,-1,0,29,10332,46,0,0
3,0,1,0,32,485,1100,0,0
6,0,1,1,44,522,911,0,0
5,0,1,0,42,1279,50,0,0
0,0,0,0,40,1666,271,0,0
0,0,-1,0,38,1257,64,0,0
5,2,1,0,36,1089,83,4,0
0,1,0,0,35,0,30,0,0
0,1,0,0,30,82,48,0,0
0,2,0,0,38,714,163,0,0
7,0,1,0,32,514,812,0,0
10,1,-1,0,20,167,237,0,0
0,0,0,0,42,3713,709,0,0
6,2,2,1,52,432,44,0,0
1,0,1,1,34,-136,131,0,0
7,0,0,0,62,4886,44,0,0
2,0,0,0,33,4465,161,2,0
1,0,1,0,43,1937,181,0,0
5,0,1,0,38,3047,285,0,0
1,1,1,0,31,182,52,0,0
3,0,2,0,51,1164,100,2,0
1,1,1,1,25,2,304,0,0
0,0,0,1,45,0,112,0,0
0,2,0,0,59,81,140,0,0
0,0,0,0,53,597,392,0,0
3,0,1,0,41,196,488,0,0
3,0,1,0,28,0,6,0,0
6,0,1,0,46,1550,126,8,0
3,1,0,0,34,1168,163,0,0
0,1,0,0,34,5,370,0,0
3,0,1,0,45,1124,37,0,0
7,0,0,0,32,1214,104,0,0
5,1,1,1,28,144,136,0,0
5,1,1,0,43,1022,163,2,0
5,0,1,1,33,4012,90,4,0
3,2,1,0,41,5291,1423,0,0
6,0,2,0,57,1700,178,0,0
3,1,1,0,26,1802,28,0,0
3,2,1,0,41,174,367,1,0
1,1,1,0,26,430,450,0,0
5,0,1,0,51,113,84,0,0
1,0,0,1,38,2453,108,0,0
8,2,1,0,40,1694,473,0,0
9,0,0,0,47,228,80,1,0
5,0,1,1,58,2,282,0,0
9,1,1,0,29,718,91,0,0
9,0,1,0,62,565,123,0,0
4,0,2,0,71,2600,186,1,0
1,0,1,0,39,-475,168,1,0
1,0,1,0,27,639,633,0,0
3,0,1,0,56,876,93,0,0
0,0,0,0,59,37,64,0,0
1,0,1,1,52,2095,419,0,0
5,2,1,0,47,225,1126,0,0
3,0,1,0,44,8666,172,0,0
0,0,0,0,47,6637,174,0,0
4,0,1,1,60,781,128,0,0
0,1,0,1,34,197,274,0,0
0,0,0,0,54,1353,119,0,0
1,0,0,0,32,396,205,0,0
3,0,1,1,53,1103,101,4,0
7,1,0,1,52,458,132,0,0
3,1,1,0,29,353,184,0,0
0,0,0,0,31,927,100,0,0
3,0,1,0,44,-95,110,0,0
3,0,1,1,34,855,616,0,0
3,1,1,1,41,1080,192,0,0
5,0,2,0,58,1119,122,2,0
7,0,0,0,53,167,84,1,0
5,2,1,0,42,0,229,0,0
4,0,1,0,80,462,127,0,0
0,2,0,1,51,-256,97,0,0
0,0,0,0,46,583,135,0,0
3,0,2,0,53,1100,714,0,0
7,1,1,0,37,4894,240,0,0
7,0,1,1,38,187,66,0,0
0,0,0,0,46,273,1962,3,0
1,1,0,0,31,614,72,0,0
6,1,1,0,26,46,17,6,0
3,0,2,0,60,136,43,0,0
9,0,0,0,34,0,148,2,0
0,0,0,0,29,-6,324,0,0
1,2,1,0,46,164,229,0,0
5,0,1,0,30,-150,174,1,0
3,2,-1,0,46,2391,148,0,0
6,0,1,0,27,472,144,0,0
1,0,0,0,36,1179,79,0,0
6,0,1,0,34,286,703,0,0
0,2,0,0,58,5037,1437,0,0
0,0,1,0,42,2580,154,0,0
7,0,1,0,52,1498,1078,0,0
1,1,1,0,26,1275,18,0,0
3,1,1,0,37,3764,431,0,0
0,0,0,0,48,1335,492,0,0
4,0,0,1,61,3140,975,1,0
1,2,1,0,38,0,867,0,0
0,0,0,1,40,0,53,0,0
0,1,0,0,31,1536,234,0,0
0,0,1,0,56,3164,245,0,0
10,1,0,0,25,505,37,0,0
0,0,0,0,34,5665,72,0,0
0,0,0,0,52,72,222,0,0
8,1,1,0,37,1020,348,0,0
-1,0,2,0,45,586,90,0,0
6,1,1,0,39,609,372,0,0
7,0,-1,0,76,4984,403,1,0
6,0,0,0,56,3480,124,0,0
3,0,2,0,50,111,8,1,0
0,1,0,0,45,2532,64,0,0
0,0,0,0,31,898,578,0,0
6,1,1,0,30,438,98,0,0
10,1,1,0,29,3872,453,0,0
0,0,0,0,30,248,692,0,0
1,1,1,0,36,1832,154,0,0
7,0,0,0,56,350,83,0,0
0,1,0,0,27,406,269,0,0
1,2,0,0,39,3,488,0,1
10,1,0,0,28,471,209,0,0
1,0,1,0,34,1137,383,1,0
1,0,1,0,32,282,257,0,0
1,0,1,0,40,8844,204,0,0
7,0,0,0,32,9,98,0,0
5,2,1,0,41,639,88,0,0
3,0,1,0,33,2,74,0,1
7,1,0,0,36,4752,446,0,0
3,0,1,0,32,2549,246,0,0
7,0,1,1,45,-30,165,0,0
1,1,1,0,32,1165,19,0,0
1,1,1,0,35,-206,85,0,0
0,1,0,0,59,266,147,0,0
0,0,0,0,35,2461,205,4,0
1,1,1,0,30,1165,204,3,0
4,0,1,0,59,184,163,0,0
0,2,0,0,49,914,185,0,0
0,2,0,0,33,-848,12,2,0
3,0,1,1,45,-35,145,0,0
1,1,1,0,33,487,532,0,0
4,0,1,0,57,3783,198,0,0
0,1,0,0,50,490,273,0,0
5,0,1,0,27,1293,1665,0,0
0,0,0,0,34,6463,40,0,0
1,0,0,0,32,903,181,1,0
1,0,1,1,40,2576,10,0,0
2,0,1,0,35,6851,225,0,0
5,0,1,0,32,0,137,0,0
1,1,1,0,32,230,442,8,0
0,1,0,0,31,3142,235,1,0
7,0,0,0,40,252,103,0,0
6,0,1,0,58,4428,234,0,0
8,1,0,0,26,521,123,0,0
5,1,1,0,24,843,22,0,0
0,0,1,0,44,438,42,0,0
0,1,0,0,39,30,201,0,0
0,1,0,0,38,-476,76,0,0
3,0,1,1,32,1873,23,0,0
0,0,0,0,54,2437,1176,0,0
3,1,1,0,25,171,178,2,0
3,0,1,0,37,1059,94,0,0
9,0,2,0,71,227,74,0,0
4,0,0,0,72,2,147,0,0
4,0,1,0,59,1980,185,0,0
0,1,0,0,30,13774,380,0,0
7,1,1,0,49,766,150,0,0
5,0,1,0,42,214,21,0,0
0,0,0,0,45,4395,299,0,0
9,0,2,0,66,922,83,4,0
6,1,1,0,32,951,77,0,0
9,0,1,1,49,500,105,0,0
8,0,2,0,48,608,362,0,0
10,1,1,0,21,130,113,4,0
6,0,1,0,36,-302,36,0,0
0,1,2,0,46,538,118,0,0
5,2,1,0,45,660,71,0,0
5,0,1,0,45,0,145,0,0
3,2,1,0,33,1,66,0,0
5,0,1,0,45,285,8,0,0
5,1,0,0,44,10,158,0,0
5,1,1,0,33,892,151,0,0
8,1,0,0,30,1159,95,1,0
3,1,1,0,34,39,254,3,0
6,0,1,0,39,702,303,1,0
3,0,1,0,33,1,67,3,0
1,0,1,0,49,10,135,0,0
1,1,1,0,29,590,81,1,0
3,0,1,0,40,5060,299,0,0
1,1,1,0,35,1717,206,0,0
0,0,-1,0,31,68,425,27,0
0,1,0,0,30,19358,258,0,0
7,0,0,1,37,1146,80,0,0
7,0,0,1,30,227,227,0,0
7,0,1,0,44,335,105,0,0
6,0,1,1,50,60,151,0,0
6,0,1,1,43,-45,140,0,0
3,0,2,0,54,466,297,0,0
1,2,1,0,37,1772,202,0,0
5,0,1,0,29,453,384,0,0
5,1,1,0,28,1507,92,0,0
5,0,1,0,40,153,159,0,0
3,0,-1,0,36,722,268,0,0
4,0,-1,0,57,1621,108,0,0
0,0,0,0,33,728,275,0,0
9,1,0,0,30,3185,158,0,0
0,1,0,1,56,6507,134,1,0
3,0,1,0,58,1826,47,0,0
3,0,1,0,31,92,688,0,0
2,1,0,1,35,-880,77,0,0
0,2,0,0,55,36,111,0,0
2,2,1,0,31,82,114,0,0
0,1,0,0,27,450,49,0,0
0,0,0,1,60,13360,264,0,0
4,0,2,0,53,136,267,0,0
0,2,0,0,48,17964,120,5,0
3,2,2,0,29,2,10,0,0
6,1,1,0,32,545,194,0,0
0,0,1,0,46,36,250,0,0
2,0,-1,0,53,19850,86,0,0
0,0,0,0,33,0,181,0,0
0,0,0,1,28,258,93,0,0
3,0,-1,0,57,2449,142,0,0
5,1,1,1,35,1016,418,0,0
1,0,1,1,33,3071,323,0,0
3,1,1,0,29,16,197,0,0
1,1,1,0,30,317,246,0,0
0,1,0,0,31,58,207,0,0
5,1,1,0,29,1028,343,0,0
4,0,0,1,56,142,329,0,0
0,0,0,0,45,2316,97,0,0
1,2,0,0,42,802,119,0,0
3,0,1,0,42,343,33,7,0
5,0,0,0,34,1,54,0,0
0,1,0,0,30,940,131,0,0
1,2,1,0,55,0,160,0,0
0,2,0,0,54,6410,101,0,0
3,0,2,0,53,343,616,0,0
0,1,0,0,33,318,1190,3,0
0,2,0,0,45,2237,128,2,0
9,0,2,0,37,577,76,0,0
6,2,1,0,53,1467,124,0,0
3,2,2,0,48,-18,11,0,0
10,1,1,0,22,252,206,0,0
0,2,0,0,36,3611,347,0,0
1,0,1,0,38,0,315,0,0
1,0,1,0,29,1599,36,0,0
0,1,0,0,30,45,211,0,0
8,0,1,0,51,2254,83,0,0
5,0,1,0,53,0,353,5,0
3,0,1,0,48,387,76,0,0
3,2,2,0,36,553,19,0,0
0,1,0,0,41,1696,878,0,0
6,2,1,0,58,462,495,1,0
3,0,1,0,35,156,302,3,0
10,1,1,0,22,64,112,0,0
4,0,0,0,66,1948,106,2,0
3,1,1,0,37,690,105,2,0
9,0,2,0,39,2460,194,0,0
7,1,1,1,31,148,1145,0,0
6,0,1,0,43,3409,172,0,0
5,0,1,0,59,205,277,0,0
6,2,1,0,48,201,242,2,0
1,1,1,0,57,5961,166,0,0
6,0,1,0,37,3,88,0,0
6,0,1,0,44,1872,146,0,0
3,0,1,0,60,721,160,0,0
5,1,1,0,23,1358,237,0,0
0,1,0,0,31,2124,316,0,0
5,1,1,0,29,-194,127,0,0
8,0,1,1,34,0,465,0,0
1,0,0,0,32,168,86,0,0
1,0,1,0,47,-107,236,0,0
5,1,0,0,26,3672,360,0,0
6,0,2,0,34,285,625,0,0
1,0,1,0,44,65,53,0,0
5,2,0,1,33,777,344,0,0
6,1,1,0,27,955,206,0,0
6,0,1,1,42,108,225,7,0
3,1,2,0,27,21,197,0,0
5,1,1,0,51,3132,449,1,0
0,0,-1,0,37,62,85,0,1
0,1,0,0,46,187,113,0,0
3,0,2,1,48,551,1064,5,0
6,2,1,0,52,0,243,0,0
6,1,2,1,30,0,686,0,0
9,1,0,0,38,0,137,0,0
0,1,0,0,36,4,855,1,0
0,0,0,0,53,583,226,4,0
8,1,0,0,46,44,225,0,0
10,1,-1,0,20,330,159,0,0
3,0,1,1,40,952,140,0,0
1,1,1,0,35,966,71,0,0
6,0,-1,0,42,8,299,0,0
5,1,1,1,28,242,256,1,0
9,0,2,0,29,132,559,0,0
2,0,1,0,34,1847,543,6,0
0,0,2,0,59,396,72,0,0
1,0,1,0,34,0,95,0,0
9,0,2,1,59,37,335,0,0
6,0,2,0,46,4343,185,0,0
0,1,0,0,27,1377,6,0,0
1,0,1,0,30,398,111,0,0
8,0,1,0,51,3640,295,0,0
5,0,1,0,30,11,157,0,0
6,0,1,0,57,2658,107,1,0
3,0,2,0,53,880,207,0,0
0,1,0,0,30,485,89,0,0
6,1,0,0,31,1025,93,3,0
3,0,1,0,44,3224,306,0,0
3,0,2,1,34,170,599,7,0
3,0,2,0,52,4711,228,0,0
3,1,2,0,49,3710,107,0,0
0,1,1,0,56,237,117,4,0
4,0,2,0,71,2600,212,0,0
3,0,1,1,31,80,271,0,0
5,0,0,1,34,0,108,7,0
4,0,1,0,55,529,33,3,0
-1,1,1,0,46,0,156,0,0
7,0,1,0,38,290,123,1,0
1,2,1,0,54,814,95,0,0
2,0,1,0,50,0,717,0,0
2,2,0,0,55,0,108,0,0
4,0,-1,0,67,696,119,2,0
4,2,2,1,60,1327,80,0,0
3,0,1,0,33,2994,155,0,0
1,2,1,0,59,0,126,0,0
0,1,0,0,48,334,600,12,0
1,0,1,0,57,1158,204,21,0
5,1,1,0,34,391,77,2,0
0,1,1,0,28,703,485,1,0
3,0,2,0,60,29184,94,0,0
9,0,1,0,49,3812,121,0,0
3,1,1,0,23,780,416,0,0
2,0,0,0,53,17410,59,0,0
3,0,-1,0,41,402,368,0,0
7,1,0,0,44,2734,897,0,0
0,0,0,0,32,1028,183,0,0
3,0,2,0,44,12,408,0,0
5,2,1,0,26,1,92,0,0
0,0,0,0,72,7003,116,0,0
0,1,0,0,28,202,163,0,0
5,1,1,0,32,422,221,0,0
1,1,0,0,30,53,375,0,0
3,0,2,0,43,991,111,0,0
0,1,0,0,26,2506,134,3,0
0,0,0,0,38,6209,46,0,0
1,0,1,0,44,561,613,0,0
3,1,1,0,41,1564,493,1,0
3,0,2,0,33,261,252,0,0
0,0,1,0,46,-27,289,0,0
1,0,0,1,53,7,57,1,0
4,0,-1,0,52,293,706,0,0
3,2,2,0,43,515,182,0,0
3,0,1,0,30,975,256,2,0
3,0,1,0,34,-436,317,0,0
5,0,1,0,35,3487,323,1,0
7,0,1,0,46,156,268,0,0
7,2,1,0,54,1374,74,0,0
1,0,1,0,38,0,431,0,0
1,1,1,0,33,313,291,0,0
3,0,2,0,37,496,137,0,0
3,0,2,0,56,1798,228,0,0
2,0,-1,0,48,3233,66,0,0
0,1,0,0,27,88,65,0,0
0,0,0,0,38,0,211,0,0
4,2,2,0,54,308,248,0,0
0,0,0,0,32,1570,156,0,0
1,1,0,1,28,-481,100,0,0
1,1,0,0,28,386,867,0,0
3,0,2,0,42,187,43,0,0
5,0,1,0,40,2199,38,0,0
0,1,0,0,36,3850,239,4,0
6,0,1,0,36,1053,99,1,0
3,2,2,1,39,3,625,0,0
1,1,1,1,25,0,634,0,0
1,0,1,0,59,358,183,0,0
3,0,1,0,48,741,227,0,0
0,0,0,0,35,4,157,0,0
0,0,0,0,45,1433,117,0,0
3,1,1,0,32,3044,533,0,0
8,1,1,0,24,2573,375,0,0
0,0,0,0,36,-547,267,2,0
3,0,2,0,33,716,83,0,0
0,0,0,0,36,1434,379,0,0
6,0,1,1,24,51,187,0,0
9,2,2,0,46,148,166,0,0
1,1,1,1,36,0,109,0,1
0,0,0,0,33,483,738,0,0
0,1,1,1,35,138,79,0,0
4,0,0,0,71,4388,896,0,0
4,0,1,0,69,745,595,0,0
5,1,-1,0,43,87,328,0,0
3,0,2,0,57,94,103,0,0
3,0,2,0,56,690,309,0,0
3,0,1,0,46,668,1263,0,0
0,0,0,0,51,2635,181,2,0
3,0,2,0,37,89,393,4,0
9,0,0,0,48,5473,127,2,0
0,0,0,0,39,2450,382,0,0
3,0,2,0,59,5788,56,2,0
3,1,1,0,25,207,680,0,0
5,0,1,0,59,479,326,0,0
10,1,1,0,26,1346,383,0,0
1,0,1,1,52,196,116,3,0
9,0,0,0,34,1265,397,0,0
1,1,1,1,35,2471,136,0,0
6,1,1,0,30,85,81,0,0
5,1,1,0,56,4118,165,0,0
1,0,1,1,54,472,229,1,0
6,0,1,0,38,-361,37,0,0
0,0,0,0,48,0,204,0,0
10,1,2,0,20,0,143,8,0
6,0,1,0,37,580,469,0,0
9,0,1,1,45,870,258,0,0
0,1,0,0,32,127,66,0,0
1,1,1,0,37,-242,1149,0,0
3,1,2,0,27,1,120,0,0
3,0,2,1,47,206,118,0,0
1,2,1,0,57,910,183,0,0
3,0,2,0,36,1861,281,0,0
1,0,1,0,36,432,61,2,0
3,0,1,0,26,128,355,0,0
5,1,1,0,27,116,46,0,0
3,1,1,0,29,482,168,0,0
4,2,0,0,60,381,208,4,0
3,1,2,0,37,6969,412,0,0
3,0,2,0,28,26,40,0,0
1,0,1,1,49,-849,197,0,0
5,2,1,0,48,4099,397,0,0
6,1,1,0,32,659,12,0,0
6,1,-1,0,48,5095,71,0,0
3,1,2,0,32,78,72,0,0
6,2,1,1,44,210,111,0,0
4,0,2,0,58,1987,185,0,0
0,2,0,1,45,702,110,0,0
1,0,1,0,58,629,193,2,0
0,0,0,0,54,0,748,0,0
5,0,1,0,36,725,123,8,0
3,0,1,0,54,548,520,0,0
3,0,2,1,44,1432,63,0,0
5,0,1,0,31,8295,541,0,0
4,0,2,0,57,5010,570,0,0
5,0,1,0,29,73,252,0,0
6,0,0,0,39,1493,912,0,0
3,2,2,0,45,-311,1030,0,0
3,0,1,0,45,1179,172,0,0
1,0,0,0,52,1416,297,0,0
3,1,2,0,49,48,433,0,0
0,0,0,0,49,0,215,0,0
10,1,1,0,25,14657,194,0,0
5,0,1,1,38,505,119,2,0
7,0,0,1,35,28,259,0,1
8,0,1,0,28,1,128,0,0
0,0,2,0,43,62,133,3,0
0,2,0,1,50,1349,326,0,0
3,2,1,1,39,37,248,0,0
0,1,0,0,35,80,434,1,0
3,1,2,1,25,6,174,0,0
0,2,0,0,49,755,1212,0,0
0,0,0,0,30,105,112,0,0
3,1,1,0,35,885,632,0,0
6,0,1,0,37,3,105,6,0
3,0,1,0,49,0,52,0,0
3,0,2,0,33,-159,332,0,0
1,0,0,0,41,13,189,0,0
3,0,1,0,28,922,226,1,0
3,0,2,0,56,1014,5,0,0
3,0,2,0,31,54,239,0,0
0,0,0,0,35,5367,69,0,0
6,2,1,0,25,1694,159,0,0
5,0,2,0,55,343,276,0,0
3,0,1,1,41,-750,251,0,1
1,0,1,0,48,427,202,0,0
1,0,1,1,52,371,453,3,0
0,0,0,0,53,261,100,0,0
7,1,0,1,35,538,21,0,0
9,2,1,0,57,4969,655,0,0
6,0,1,0,41,3992,281,0,0
5,0,1,0,43,0,175,0,0
0,1,0,0,26,1438,321,1,0
3,0,1,0,32,0,350,0,0
0,1,1,0,31,783,320,0,0
8,0,0,0,49,2806,366,0,0
0,0,0,0,54,-305,280,0,0
1,1,1,1,38,2079,122,0,0
4,2,1,1,47,-157,104,0,0
1,0,1,0,31,119,380,0,0
1,0,1,1,41,1043,225,0,0
1,0,1,0,56,170,200,4,0
6,0,1,0,51,917,56,0,0
0,0,1,0,42,0,234,0,0
1,0,1,0,49,1091,47,0,0
0,1,0,1,29,112,117,0,0
5,0,1,0,39,350,109,0,0
5,0,1,0,36,1295,232,0,0
6,0,1,0,45,0,196,0,0
3,1,2,1,40,0,114,0,0
2,1,0,0,31,206,88,0,0
6,2,1,0,58,0,250,0,0
1,1,1,1,41,413,292,0,0
9,0,1,0,60,5,433,0,0
3,0,2,0,55,-1217,242,0,0
0,0,0,0,53,232,32,0,0
5,1,0,0,30,726,103,0,0
0,1,0,0,36,85,76,0,0
3,0,1,0,51,-92,28,0,0
6,0,1,0,28,7,50,0,0
0,1,0,0,32,47,133,0,0
0,1,0,0,29,502,366,3,0
5,0,1,0,49,381,504,0,0
0,0,0,0,51,583,109,0,0
1,0,2,0,49,486,229,0,0
0,0,1,1,43,107,135,0,0
1,0,1,0,32,1337,368,0,0
6,2,2,0,56,588,303,0,0
8,1,1,0,36,244,702,0,0
7,0,0,0,44,1196,552,0,0
4,0,1,0,62,569,187,6,0
0,0,0,0,50,414,707,3,0
1,1,1,0,45,792,111,0,0
4,0,2,0,68,2398,352,0,0
3,0,1,0,39,1165,354,0,0
2,0,0,1,33,0,114,0,0
1,0,1,0,37,0,236,0,1
3,0,2,0,50,953,315,2,0
0,0,0,1,45,80,157,0,0
4,2,2,0,82,0,381,1,0
1,2,0,1,50,291,219,0,0
7,0,0,0,47,751,408,0,0
1,1,-1,0,41,2701,278,0,0
8,1,0,0,26,814,1387,0,0
1,1,0,0,30,0,140,8,0
0,2,0,0,34,224,120,0,0
0,0,0,0,33,584,508,0,0
3,0,1,0,59,-918,253,0,1
5,0,1,0,51,2967,83,0,0
6,2,1,0,40,9,154,0,0
0,2,0,0,37,503,220,0,0
1,1,1,1,29,-496,422,0,0
2,1,2,0,45,0,354,0,0
1,0,0,0,45,2699,264,0,0
1,0,0,0,30,296,1809,0,0
2,0,2,0,37,0,163,0,0
7,0,1,0,43,634,65,1,0
1,1,1,0,27,18,107,0,0
1,1,1,0,28,456,16,0,0
5,0,1,0,31,54,226,0,0
6,0,1,0,46,417,81,0,0
0,0,0,0,53,0,85,0,0
0,1,0,0,32,2069,545,0,0
3,0,1,0,56,58932,339,0,0
1,1,1,0,44,1195,187,9,0
0,1,0,0,35,539,198,1,0
1,0,1,1,54,2225,73,0,0
1,1,1,0,41,43,420,0,0
5,0,1,0,46,659,1127,0,0
3,0,2,0,36,1244,143,0,0
3,2,1,0,43,338,116,0,0
5,1,0,0,51,16,158,0,0
7,1,0,0,29,655,273,0,0
0,0,0,0,44,756,122,0,0
3,0,1,0,38,2283,221,0,0
0,1,1,1,30,-62,117,0,0
6,1,1,0,37,1045,406,1,0
1,1,0,0,32,1306,517,0,0
9,0,0,0,39,240,17,0,0
7,0,1,0,45,0,249,0,0
1,0,-1,0,58,49,75,0,0
3,1,1,0,45,143,201,0,0
4,0,0,0,78,226,136,0,0
3,0,1,0,40,-341,192,0,0
5,2,1,0,35,454,154,0,0
3,0,1,0,45,10252,173,2,0
6,0,1,0,31,1,82,0,0
3,0,1,0,31,268,93,0,0
0,0,0,1,53,-252,223,0,1
4,0,2,0,53,828,232,0,0
5,1,1,0,33,241,490,0,0
3,1,1,0,32,2597,233,1,0
3,0,2,0,38,4592,360,0,0
3,0,1,0,47,2787,479,0,0
0,1,0,0,31,635,293,0,0
3,2,-1,0,55,1545,59,2,0
0,0,0,0,37,586,141,0,0
5,2,1,0,37,246,288,2,0
3,0,2,0,55,472,80,0,0
1,1,1,0,27,63,98,0,0
4,0,2,0,66,3629,474,2,0
0,0,0,0,53,2327,94,0,0
1,0,1,0,44,185,194,0,0
2,0,0,0,36,4576,272,0,0
7,0,1,0,37,0,158,0,1
3,0,1,0,44,2979,18,3,0
0,0,2,0,34,6,125,0,0
3,0,2,0,45,1951,73,0,0
0,2,0,0,50,299,666,0,0
3,0,1,0,50,810,19,0,0
5,0,1,1,28,157,164,0,0
1,1,0,0,36,268,54,0,0
3,0,1,0,51,717,141,0,0
3,0,2,0,40,665,781,0,0
1,0,1,0,33,2044,532,0,0
1,0,1,0,44,0,302,0,0
4,2,2,0,81,0,172,0,0
3,1,1,0,27,48,152,0,0
0,1,0,0,28,2080,399,1,0
1,1,1,0,30,865,114,0,0
0,1,0,0,27,0,352,0,1
1,0,1,1,48,504,227,0,0
9,0,2,0,42,14752,107,0,0
5,0,1,1,29,111,114,0,0
5,0,1,1,52,-732,61,0,0
3,0,2,0,45,300,203,3,0
3,0,1,0,33,89,278,0,0
0,1,0,0,30,0,135,0,0
0,0,2,0,80,6483,123,0,0
0,1,0,1,28,416,345,0,0
0,0,0,0,43,4923,1102,0,0
6,0,1,1,36,924,173,0,0
1,0,0,0,50,267,30,0,0
0,0,0,0,51,2704,443,0,0
0,0,0,0,39,184,206,5,0
7,1,0,0,29,16,43,0,0
1,1,1,0,28,584,354,2,0
1,0,1,0,50,402,165,2,0
0,0,0,0,30,233,382,0,0
5,2,0,0,51,66,138,2,0
2,0,1,0,54,653,352,0,0
3,0,2,0,60,703,24,0,0
0,0,0,0,39,0,93,0,0
5,0,1,0,44,961,314,0,0
6,0,1,0,44,742,77,0,0
10,1,-1,0,18,438,425,0,0
0,0,0,0,59,1069,85,0,0
5,0,1,0,35,421,350,0,0
1,0,1,0,34,133,171,3,0
3,0,2,0,51,593,157,0,0
8,0,2,0,39,7005,429,3,0
0,1,0,0,66,6483,275,0,0
1,1,-1,0,44,78,13,0,0
5,0,1,0,47,257,484,0,0
1,0,0,0,59,0,274,0,0
6,2,1,0,40,282,240,1,0
5,1,1,0,40,664,1342,0,0
2,0,2,0,39,437,150,0,0
1,1,1,1,32,1210,267,0,0
3,0,1,0,49,188,181,0,0
0,0,0,0,58,1384,342,0,0
4,2,1,0,58,-808,75,0,0
4,0,0,0,73,459,281,0,0
2,0,0,0,44,121,412,0,0
0,0,0,0,41,15,13,0,0
0,0,1,0,40,0,223,3,0
0,1,0,0,48,430,44,0,0
4,1,0,0,56,352,198,0,0
6,2,1,1,47,743,367,0,0
6,1,1,0,25,382,392,0,0
5,0,1,0,31,5,102,0,0
0,1,0,0,36,1,131,0,0
4,1,2,0,68,363,193,0,0
5,0,1,0,40,1412,48,0,0
1,2,1,0,44,-329,171,0,0
5,1,1,0,34,1254,87,0,0
5,0,1,0,35,-312,116,1,0
0,1,0,1,30,54,192,3,0
3,0,2,0,49,-117,53,0,0
3,1,2,0,44,97,95,0,0
1,0,1,1,43,227,124,0,0
3,0,2,0,31,242,24,0,0
0,1,0,0,34,1350,68,0,0
9,0,0,0,50,1005,188,0,0
0,0,0,0,29,53,27,0,1
1,0,1,0,52,553,160,0,0
1,1,0,1,31,-564,49,0,0
1,2,1,0,58,-123,131,0,0
2,0,2,1,53,-257,249,0,0
0,0,0,0,34,589,300,3,0
10,1,1,0,23,2412,239,2,0
6,0,1,0,30,9531,105,0,0
0,0,0,0,38,595,70,0,0
1,0,1,0,42,1066,125,3,0
0,0,0,0,44,7454,243,0,0
5,1,1,1,39,4917,26,0,0
9,0,2,0,36,191,132,0,0
9,0,2,0,53,0,51,0,0
3,1,2,0,61,433,346,0,0
3,0,2,0,36,156,219,0,0
5,0,1,0,36,165,456,0,0
3,0,1,0,36,82,137,0,0
3,1,-1,0,35,597,1309,0,0
3,0,-1,0,46,336,260,1,0
1,0,1,0,32,1119,371,0,0
1,0,0,1,39,94,813,0,0
1,0,1,0,53,1225,70,0,0
6,0,2,0,31,997,256,3,0
-1,0,-1,0,46,300,323,0,0
0,0,0,0,29,51,1319,0,0
5,1,1,0,34,4447,159,2,0
1,1,0,0,32,654,615,0,0
1,0,1,0,51,52,114,0,0
0,2,0,1,33,312,23,3,0
0,0,1,0,41,218,247,0,0
1,0,2,0,29,1761,186,0,0
0,0,1,0,45,1098,75,0,0
1,2,1,0,35,1085,130,0,0
0,0,0,0,34,606,97,0,0
1,1,0,0,34,6742,318,0,0
6,0,1,0,31,2050,271,0,0
4,0,1,0,59,-471,86,0,0
5,0,1,0,43,672,14,0,0
5,2,1,1,38,-51,102,0,0
3,0,2,0,50,-454,241,0,0
5,0,1,0,33,1737,524,0,0
5,2,1,1,29,883,85,0,0
3,2,1,0,60,0,1207,0,0
4,0,0,0,60,0,34,0,0
4,0,2,0,68,451,373,0,0
0,1,0,0,59,7668,124,0,0
0,0,0,0,51,0,168,0,0
0,0,0,0,35,11,22,0,0
3,0,1,0,45,154,1138,0,0
0,0,0,0,57,372,553,0,0
1,1,1,0,27,927,261,0,0
1,1,1,0,27,42,251,0,0
7,0,0,0,42,596,66,0,0
0,0,0,0,47,3556,130,0,0
5,0,1,0,53,1373,78,0,0
0,1,0,0,51,6503,178,0,0
5,0,1,1,34,641,467,0,0
0,0,0,0,44,3091,331,0,0
1,0,1,0,47,1465,26,2,0
5,1,1,0,29,3528,104,1,0
2,1,0,0,38,0,120,0,1
1,0,1,0,40,95,156,0,0
0,0,0,0,29,204,307,0,0
3,0,1,0,36,0,794,0,0
3,1,1,0,39,649,668,0,0
3,0,2,1,40,143,167,0,0
0,1,0,0,26,15,116,0,0
2,0,0,1,35,542,591,0,0
6,0,1,0,52,0,363,0,0
8,2,2,1,45,-249,92,0,1
3,1,1,0,27,3792,279,0,0
0,1,0,0,27,405,129,0,0
0,0,0,0,40,2243,178,0,0
7,0,2,0,41,204,111,0,0
1,2,1,1,36,1156,141,0,0
1,0,1,0,53,0,392,0,0
9,1,0,0,46,1328,1241,0,0
0,0,-1,0,38,3576,579,0,0
0,2,0,0,34,140,80,0,0
6,1,1,0,42,58,428,0,1
3,0,1,1,34,328,18,0,0
3,0,1,0,31,43,137,0,0
1,2,1,0,33,295,360,0,0
5,2,1,1,55,873,131,0,0
1,1,0,0,44,643,222,0,0
3,0,1,1,48,244,212,0,0
6,2,1,0,42,11177,229,1,0
8,0,1,1,33,-131,145,0,0
0,0,0,0,27,9630,190,0,0
1,1,1,0,28,312,392,0,0
0,1,0,0,28,5474,486,0,0
3,0,1,1,33,320,167,0,0
3,0,2,0,45,0,92,0,0
0,0,0,0,53,4446,429,0,0
4,0,1,0,72,5715,1114,2,0
3,0,1,1,31,1495,159,0,0
4,0,1,0,40,263,761,0,0
8,0,1,0,51,425,286,0,0
5,2,1,0,33,661,411,2,0
1,0,1,0,53,3429,280,0,0
0,2,0,1,32,-634,275,0,0
2,0,0,0,44,1808,127,0,0
8,0,1,0,31,314,149,0,0
5,1,1,1,25,1235,64,3,0
4,2,1,0,75,1341,415,0,0
3,0,1,0,39,1751,178,0,0
6,0,0,0,39,6497,567,0,0
0,0,0,0,58,3768,316,0,0
4,2,2,0,59,2516,404,0,0
0,0,0,0,44,0,130,0,0
3,0,1,0,35,274,190,0,0
9,2,0,0,38,4312,407,2,0
5,0,2,0,53,228,97,0,0
6,1,1,0,50,516,187,0,0
1,0,1,0,36,22,464,0,0
1,1,0,0,25,800,151,0,0
8,0,1,0,51,2439,118,0,0
3,0,1,0,37,604,371,1,0
0,1,0,0,30,119,430,0,0
0,0,0,0,45,0,71,0,0
3,0,2,0,28,103,41,0,0
5,1,0,0,41,873,16,0,0
0,0,0,0,50,469,170,1,0
0,1,0,0,25,530,88,0,0
0,0,0,0,43,176,253,1,0
4,0,1,0,61,3340,224,0,0
0,0,0,0,31,491,15,1,0
3,1,2,0,27,232,701,0,0
3,1,1,0,42,24,229,0,0
1,0,1,1,35,905,114,0,0
9,0,1,0,41,879,1053,0,0
6,1,1,0,32,758,262,0,0
9,0,2,0,33,813,331,0,0
0,2,0,0,49,4961,298,1,0
-1,0,-1,0,58,219,55,0,0
0,1,0,0,51,8265,168,0,0
6,2,1,0,35,543,624,0,0
3,0,0,0,50,267,187,0,0
4,0,0,0,71,1486,110,0,0
3,0,-1,0,50,123,276,0,0
0,2,0,0,46,461,127,2,0
3,0,1,0,41,1100,397,2,0
3,0,1,0,45,-73,551,9,0
0,2,0,0,33,990,1491,0,0
2,2,1,1,32,1121,211,0,0
6,0,2,0,30,-286,202,0,0
3,0,1,0,63,641,417,0,0
0,1,0,0,38,1027,387,3,0
1,1,0,0,38,1369,841,0,0
0,0,1,0,60,13238,418,0,0
1,0,1,0,32,963,15,0,0
1,1,1,0,31,1510,74,0,0
3,0,2,0,37,623,267,0,0
5,1,1,1,37,-117,106,0,0
0,1,0,0,32,2846,160,0,0
6,0,1,0,48,1555,121,0,0
3,1,1,0,39,254,128,0,0
4,2,2,0,68,2027,619,2,0
6,2,1,1,44,0,97,0,0
3,0,2,0,53,0,195,0,0
0,0,0,1,36,853,408,0,0
1,0,1,0,33,1968,1817,0,0
6,0,2,0,57,53,86,0,0
5,2,1,1,28,-504,578,0,0
0,0,0,0,59,3640,226,0,0
5,2,1,0,32,187,90,0,0
0,1,0,0,34,747,109,0,0
9,0,1,0,38,0,59,0,0
0,1,0,0,30,1077,128,0,0
1,2,2,0,53,1443,476,0,0
3,0,1,0,33,0,809,1,0
7,0,0,0,31,2666,318,6,0
5,0,1,1,30,23,149,0,1
4,0,1,0,57,13834,107,0,0
9,0,2,1,59,509,67,0,0
0,0,0,0,44,1802,105,0,0
6,0,1,0,35,152,563,0,0
6,1,1,1,36,80,258,0,0
5,1,0,0,27,144,95,0,0
1,0,1,0,37,1707,546,3,0
1,0,0,0,33,2976,465,12,0
3,0,2,0,35,0,359,0,0
6,0,1,1,47,1123,251,0,0
3,0,-1,0,54,191,753,0,0
0,0,0,0,43,544,154,0,0
3,0,1,0,48,194,62,0,0
3,0,2,0,35,2708,178,0,0
0,0,0,0,57,1341,339,0,0
1,2,1,0,55,852,83,0,0
0,0,0,0,31,10884,294,2,0
5,0,1,0,38,1280,916,0,0
2,1,0,0,28,341,241,0,0
0,1,0,0,32,1493,65,0,0
3,0,1,0,54,2047,150,6,0
1,0,0,1,40,-1779,37,0,0
5,2,1,0,50,3240,144,0,0
0,0,0,0,35,298,281,0,0
1,1,1,1,39,201,148,0,0
0,1,0,0,36,62,43,0,0
1,0,1,1,30,274,97,0,0
4,0,1,0,60,8590,85,0,0
0,0,0,0,31,3,12,0,0
9,0,1,0,54,962,288,0,0
0,0,0,0,38,845,134,0,0
1,2,1,0,40,0,67,0,0
0,0,0,0,44,1138,523,0,0
3,0,1,0,34,360,66,0,0
3,1,1,0,41,656,178,0,0
0,1,0,0,41,-24,437,0,0
3,0,1,0,52,557,111,0,0
0,1,0,0,35,550,55,0,0
3,0,2,0,55,11,150,0,0
3,1,1,0,43,3,929,0,0
3,0,1,0,28,751,598,0,0
5,0,1,0,45,985,390,0,0
0,1,0,1,33,191,678,1,0
9,1,-1,0,69,2493,368,0,0
3,0,1,0,32,2561,135,0,0
5,0,0,1,51,0,177,2,0
3,0,1,0,39,535,89,0,0
5,0,1,0,47,0,110,0,0
0,1,0,0,38,231,118,0,0
1,1,0,0,35,992,1416,4,0
6,0,1,0,38,507,55,1,0
3,0,2,0,46,633,236,0,0
6,0,1,0,47,543,141,0,0
3,0,2,0,46,665,89,2,0
3,0,2,0,46,328,526,0,0
7,0,0,0,26,479,133,0,0
0,0,0,0,39,246,86,0,0
3,0,2,0,32,400,76,0,0
3,0,1,0,42,671,10,0,0
9,1,0,0,31,2017,167,5,0
0,2,0,0,47,84,229,0,0
6,1,1,0,31,605,222,0,0
4,2,1,1,60,2479,157,0,0
6,1,1,0,36,198,496,0,0
0,0,0,0,52,261,437,0,0
5,0,1,1,48,126,379,0,0
0,0,0,0,38,1440,111,0,0
1,2,1,0,39,385,644,0,0
10,1,-1,0,48,1279,2429,0,0
0,0,0,0,52,0,179,6,0
1,2,1,0,43,365,406,0,0
-1,0,2,0,39,6999,111,0,0
8,0,1,0,28,431,29,3,0
1,1,0,0,41,5389,209,0,0
4,0,1,0,59,1066,273,0,0
1,1,0,0,31,703,943,0,0
3,0,1,0,45,192,154,1,0
0,1,0,0,49,11,251,0,0
0,2,0,0,43,580,1514,2,0
3,0,2,0,49,6215,549,0,0
4,0,1,0,83,0,201,2,0
5,0,1,0,52,1236,247,0,0
3,1,1,0,25,192,112,0,0
7,0,0,0,33,263,119,0,0
0,0,0,0,38,-585,196,0,0
6,1,1,0,28,1136,89,0,0
3,0,2,0,46,185,226,0,0
4,0,0,0,60,45,39,0,0
3,0,1,0,29,751,211,5,0
3,1,1,0,31,196,568,7,0
1,0,1,1,33,105,360,0,0
0,1,0,0,40,1393,20,0,0
1,1,1,0,33,20,131,0,0
0,0,0,0,30,1185,881,0,0
2,0,0,0,38,228,105,0,0
0,1,0,0,30,317,134,0,0
9,2,0,0,59,0,379,2,0
1,1,1,0,48,9131,902,0,0
3,1,2,0,43,0,71,0,0
5,0,0,0,49,8413,131,0,0
1,0,1,1,47,93,194,0,0
1,0,0,0,42,-215,1573,0,0
0,2,0,1,39,517,1328,0,0
6,0,1,0,45,-158,91,0,0
10,1,1,0,20,1681,130,0,0
7,1,0,0,30,189,71,0,0
3,0,1,0,32,544,69,0,0
0,0,0,0,34,13,47,0,0
3,0,2,0,39,33,211,0,0
5,0,1,0,40,3138,238,0,0
1,1,0,0,24,777,131,0,0
0,0,0,0,32,8929,126,0,0
3,0,1,0,33,1464,588,0,0
3,0,1,1,27,411,123,0,0
3,2,1,0,36,-158,42,0,0
0,0,-1,0,51,1708,92,0,0
4,0,2,1,57,2927,78,0,0
3,0,1,1,30,0,718,0,0
0,0,1,1,46,-333,597,0,1
0,1,0,0,38,35,156,3,0
3,0,1,1,35,-659,30,0,0
1,0,1,0,41,190,12,0,0
5,1,1,0,36,506,208,0,0
3,0,2,0,54,4608,352,0,0
9,0,2,0,46,269,188,0,0
1,0,0,0,31,2951,115,0,0
0,0,1,1,48,0,1233,2,0
1,1,0,0,45,0,773,0,0
3,0,2,0,42,807,1057,0,0
5,0,1,0,33,105,122,0,0
1,0,1,0,57,1070,73,0,0
1,1,1,0,32,945,312,0,0
10,1,0,0,26,39,396,0,0
0,2,0,0,59,59,273,0,0
5,0,0,0,32,882,569,0,0
3,1,1,0,48,8982,628,0,0
5,0,1,0,36,670,126,0,0
3,0,2,0,42,159,295,0,0
6,1,1,0,31,1027,217,0,0
1,0,0,0,50,72,12,0,0
3,0,1,0,37,982,231,0,0
10,1,1,0,19,526,174,3,0
6,0,1,1,32,1977,44,0,0
1,0,1,0,55,891,268,0,0
5,0,1,1,42,-150,249,0,0
3,0,1,0,33,3259,182,0,0
6,0,1,0,40,4157,735,0,0
-1,1,1,0,41,646,40,0,0
3,0,1,1,53,1093,244,0,0
3,0,1,0,37,37,204,0,0
0,1,0,0,35,837,329,0,0
8,0,1,0,59,4497,213,1,0
0,0,0,1,40,194,189,0,0
6,1,1,0,28,168,347,2,0
4,0,1,0,60,-1110,143,0,0
5,1,1,0,35,141,146,0,0
4,1,1,0,26,530,308,0,0
6,0,1,0,48,74,201,0,0
8,1,1,0,35,0,299,0,0
7,1,0,0,37,281,869,0,0
0,1,1,0,38,399,367,0,0
0,0,0,1,31,11,155,0,0
0,2,0,0,40,99,275,0,0
4,0,2,0,73,154,103,0,0
2,0,1,0,41,-1882,17,2,0
0,0,0,0,33,73,214,0,0
6,0,-1,0,51,7175,98,0,0
3,0,1,0,35,3181,28,0,0
4,2,1,1,55,1580,82,1,0
5,1,2,0,34,286,329,0,0
3,0,1,0,29,76,198,0,0
3,0,1,1,26,1702,21,0,0
1,2,1,1,32,210,188,0,0
6,1,1,1,36,398,77,0,0
5,0,1,0,25,242,62,0,0
0,1,0,0,45,0,114,0,0
3,0,1,1,29,-49,210,0,0
3,0,2,0,57,-238,79,0,0
3,0,1,0,38,602,161,0,0
0,0,1,0,39,18,85,0,0
3,0,2,1,27,52,185,0,0
6,0,1,1,47,651,325,0,0
5,1,1,0,36,0,80,0,0
3,0,1,0,35,2737,199,0,0
0,1,0,0,32,3552,310,0,0
4,1,1,1,54,129,867,0,0
1,1,1,0,29,674,170,0,0
4,2,1,0,47,0,141,0,0
3,0,2,0,49,1019,285,0,0
1,1,1,0,45,11,247,0,0
3,0,1,0,35,67,60,0,0
3,0,2,1,31,298,232,0,0
1,0,1,1,31,251,156,0,0
3,1,1,0,27,539,268,2,0
10,1,1,0,29,200,87,0,0
1,2,1,0,43,773,398,0,0
6,0,1,0,53,125,176,0,0
1,2,0,0,48,574,341,0,0
3,0,2,1,56,278,261,0,0
7,2,1,0,38,0,84,0,0
1,0,1,0,37,183,194,0,0
5,1,1,0,39,0,174,0,0
0,0,0,0,37,15437,123,0,0
3,1,1,0,31,-457,270,2,0
3,0,2,0,48,-298,77,0,0
3,0,1,0,40,679,642,1,0
2,0,0,0,65,2331,425,2,0
4,0,2,0,72,1388,513,0,0
1,0,1,0,32,1026,94,0,0
8,0,2,0,41,-581,218,0,1
0,2,0,0,52,147,90,0,0
3,0,2,0,52,10,588,0,0
0,1,0,0,33,5945,190,0,0
6,0,1,0,51,7,18,0,0
7,0,0,0,30,2666,467,0,0
0,1,0,0,29,107,149,0,0
0,0,0,0,37,392,115,0,0
6,2,1,0,43,207,132,0,0
2,1,0,1,33,327,562,0,0
5,1,1,0,49,7426,65,0,0
5,2,1,0,50,86,65,0,0
0,1,0,0,29,13,26,0,0
1,0,1,0,45,983,155,0,0
6,1,1,0,34,1157,103,0,0
0,0,0,0,41,666,253,0,0
5,1,1,0,24,493,47,0,0
0,0,0,0,36,625,1360,0,0
1,1,1,0,27,439,1038,0,0
4,0,2,0,43,222,203,0,0
3,0,1,0,47,863,943,0,0
1,1,0,0,38,369,365,0,0
9,0,1,0,47,582,73,0,0
0,0,0,0,51,19313,36,0,0
2,0,-1,0,32,227,523,0,0
3,0,1,0,53,314,184,0,0
3,1,1,0,38,-1,72,0,0
5,1,1,0,38,-327,345,0,0
1,0,1,0,31,222,251,0,0
0,1,1,0,42,900,6,7,0
1,2,1,0,37,79,191,0,0
8,0,1,0,37,459,109,0,0
10,1,1,0,24,2530,399,0,0
5,0,0,0,41,1,327,3,0
0,0,1,0,48,141,208,0,0
1,1,0,0,33,68,96,0,0
3,0,2,0,40,2562,487,0,0
1,2,1,0,49,-236,204,0,0
1,0,1,1,33,346,379,0,0
4,0,0,0,68,2812,392,3,0
9,0,2,1,44,-227,153,0,0
1,1,1,0,35,127,203,0,0
1,0,1,0,48,3069,597,0,0
2,0,2,1,58,1153,206,6,0
1,0,1,1,57,272,563,0,0
4,1,1,1,59,-341,94,0,1
1,1,1,0,46,834,196,0,0
1,0,1,0,58,99,396,0,0
0,0,0,0,52,0,106,0,0
8,0,2,0,36,0,107,0,0
5,0,1,0,57,403,603,2,0
1,0,1,0,38,0,176,0,0
2,1,1,0,33,278,563,0,0
0,1,0,0,27,497,125,0,0
5,2,1,0,55,3524,492,0,0
0,0,2,0,59,0,130,0,0
2,0,1,0,30,-388,263,3,1
3,0,1,0,45,827,319,0,0
3,0,2,0,37,223,569,3,0
8,0,1,0,50,1772,206,0,0
1,0,0,0,54,98,420,0,0
3,0,1,1,43,699,1258,2,0
3,0,1,0,29,294,594,0,0
0,0,0,0,43,28,73,0,0
0,0,0,0,51,346,122,5,0
7,0,1,0,55,0,172,0,1
3,1,1,0,30,959,375,0,0
7,1,-1,0,43,3173,746,0,0
0,0,0,0,30,131,384,0,0
1,2,1,1,37,325,487,0,1
9,0,2,0,61,175,237,0,0
0,0,2,0,58,2769,94,0,0
1,1,0,0,55,-703,123,0,0
6,1,1,0,31,342,117,7,0
0,1,0,0,32,718,155,1,0
2,0,1,1,36,215,309,0,0
0,0,0,0,61,1224,99,0,0
10,1,0,0,30,2030,27,0,0
5,0,1,0,32,48,76,0,0
6,1,1,0,30,194,74,3,0
0,0,0,0,31,197,105,0,0
4,0,2,0,58,0,138,0,0
6,2,1,0,33,339,496,0,1
1,0,1,0,42,370,302,0,0
7,0,0,1,58,327,145,0,0
6,0,1,0,39,-267,143,0,0
1,0,1,0,39,1820,103,0,0
1,0,0,0,33,565,77,0,0
0,0,1,0,39,2445,303,0,0
1,1,1,0,35,1708,110,0,0
1,0,1,0,30,207,72,0,0
5,2,1,0,32,-273,64,0,0
6,0,1,0,52,517,180,0,0
5,0,1,1,48,50,419,0,0
6,0,1,1,38,18,118,0,0
3,0,2,0,39,390,206,0,0
5,0,1,1,28,-393,247,2,0
5,1,1,1,27,-110,90,0,1
1,2,1,0,56,5,98,0,0
0,0,2,0,52,0,85,0,0
2,1,0,0,29,11,214,0,0
6,0,2,0,57,2893,207,0,0
0,1,0,0,27,0,89,0,1
0,0,-1,0,45,2724,359,1,0
3,0,1,0,34,965,372,2,0
9,0,1,0,51,3984,7,0,0
3,0,1,0,45,863,565,0,0
0,1,0,0,30,3773,75,1,0
0,0,0,0,38,8,17,0,0
2,0,0,0,55,625,48,0,0
6,0,1,0,53,1378,91,0,0
3,1,1,1,30,161,298,0,0
0,0,0,0,48,4852,41,0,0
3,0,1,0,58,266,319,0,0
5,0,1,0,38,0,187,2,0
5,0,1,0,39,1408,306,0,0
0,1,0,0,25,2399,193,0,0
6,1,0,0,27,1501,187,0,0
6,1,1,0,36,-330,256,0,0
8,0,1,0,52,105,96,0,0
5,0,1,0,40,3126,110,2,0
3,0,2,0,56,151,128,0,0
5,1,1,0,46,272,149,0,0
10,0,1,0,32,0,558,0,0
0,0,0,0,51,0,302,0,0
4,0,1,0,59,17769,322,0,0
9,1,2,0,33,39,332,0,0
0,0,0,0,38,630,362,3,0
1,0,1,0,52,221,178,3,0
1,0,1,1,45,-847,312,0,0
0,0,0,0,38,358,151,0,0
1,0,2,0,28,-58,74,0,0
1,0,1,0,37,-3,122,0,1
5,0,1,0,37,-325,179,0,0
1,2,1,0,48,177,471,0,0
0,2,1,0,34,124,56,4,0
6,0,-1,0,35,618,951,0,0
6,0,2,1,23,523,249,0,0
7,0,2,0,35,2086,254,0,0
3,0,1,0,45,603,204,0,0
5,2,1,1,51,520,157,0,0
1,1,1,0,50,-463,269,0,0
0,1,0,0,29,559,86,0,0
10,1,0,0,27,37,125,1,0
3,0,2,1,34,100,74,0,0
6,1,0,0,34,239,699,0,0
6,0,1,1,54,-626,294,0,0
5,0,1,0,41,125,244,0,0
0,0,0,0,38,484,173,0,0
6,0,1,1,35,629,518,0,0
0,0,0,0,50,1396,731,0,0
3,0,2,0,27,0,45,0,0
0,0,0,0,40,11,65,0,0
1,0,1,0,39,1965,65,0,0
2,0,2,0,34,7279,882,0,0
3,0,1,0,32,435,456,1,0
3,0,1,1,56,-256,92,2,0
1,1,1,0,30,426,127,6,0
2,0,1,0,32,1328,80,0,0
3,0,1,0,34,1298,120,0,0
1,0,1,1,46,349,127,0,0
7,0,0,1,36,16,95,0,0
8,2,1,0,59,2921,251,0,0
8,2,0,0,47,780,447,0,0
10,1,1,0,25,715,217,0,0
0,0,1,0,45,237,526,0,1
6,0,1,0,48,127,117,0,0
9,0,2,0,55,4,85,0,0
3,1,1,0,35,0,169,0,0
1,0,1,1,43,-235,260,0,0
0,1,0,0,27,218,876,0,0
2,0,1,0,56,339,251,3,0
3,0,2,0,41,6596,192,1,0
3,0,2,0,47,94,209,0,0
5,0,1,0,41,705,205,0,0
1,0,0,0,38,127,113,2,0
6,1,1,0,33,245,140,0,0
0,0,0,0,29,314,159,0,0
5,2,1,0,37,0,91,0,0
0,0,2,0,50,117,216,0,0
6,2,1,0,28,9,306,0,0
6,2,1,1,40,5766,68,1,0
5,0,1,1,47,3386,360,0,0
0,1,0,0,45,483,95,11,0
3,0,1,0,25,97,709,0,0
7,0,2,0,37,90,39,2,0
6,1,1,0,48,561,214,2,0
3,0,2,0,45,345,289,0,0
0,0,1,0,52,478,110,0,0
3,0,2,0,31,2929,237,3,0
3,1,2,0,42,1401,69,0,0
3,0,2,0,28,254,149,0,0
4,0,2,0,75,2970,641,0,0
6,0,1,0,32,413,67,1,0
0,0,2,0,36,1506,326,0,0
1,2,1,0,54,2868,42,0,0
3,0,-1,0,36,1033,238,0,0
5,2,0,1,53,0,171,6,0
1,1,-1,0,31,460,189,0,0
6,1,1,1,30,245,187,0,0
3,0,2,1,46,4,166,0,0
8,0,1,0,40,3924,648,0,0
0,0,0,0,48,2,79,0,0
1,1,1,0,33,440,250,0,0
3,1,1,0,30,239,412,0,1
6,0,1,0,31,-331,203,0,0
0,1,0,0,31,1073,82,0,0
1,1,1,1,30,316,130,2,0
0,1,0,1,31,165,523,0,0
1,1,1,0,31,4105,264,0,0
0,0,1,0,42,406,194,2,0
3,0,2,0,35,1116,124,0,0
0,1,0,0,39,2454,716,2,0
0,0,0,0,42,1272,117,1,0
7,0,1,0,47,0,90,0,0
3,2,2,0,47,556,227,0,0
6,1,2,0,38,556,113,0,0
-1,0,-1,0,40,35,40,0,0
1,0,0,0,40,483,168,0,0
6,0,1,0,40,278,9,0,0
2,0,0,1,44,3463,210,0,0
0,1,1,0,30,8101,49,0,0
9,0,2,0,45,1100,331,0,0
0,0,0,0,56,73,122,2,0
1,0,1,0,60,0,280,0,0
1,1,1,1,28,417,188,2,0
0,0,0,0,58,2764,235,0,0
5,2,1,0,36,1224,482,1,0
0,0,0,0,44,430,97,2,0
2,0,0,0,49,313,42,2,0
6,0,1,1,34,586,224,0,0
2,0,1,0,42,0,73,0,0
2,0,-1,1,45,3133,804,0,0
8,1,1,0,28,23,154,0,0
8,1,0,0,33,1974,498,1,0
9,0,0,1,49,50,149,0,0
0,0,0,0,41,3872,231,0,0
10,1,0,0,36,129,149,0,0
0,0,0,1,56,2366,538,4,0
3,0,1,0,36,7265,243,0,0
3,0,1,0,36,218,619,0,0
3,0,2,0,38,2366,97,0,0
5,0,-1,0,55,2038,394,0,0
4,0,2,0,57,13,164,2,0
0,0,0,0,56,2925,133,0,0
4,0,-1,0,68,3701,149,0,0
3,0,1,0,30,23,129,4,0
5,1,0,1,36,364,185,1,0
6,0,1,0,38,133,267,0,0
3,0,1,1,54,5210,123,0,0
5,0,1,0,57,1504,52,2,0
0,0,0,1,29,0,218,0,0
0,0,0,1,54,3795,381,0,0
0,0,1,0,50,42,85,4,0
3,0,2,0,48,649,136,0,0
5,1,1,0,34,528,165,1,0
6,2,1,0,51,234,281,0,0
1,0,1,0,47,335,226,0,0
4,0,1,0,60,597,981,0,0
7,0,1,0,54,2191,96,0,0
0,1,0,0,34,416,1217,0,0
6,0,1,0,32,1076,906,3,0
6,0,2,0,47,1496,211,0,0
3,0,2,0,48,-460,135,0,0
5,0,1,1,51,3,259,0,0
6,0,1,0,36,0,215,3,0
0,0,0,0,31,3154,326,0,0
9,0,2,0,48,0,20,0,0
10,1,0,0,26,0,41,0,0
3,0,1,0,48,1230,169,2,0
1,0,1,0,37,807,807,4,0
7,0,0,0,38,526,86,0,0
6,0,1,0,60,594,35,5,0
1,0,1,0,26,47,282,0,0
1,0,0,0,29,-14,203,0,0
0,2,0,0,53,26306,67,0,0
3,0,2,0,52,1884,68,0,0
0,2,0,0,52,3,28,0,0
4,0,2,0,66,747,203,1,0
4,0,0,0,75,2991,240,0,0
5,1,1,0,28,154,536,1,0
0,0,1,0,66,587,457,2,0
1,0,1,0,34,883,163,0,0
0,0,0,0,30,101,348,1,0
5,0,1,0,27,249,307,0,0
5,0,1,0,28,5,121,0,0
0,0,0,0,46,22452,284,0,0
1,1,0,0,36,251,91,0,0
7,0,-1,0,51,2094,458,0,0
3,0,1,0,35,860,884,0,0
3,0,2,0,38,1428,33,0,0
0,0,0,0,38,0,214,0,0
3,0,2,0,46,1941,90,0,0
0,1,0,0,28,1584,222,0,0
5,1,0,0,31,4041,1034,0,0
1,0,1,0,23,4,698,0,0
1,0,1,1,34,114,153,3,0
1,0,1,0,29,0,377,0,0
7,0,1,0,31,581,845,6,0
5,1,1,0,32,-45,68,2,0
3,1,1,0,25,764,455,0,0
0,0,0,0,41,4,63,0,0
3,0,1,0,39,2457,284,0,0
8,1,0,0,33,4874,363,0,0
1,1,1,1,40,45,261,23,1
3,0,1,0,43,14646,210,0,0
3,0,2,0,47,469,208,0,0
8,0,1,0,37,4969,169,0,0
3,0,2,0,32,1903,297,0,0
3,0,2,0,49,391,245,0,0
0,0,0,0,56,4889,705,0,0
6,0,1,1,32,1398,233,0,0
6,0,0,0,30,1380,294,0,0
3,0,1,0,49,1264,140,0,0
0,0,1,0,47,651,143,0,0
3,0,2,0,47,570,864,0,0
8,0,2,0,51,0,23,0,0
3,0,2,0,43,1288,136,1,0
8,0,2,0,39,408,53,0,0
0,0,0,0,39,2877,278,0,0
3,0,2,1,26,-683,446,0,1
0,1,0,0,34,-292,111,0,0
1,0,1,0,26,351,758,0,0
3,0,1,0,33,-211,96,0,0
3,0,-1,0,36,0,120,0,0
0,2,0,0,41,1576,232,0,0
0,1,0,0,39,202,59,1,0
0,1,0,0,37,2875,110,0,0
1,2,1,0,50,8016,903,0,0
6,0,1,0,43,0,235,0,0
3,1,1,0,30,144,202,0,0
1,0,0,0,40,2627,240,0,0
0,1,0,0,42,0,129,0,0
1,1,1,0,30,853,343,0,0
1,0,1,0,39,447,968,0,0
1,0,1,0,36,3579,308,0,0
1,0,1,0,55,3207,85,0,0
0,1,0,0,30,3773,99,0,0
1,0,1,0,50,20,95,0,0
10,1,1,0,26,782,297,0,0
3,0,1,0,28,-717,148,0,0
0,0,2,0,43,62,96,0,0
6,0,1,0,57,197,116,0,0
0,1,0,0,38,21963,70,0,0
6,0,2,0,46,116,267,3,0
1,0,0,0,53,0,53,0,0
6,2,2,0,26,633,326,0,0
0,0,0,1,50,3463,96,0,0
1,1,1,0,27,2430,297,0,0
1,0,-1,0,52,562,187,0,0
1,0,1,0,36,0,193,0,0
3,0,2,0,51,5131,348,2,0
0,1,0,0,29,224,65,3,0
6,1,1,0,32,0,96,0,0
5,0,1,1,40,523,598,0,0
8,0,0,0,31,7744,377,0,0
6,0,1,0,41,6687,91,0,0
3,1,1,0,31,770,178,0,0
0,0,1,0,59,1321,3881,0,0
6,0,2,0,37,0,631,1,0
0,0,0,0,46,1103,209,0,0
0,0,1,0,46,3570,69,0,0
4,0,1,0,60,0,316,0,1
2,0,1,1,59,1085,101,0,0
6,1,1,0,40,224,875,0,0
0,0,2,0,59,8334,141,2,0
1,0,1,0,29,1599,200,3,0
3,2,2,0,42,28,213,0,0
2,0,1,0,33,1847,129,0,0
3,0,2,1,53,38,321,0,0
5,1,1,0,24,3505,317,1,0
1,0,1,0,36,0,583,2,0
3,1,1,0,33,56,112,0,0
3,1,1,0,32,1402,343,5,0
0,2,0,0,58,347,525,0,0
1,2,1,0,41,258,104,0,0
3,1,1,0,31,75,346,0,0
1,1,1,1,34,161,61,0,0
1,1,0,0,31,454,266,0,0
3,0,1,0,59,202,173,0,0
0,2,1,0,51,10834,86,0,0
5,0,1,0,39,1985,155,0,0
7,0,0,0,51,146,150,3,0
3,0,1,1,47,538,131,0,0
0,2,0,0,48,0,186,0,0
6,0,2,0,41,299,72,0,0
0,0,0,0,36,753,76,0,0
0,0,0,0,61,6016,670,0,0
3,0,2,0,37,5052,37,0,0
0,0,0,0,35,775,9,0,0
0,2,0,0,39,6,139,0,0
6,0,2,0,29,321,196,0,0
2,0,-1,0,47,209,135,0,0
6,0,1,0,42,0,118,0,0
2,2,1,0,49,32,128,0,0
6,0,1,0,32,162,297,0,0
5,0,2,0,45,895,480,0,0
0,1,0,0,37,2576,417,0,0
1,1,0,0,30,987,98,0,0
3,0,1,1,46,6085,311,0,0
3,0,2,0,41,168,187,0,0
3,1,1,0,33,-147,652,0,0
3,2,1,1,30,251,120,0,0
7,0,1,0,40,2,197,0,0
4,1,2,0,58,999,188,0,0
0,0,0,0,55,496,85,0,0
6,0,1,0,54,214,458,0,0
1,2,0,0,42,7190,375,0,0
6,0,1,1,30,-298,174,0,0
6,0,1,0,27,0,334,0,0
3,0,1,0,35,293,1017,1,0
1,0,1,0,49,808,1232,0,0
3,0,1,1,39,284,1426,6,0
7,0,1,0,45,2278,1735,0,0
3,0,1,0,47,243,220,4,0
1,0,1,0,30,-280,246,0,0
5,1,0,1,31,383,305,0,0
1,2,1,0,42,112,69,0,0
6,0,1,0,44,179,75,0,0
3,1,2,0,26,17,86,2,0
3,2,1,0,37,614,185,0,0
5,0,1,0,32,1031,84,0,0
7,2,0,0,37,601,422,0,0
4,0,0,0,60,100,528,0,0
3,0,1,0,39,1382,357,2,0
3,0,2,1,51,1203,25,7,0
0,0,0,0,40,254,194,0,0
0,2,0,0,44,2422,141,0,0
3,0,2,0,60,5,533,1,0
3,0,1,0,32,564,660,0,0
1,0,1,0,48,-938,134,2,0
5,2,2,0,46,429,465,2,0
5,0,1,0,46,1804,80,0,0
9,0,1,1,54,209,97,0,0
0,0,2,0,60,4895,313,0,0
5,1,1,0,29,460,191,6,0
0,0,0,0,46,0,70,0,0
3,0,1,0,42,597,124,0,0
8,1,0,0,32,586,12,0,0
1,0,0,0,49,1071,225,1,0
1,1,1,0,28,289,83,0,0
1,1,1,1,22,333,129,0,0
3,0,2,0,38,-854,194,0,0
0,0,2,0,60,8334,143,7,0
7,0,2,0,53,6,233,0,0
0,1,0,0,31,816,339,0,0
2,2,0,0,41,-413,170,0,0
2,0,1,1,49,167,198,0,0
6,0,1,0,36,488,220,0,0
6,1,1,0,37,1169,311,0,0
3,0,1,1,37,387,413,0,0
3,2,1,1,33,86,183,1,0
3,0,1,0,51,1840,312,0,0
6,0,1,0,46,236,320,0,0
1,0,1,0,50,73,93,0,0
0,0,0,0,46,182,317,0,0
1,0,1,1,36,594,230,0,0
3,0,1,0,33,5441,312,0,0
4,2,1,0,56,-663,243,0,0
5,2,1,0,34,25,666,0,0
0,0,1,0,31,89,167,0,0
3,1,1,0,25,15,44,0,1
4,0,2,0,40,630,177,0,0
5,0,1,0,49,1323,84,0,0
1,0,0,0,38,45,125,0,0
3,0,2,0,43,-192,1120,0,0
0,0,1,1,50,633,302,6,0
5,0,1,0,39,70,13,0,0
3,0,1,0,31,1078,248,3,0
3,0,1,0,45,3169,39,0,0
6,0,-1,0,53,442,166,2,0
3,0,1,0,39,11,199,0,0
3,0,1,0,34,1207,905,0,0
8,0,1,0,40,219,357,0,0
7,0,0,1,32,266,228,0,0
0,0,0,0,54,8295,207,0,0
6,0,1,0,41,6618,104,0,0
0,0,0,0,44,5581,202,0,0
6,0,1,1,48,651,228,2,0
3,0,1,1,32,113,235,0,0
0,1,0,0,40,406,130,1,0
-1,0,2,0,54,981,651,0,0
3,1,2,0,36,90,50,1,0
10,1,1,0,22,489,223,0,0
3,2,2,0,56,-216,336,0,0
2,1,0,0,34,-185,114,0,0
0,0,0,1,36,4,261,0,0
2,1,1,0,34,318,88,3,0
0,1,0,0,23,1807,606,0,0
1,0,1,0,43,4056,154,0,0
1,0,1,0,48,7373,126,0,0
1,0,1,0,40,657,159,0,0
1,0,1,0,35,13,94,0,0
5,0,1,1,40,2100,164,0,0
4,2,1,1,56,-166,370,0,0
2,0,2,0,42,558,186,0,0
5,1,1,0,32,725,303,0,0
3,1,1,0,31,26,103,0,0
0,0,0,0,39,45,148,0,0
3,0,1,0,35,1949,200,0,0
5,0,1,0,45,180,218,0,0
0,1,0,0,29,5980,317,0,0
5,1,1,0,36,449,136,0,0
5,0,1,0,48,3064,159,0,0
8,1,2,0,40,5613,152,0,0
4,0,0,0,69,473,112,1,0
0,0,0,0,55,7803,441,0,0
1,2,1,0,47,129,110,2,0
6,1,1,0,25,54,318,0,0
0,1,0,1,50,486,28,0,0
6,1,2,0,30,411,457,1,0
1,0,0,0,49,279,168,0,0
0,0,0,0,47,288,101,0,0
3,1,1,0,26,311,798,0,0
5,0,1,0,40,341,1142,0,0
3,1,1,0,39,29,214,0,0
1,0,0,0,36,71,587,0,0
5,0,1,0,41,1672,148,0,0
1,1,1,0,37,267,121,0,0
7,2,1,0,37,1082,127,5,0
3,0,2,0,35,793,106,0,0
1,1,1,0,43,0,37,0,0
6,1,1,0,28,221,256,0,0
3,0,1,0,39,860,312,0,0
7,1,0,0,42,1225,104,0,0
0,0,0,0,46,1217,83,2,0
1,1,0,0,32,548,377,0,0
0,1,0,0,30,3473,1209,0,0
1,0,1,0,37,703,92,0,0
0,2,0,0,40,1038,162,0,0
3,0,1,0,40,5880,125,0,0
5,0,1,0,31,468,159,0,0
1,0,1,0,32,0,176,0,0
1,0,1,0,42,5,98,0,0
5,1,1,1,34,-32,246,0,0
1,1,0,0,34,301,205,0,0
3,0,2,0,54,316,240,0,0
1,1,0,0,32,948,223,0,0
3,0,2,0,55,2490,106,0,0
3,0,1,0,57,258,480,0,0
6,1,1,0,28,1820,134,1,0
3,0,2,0,45,714,108,0,0
1,2,1,0,45,159,66,0,0
0,2,1,0,42,640,545,0,0
-1,2,0,0,53,2272,243,0,0
3,0,2,0,43,250,144,16,0
3,0,2,0,40,1411,224,2,0
3,0,1,0,46,1733,546,0,0
6,0,1,1,41,241,144,0,0
3,0,1,0,47,1021,399,0,0
7,0,0,0,47,1245,17,0,0
3,0,2,1,51,0,299,0,0
0,1,0,0,34,280,119,0,0
8,0,2,0,41,183,271,0,0
4,0,2,0,81,243,340,1,0
3,0,1,0,56,276,269,0,0
3,0,-1,0,56,6710,318,0,0
3,0,-1,1,34,391,34,0,0
3,0,2,1,41,96,165,0,0
3,0,1,0,32,0,269,0,0
6,0,1,0,40,-342,754,0,0
0,0,0,0,37,6014,163,0,0
0,1,0,0,35,643,322,0,0
3,0,1,0,37,563,27,0,0
1,1,1,0,34,1227,122,1,0
0,0,2,0,48,312,1186,0,0
6,2,1,1,30,0,174,3,0
0,0,1,0,52,596,113,1,0
1,0,1,0,30,574,394,0,0
5,1,1,0,32,562,116,0,0
0,1,0,0,33,336,220,0,0
0,0,2,0,57,595,188,0,0
5,1,1,0,28,596,151,0,0
0,1,0,0,32,1010,924,0,0
0,1,0,0,26,1837,417,0,0
0,1,0,0,32,-252,250,0,0
2,2,0,1,48,275,34,0,0
0,1,-1,0,29,560,459,1,0
1,1,1,0,46,401,69,0,0
3,1,1,0,29,4574,217,0,0
5,1,0,0,33,1371,362,0,0
5,1,0,0,30,305,227,0,0
6,1,1,1,30,862,550,0,0
5,2,1,0,27,112,104,0,0
6,2,1,0,40,1062,389,4,0
3,0,1,0,34,-349,208,1,0
0,2,0,0,33,-336,75,0,0
0,1,0,0,30,2876,103,0,0
5,0,1,0,34,920,526,3,0
0,0,0,0,41,2487,206,1,0
5,2,1,0,60,3020,131,0,0
0,0,0,0,38,413,240,2,0
9,0,2,0,59,100,1134,0,0
0,1,1,1,33,-665,324,1,0
5,0,1,0,29,252,1223,1,0
3,0,2,0,51,0,120,0,0
5,1,1,1,41,-256,35,0,0
1,0,1,0,60,955,37,0,0
1,0,1,0,36,-90,110,0,0
0,0,0,1,51,0,410,0,0
1,0,1,0,45,879,621,0,0
3,2,2,0,32,174,11,0,0
5,2,1,0,44,432,132,0,0
5,0,1,0,60,711,355,0,0
3,1,2,1,30,-10,316,0,0
1,0,0,0,43,743,134,0,0
3,0,1,0,40,598,90,0,0
5,1,1,0,32,131,322,1,0
0,1,0,0,28,78,258,0,0
0,0,0,0,49,10,226,0,1
1,1,1,1,34,194,1015,0,0
5,0,1,0,46,9319,31,0,0
0,2,0,0,42,16,140,0,0
0,0,0,0,46,0,247,0,0
4,0,2,0,53,3,114,0,0
5,0,1,1,28,0,546,0,0
3,0,2,0,29,7,69,0,0
3,0,2,0,49,0,151,0,0
6,1,1,0,37,934,242,0,0
1,2,1,0,57,285,348,0,0
9,1,1,0,29,4537,29,0,0
4,0,1,0,59,11,318,0,0
1,0,1,0,48,0,221,0,0
5,1,1,0,36,5871,321,0,0
3,0,1,0,36,1589,345,6,0
3,0,1,0,28,337,450,0,0
1,0,1,0,30,2326,67,1,0
4,2,0,0,59,1197,329,0,0
7,0,1,0,37,215,61,0,0
7,0,0,0,38,327,69,0,0
0,0,0,1,48,0,1423,0,0
3,0,1,0,47,3696,635,2,0
1,1,1,0,39,287,84,0,0
1,0,1,0,47,232,166,1,0
1,1,1,0,34,19348,316,0,0
3,1,1,0,25,249,149,0,0
3,0,1,0,36,-190,348,0,0
5,1,1,0,32,976,644,0,0
0,1,0,0,32,1410,175,0,0
3,0,2,0,50,226,98,5,0
2,0,0,0,36,9405,297,0,0
2,2,0,0,47,178,291,0,0
4,0,-1,1,55,554,234,0,0
1,1,1,0,29,120,110,0,0
1,0,1,0,46,9299,201,3,0
2,0,0,0,47,0,213,0,0
3,2,1,0,41,47,85,0,0
3,0,2,0,59,2192,365,0,0
1,0,0,0,41,231,428,0,0
8,0,1,0,42,202,257,0,0
1,0,1,0,46,4023,131,0,0
0,1,0,0,49,7443,293,2,0
5,1,1,0,34,852,108,0,0
4,0,1,1,52,5423,102,0,0
0,0,0,0,44,-8,472,2,0
3,2,1,0,33,3546,777,0,0
0,0,0,1,57,9103,1098,0,0
3,0,2,0,44,3433,548,0,0
7,1,1,1,46,69,103,0,0
0,0,0,0,37,620,93,0,0
5,0,2,0,52,448,82,0,0
7,1,0,0,30,253,167,0,0
3,0,1,0,53,21522,83,4,0
3,0,1,0,32,-205,388,0,0
4,0,1,1,57,1794,13,0,0
3,0,2,0,43,1794,35,0,0
5,0,1,0,30,518,127,0,0
0,0,1,0,49,601,278,0,0
1,1,1,0,31,2088,15,0,0
0,0,0,1,60,3876,445,0,0
5,0,1,0,38,-247,265,0,0
0,1,0,0,36,2163,317,0,0
6,1,1,0,30,0,161,0,0
8,2,1,0,48,201,594,1,0
3,0,2,0,37,7,176,0,0
3,0,2,0,34,-367,85,0,0
6,1,1,0,26,335,393,0,0
0,1,0,0,33,321,227,0,0
0,1,0,0,34,178,14,0,0
5,0,1,1,56,2146,594,0,0
0,0,0,0,41,102,244,0,0
10,1,1,0,31,93,584,0,0
6,0,1,0,49,4697,66,0,0
3,0,1,0,48,1791,63,0,0
3,1,-1,0,31,-340,520,0,0
2,0,0,0,33,964,97,3,0
5,0,0,0,29,238,344,1,0
3,0,2,1,55,3957,79,0,0
4,0,0,1,57,34,139,0,0
6,1,1,1,30,148,482,0,0
7,1,0,0,40,2893,76,0,0
5,0,1,0,56,1671,158,0,0
1,0,1,1,51,196,88,0,0
0,2,0,1,36,81,560,0,0
4,0,2,0,61,1720,150,5,0
2,0,1,1,33,2,17,1,0
3,1,2,0,38,1583,386,0,0
3,0,2,0,48,346,188,0,0
7,0,0,0,33,3064,309,0,0
1,0,1,0,35,0,122,0,0
0,0,0,0,48,2266,676,0,0
3,0,2,0,45,0,32,0,0
5,0,-1,1,42,642,509,0,0
4,0,1,0,58,-205,253,0,0
1,1,1,0,26,1873,1013,2,0
0,2,1,0,47,0,75,0,0
0,0,0,0,52,2549,604,0,0
2,0,2,0,42,198,314,0,0
2,0,1,0,40,1349,82,0,0
1,2,0,0,49,1807,225,1,0
3,0,1,0,37,-129,123,1,0
1,0,0,0,41,6961,235,0,0
6,1,1,0,23,342,152,0,0
7,0,1,1,49,2061,137,0,0
0,1,1,0,27,145,121,3,0
8,0,0,0,35,226,322,0,0
6,1,1,0,40,-278,400,0,0
3,0,2,0,62,115,157,3,0
0,0,0,1,48,7867,306,0,0
3,0,2,0,55,0,285,0,0
3,2,1,1,35,-12,714,0,1
3,0,1,0,42,230,175,0,0
1,0,-1,0,52,0,136,0,0
1,0,1,0,47,44,15,0,0
8,0,2,0,57,7880,318,0,0
3,0,2,1,35,-1489,177,0,1
9,0,2,0,60,887,95,0,0
0,0,0,0,39,0,205,0,0
0,1,0,0,35,3137,72,0,0
3,0,-1,0,60,2090,957,0,0
3,0,2,0,49,238,204,0,0
2,0,1,0,42,2869,440,0,0
3,2,1,0,35,164,11,13,0
10,1,0,0,32,1138,214,3,0
6,0,1,0,53,660,210,2,0
1,0,1,0,37,710,378,0,0
4,0,2,0,72,9160,229,0,0
0,0,0,0,48,3842,168,2,0
6,1,1,0,25,-371,147,3,0
6,0,1,0,38,5000,720,5,0
3,0,2,0,38,498,107,0,0
1,1,0,0,36,197,260,0,0
3,0,-1,0,47,61,212,0,0
3,0,1,0,36,-185,167,2,0
4,0,2,0,59,3648,257,3,0
0,0,2,0,41,5310,984,0,0
1,1,1,0,33,-96,213,0,0
3,0,1,1,32,-325,171,0,0
3,0,2,0,39,3419,155,5,0
0,0,0,1,36,789,80,0,0
1,1,0,0,34,2195,490,0,0
8,0,2,0,44,-43,290,0,1
3,1,1,1,32,7712,768,0,0
3,0,2,0,34,197,181,0,0
3,1,1,0,28,0,237,0,1
0,1,0,0,29,2389,277,0,0
0,0,1,1,41,23,59,0,0
3,1,1,1,30,648,287,0,0
3,1,1,0,48,44,153,0,0
6,1,1,0,30,140,760,0,0
6,0,1,0,36,1746,99,0,0
6,1,1,0,27,201,172,0,0
3,2,1,0,36,1237,310,0,0
6,0,2,1,52,14,55,0,0
6,2,2,0,55,2923,94,2,0
6,2,1,1,39,1957,350,1,0
0,2,0,0,38,-980,91,0,0
6,1,1,0,57,0,355,0,0
9,2,1,0,53,292,92,0,0
5,0,1,0,39,217,341,0,0
1,0,1,1,41,3,197,0,0
0,0,0,0,34,1116,53,0,0
6,2,1,0,50,2015,242,0,0
3,0,2,0,39,332,277,0,0
0,0,-1,0,50,3304,1009,0,0
0,2,0,1,55,5399,124,3,0
0,0,0,0,33,3,163,0,0
1,0,1,1,41,457,181,0,0
1,1,1,0,30,359,362,1,0
0,0,0,0,30,882,102,0,0
2,0,0,1,34,412,164,0,0
3,1,0,0,41,6025,559,0,0
3,0,1,0,46,3547,395,0,0
4,2,1,0,60,545,1030,0,0
6,2,1,0,56,1007,88,0,0
1,0,1,0,51,1490,177,2,0
4,0,2,1,57,0,112,0,0
1,1,1,0,43,4990,58,10,0
6,1,1,0,27,6279,257,0,0
6,0,1,0,44,1450,356,2,0
3,1,1,0,29,558,142,0,0
3,0,1,1,44,2092,452,0,0
3,0,1,0,31,5345,260,0,0
3,0,1,0,36,21,89,0,0
0,1,0,0,30,382,200,0,0
0,1,0,0,29,187,154,2,0
1,0,1,0,32,950,82,0,0
1,0,1,0,31,303,196,0,0
6,0,1,0,35,528,274,0,0
3,1,1,1,45,91,55,0,0
1,1,1,0,37,1780,392,0,0
0,0,0,0,46,946,295,0,0
3,2,1,0,31,-209,154,2,0
0,0,0,1,53,34230,279,9,0
0,1,0,1,44,897,358,0,0
8,0,1,0,53,2248,122,0,0
9,0,2,0,41,175,252,0,0
5,1,1,0,23,0,171,0,0
3,0,2,0,48,890,157,0,0
3,2,1,0,44,-184,825,3,0
0,0,0,0,37,0,148,0,0
0,0,0,0,42,36,664,0,0
1,0,1,0,36,947,452,0,1
0,0,0,0,37,2987,216,10,0
6,0,1,0,33,837,301,0,0
5,0,-1,0,55,1848,204,0,0
7,1,0,0,28,805,331,0,0
1,0,1,0,39,10685,1369,0,0
3,0,2,0,46,222,71,0,0
2,0,0,0,49,4976,105,0,0
0,0,0,1,56,-762,19,5,0
3,0,2,1,56,1046,329,0,0
9,1,2,0,37,199,186,0,0
5,1,1,1,34,10,162,3,0
0,0,1,0,54,1987,219,0,0
0,1,0,0,60,560,730,0,0
2,0,2,0,40,4674,160,0,0
1,1,0,0,40,1646,215,2,0
9,0,0,0,47,228,89,0,0
5,0,1,0,31,8295,218,1,0
3,1,1,1,36,219,270,1,0
0,1,0,0,30,222,112,0,0
4,0,0,0,62,2557,404,8,0
3,0,1,0,40,4853,259,2,0
1,0,1,0,31,547,204,0,0
3,0,1,0,39,56,368,0,0
0,0,0,0,31,792,763,0,0
5,2,1,0,42,2133,89,0,0
-1,0,2,0,53,732,759,0,0
5,0,1,0,59,3735,203,2,0
1,0,1,0,49,307,854,0,0
1,0,1,0,55,2313,551,0,0
3,0,1,0,48,1841,216,0,0
6,0,1,0,55,2990,83,0,0
0,1,0,0,30,0,144,0,0
4,0,2,0,58,4158,455,0,0
0,0,0,0,40,640,202,0,0
3,1,1,0,49,143,83,0,0
3,0,2,0,37,704,183,0,0
3,1,1,0,29,0,437,0,0
3,0,2,0,31,68,226,0,0
3,0,1,0,31,33,165,0,0
6,0,1,0,33,-384,125,0,0
6,0,2,0,37,0,581,0,0
4,0,2,0,59,0,45,0,0
2,0,0,0,71,15265,865,2,0
3,0,1,0,39,804,166,0,0
7,0,0,0,36,506,47,1,0
6,0,1,0,34,0,95,0,0
1,0,1,0,53,7984,151,0,0
1,2,1,0,45,49,164,0,0
1,0,1,0,52,150,177,0,0
5,0,1,1,35,76,107,0,1
1,2,1,1,39,1333,585,1,0
0,1,0,0,28,223,303,3,0
6,1,2,0,38,471,180,0,0
6,0,1,0,25,121,477,3,0
0,1,0,0,31,1377,371,0,0
6,0,1,1,43,378,321,0,0
7,0,2,0,39,1551,389,0,0
1,0,0,0,46,31630,448,1,0
9,0,2,0,37,94,114,0,0
9,0,0,0,33,0,466,0,0
3,0,1,0,50,0,240,0,1
3,0,1,0,29,246,194,0,0
6,0,1,0,40,69,143,0,0
1,2,1,0,44,0,56,0,0
1,0,0,0,46,4176,153,0,0
6,0,1,0,46,375,172,0,0
0,0,0,0,41,15,59,0,0
5,2,1,0,56,1693,238,4,0
4,0,-1,0,56,228,296,0,0
0,0,1,0,53,2895,74,0,0
1,1,1,0,30,700,73,0,0
9,0,2,0,47,0,193,0,0
1,1,1,1,29,3527,171,0,0
10,1,0,0,31,25,85,2,0
7,0,2,0,53,4576,82,0,0
0,2,0,1,50,738,68,0,0
3,0,1,0,31,631,248,0,0
0,2,0,0,51,-79,72,0,0
0,1,0,0,33,576,144,0,0
1,2,0,0,55,0,237,0,0
2,0,1,1,44,860,96,5,0
5,1,1,0,43,445,546,0,0
7,0,0,0,58,-81,54,0,0
4,0,2,0,71,0,246,0,0
1,2,1,0,40,93,123,0,0
0,2,0,0,60,-4057,242,0,0
6,0,2,0,38,0,960,0,0
6,0,2,0,33,0,351,0,0
1,1,1,0,31,0,157,0,0
0,0,0,0,43,2886,230,0,0
0,0,0,0,49,4594,157,0,0
8,0,0,0,40,2430,87,0,0
5,0,1,0,29,535,185,0,0
1,0,1,1,34,3000,215,1,0
0,0,0,0,34,333,170,0,0
5,0,1,0,34,34,188,0,0
1,1,1,0,47,58,33,0,0
0,0,0,0,42,831,455,0,0
0,1,1,0,37,792,1187,0,0
3,0,1,1,29,247,199,0,0
1,0,1,0,48,522,71,0,0
0,0,1,1,51,614,91,0,0
0,0,1,0,48,117,635,0,0
1,1,0,0,45,0,139,0,0
10,1,-1,0,19,1169,463,0,0
6,0,1,0,40,1305,255,0,0
1,0,0,0,34,482,56,0,0
6,1,1,0,38,2253,937,0,0
4,0,1,1,60,8121,98,0,0
1,0,1,0,45,-149,287,0,0
0,2,0,0,44,3,248,0,0
0,0,0,0,35,43,917,0,0
4,0,2,0,51,610,86,0,0
0,0,0,1,45,-577,204,0,1
6,0,1,0,52,-298,228,0,0
3,0,2,0,39,20,109,0,0
0,2,0,0,60,2589,134,0,0
0,0,0,0,50,5108,874,3,0
3,0,1,0,34,259,291,0,0
1,1,1,0,30,160,90,0,0
3,0,2,1,33,-191,1290,0,0
5,1,1,1,25,483,68,1,0
3,0,2,0,37,693,327,0,0
5,1,1,0,26,-930,786,0,1
6,0,1,1,32,206,370,0,0
1,0,1,0,34,-172,177,0,1
1,1,1,0,32,109,101,0,0
1,2,1,1,49,-39,147,0,0
5,0,1,0,30,265,342,2,0
3,0,1,0,30,322,190,1,0
1,1,1,0,44,33,195,10,0
4,0,0,0,74,1843,192,2,0
6,0,1,0,34,244,696,0,0
1,0,1,0,44,2626,170,3,0
6,1,1,1,25,79,24,0,0
3,0,2,0,55,135,641,0,0
8,0,1,0,52,1639,93,0,0
3,1,2,1,56,533,166,0,0
4,0,2,1,54,235,28,0,0
6,0,-1,0,51,224,52,0,0
3,0,1,0,25,267,422,0,0
1,0,1,0,55,756,210,0,0
4,0,1,0,70,1310,634,0,0
5,0,1,0,32,506,188,0,0
3,0,1,0,45,521,259,0,0
0,1,0,0,34,2412,154,0,0
3,1,1,1,38,-56,247,0,0
1,0,1,0,32,0,68,0,0
0,0,0,1,36,1988,102,0,0
1,1,0,0,29,2893,250,0,0
0,0,0,1,34,160,130,0,0
4,0,2,0,67,10776,176,17,0
1,0,2,0,57,1276,44,4,0
0,1,0,1,33,0,330,0,0
3,0,1,0,40,-31,117,0,0
0,0,0,0,34,39,160,0,0
0,0,0,0,37,3556,268,0,0
6,0,1,0,44,744,574,0,0
3,1,1,0,26,-29,998,0,0
5,0,1,0,39,-288,151,0,0
3,0,1,0,32,-1500,157,0,0
4,1,1,1,58,1640,72,4,0
7,0,1,0,50,10052,665,0,0
5,0,2,0,37,7208,117,0,0
3,0,1,0,33,25,3,0,0
1,0,0,1,32,1559,144,0,0
0,1,0,0,30,5,476,0,0
1,2,1,0,36,3296,130,0,0
3,1,-1,1,36,43,163,0,0
0,1,0,0,38,0,61,0,0
1,2,1,0,59,0,54,0,0
0,1,0,0,37,6158,14,0,0
1,1,0,0,35,4,155,0,0
3,1,1,0,28,-284,162,0,0
3,0,1,1,49,1111,104,0,0
6,1,2,1,34,25,96,8,0
4,0,2,0,78,301,537,0,0
5,0,1,0,45,205,552,2,0
6,0,1,0,56,705,151,0,0
0,0,0,0,37,412,110,0,0
7,0,1,1,47,4420,454,0,0
3,0,2,0,42,2273,98,0,0
8,2,1,0,36,5,305,0,0
3,0,1,0,29,3,115,0,0
4,0,2,1,59,866,88,1,0
1,0,1,0,39,311,240,0,0
0,0,0,1,29,1474,79,0,0
6,0,1,0,45,1621,122,0,0
1,1,0,0,31,176,241,0,0
5,0,1,0,38,-650,317,0,0
1,0,0,1,34,544,58,0,0
3,0,2,1,47,673,106,0,0
1,0,1,1,35,0,107,0,0
6,2,1,0,37,490,73,0,0
1,0,0,0,34,0,89,1,0
1,1,1,0,27,911,471,0,0
1,0,1,0,52,1064,106,0,0
10,1,-1,0,22,1,263,0,0
10,1,0,0,28,844,551,0,0
6,0,1,0,55,529,137,0,0
6,0,1,1,48,51,90,1,0
5,0,0,0,35,286,949,0,0
0,0,0,0,36,361,200,0,0
1,0,1,1,56,378,12,0,0
5,0,2,0,54,976,137,0,0
3,0,1,0,31,435,204,0,0
3,1,2,0,30,1803,202,0,0
1,1,1,1,29,1714,45,0,0
3,0,-1,0,60,231,57,0,0
4,0,1,1,55,119,521,0,0
3,0,1,1,38,84,328,0,0
3,1,2,0,48,623,1425,0,0
0,2,0,1,49,2370,56,2,0
3,0,2,0,35,441,8,0,0
3,0,2,0,38,0,18,0,0
3,0,1,0,45,392,80,0,0
1,0,1,0,48,7020,80,0,0
5,1,-1,0,44,3,443,0,0
0,0,0,0,50,1562,92,0,0
3,0,1,0,60,576,190,0,0
6,0,1,0,28,222,101,0,0
0,1,0,0,31,30,348,0,0
5,1,1,0,26,483,305,0,0
6,0,1,0,38,1313,33,0,0
5,2,1,0,44,445,142,0,0
6,1,1,0,26,598,401,1,0
6,0,1,0,30,114,185,0,0
0,0,0,0,38,3228,123,0,0
1,2,1,0,42,58,153,0,0
3,0,1,0,31,99,653,0,0
3,0,2,0,43,794,38,0,0
3,0,1,0,51,0,173,0,0
0,0,0,0,55,0,206,0,0
6,0,2,0,32,197,313,0,0
10,1,0,0,32,922,338,0,0
2,2,1,0,44,456,110,0,0
1,1,1,0,31,1626,356,3,0
2,0,0,1,32,0,95,0,0
5,1,1,0,36,8785,425,0,0
5,1,1,0,33,1590,18,1,0
3,0,2,0,30,99,93,0,0
0,1,0,0,35,7918,497,0,0
10,1,2,0,21,423,104,0,0
6,1,1,0,34,719,362,0,0
0,0,0,0,49,3237,232,0,0
0,0,0,0,45,1063,41,0,0
1,0,1,0,33,8,462,0,0
3,0,2,1,49,0,97,0,0
6,1,1,0,22,250,117,0,0
6,0,1,0,37,1399,420,0,0
1,0,1,0,51,12061,150,1,0
3,0,2,0,42,2111,86,0,0
3,0,2,0,50,362,201,0,0
3,1,1,0,25,1857,187,12,0
6,2,1,0,58,183,167,0,0
1,1,0,0,50,339,2,0,0
3,0,2,0,37,8135,358,1,0
3,0,2,0,42,1461,757,3,0
1,0,1,0,48,1637,305,0,0
5,0,1,0,42,3165,298,0,0
1,0,1,1,35,251,128,0,0
3,0,2,0,41,191,67,0,0
3,0,2,1,36,408,1063,0,0
3,2,2,0,41,1887,168,0,0
1,1,1,0,33,4792,131,0,0
5,1,1,0,29,345,60,0,0
1,0,1,0,36,696,590,0,0
0,0,0,0,46,197,118,0,0
1,0,1,0,41,4004,314,0,0
3,1,0,0,28,1984,89,3,0
1,0,1,0,32,485,98,0,0
0,1,0,1,33,541,140,1,0
10,1,1,0,30,336,67,0,0
4,0,0,0,54,1778,319,2,0
3,0,1,0,54,219,341,0,0
8,0,1,0,41,274,207,0,0
10,0,0,0,31,0,247,4,0
0,2,0,1,55,407,65,0,0
0,0,0,0,52,31,135,0,0
3,0,1,1,49,1127,579,0,0
0,0,0,1,49,1093,243,2,0
1,1,1,0,28,922,304,0,0
3,0,1,0,33,0,107,0,0
1,0,1,0,40,694,97,5,0
3,0,2,0,36,23,400,0,0
3,0,1,1,42,2044,155,5,0
0,2,0,1,47,-363,513,0,0
3,0,2,0,58,0,5,0,0
0,0,0,0,35,178,76,0,0
1,1,0,0,34,2481,220,14,0
9,0,1,1,43,743,323,0,0
3,0,2,0,59,914,139,0,0
1,0,1,0,38,1931,167,10,0
0,2,1,0,46,361,86,0,0
3,0,1,0,36,74,168,0,0
3,0,2,1,45,137,187,0,0
3,0,2,0,51,863,169,2,0
3,1,2,0,38,350,35,0,0
3,0,1,0,33,932,226,0,0
6,0,1,0,34,29,387,0,0
4,0,2,0,45,-24,164,0,0
8,1,0,0,40,72,463,0,0
3,0,1,0,48,134,200,0,0
1,2,1,0,53,394,103,0,0
3,0,2,0,55,680,321,0,0
1,2,1,0,57,372,280,0,0
0,0,2,0,47,1797,62,0,0
5,2,1,0,54,7089,40,0,0
9,0,0,0,46,184,167,0,0
5,0,1,0,52,799,128,0,0
0,1,0,0,54,4393,1297,0,0
0,0,0,0,33,621,913,0,0
3,0,2,0,47,209,77,0,0
0,0,0,0,40,158,712,0,0
3,0,2,0,40,2502,205,0,0
5,0,1,0,32,1293,161,0,0
3,0,2,0,54,7073,479,0,0
1,0,1,1,35,128,456,2,0
5,0,1,1,43,2,254,0,0
3,0,2,0,39,976,80,2,0
0,0,0,0,39,399,504,0,0
3,0,2,0,41,6596,88,0,0
0,1,0,0,34,417,155,5,0
0,0,0,0,42,1,253,0,0
1,0,0,1,35,-269,344,0,0
3,1,2,0,33,577,59,0,0
0,0,0,0,35,4943,295,2,0
1,0,0,0,39,-1099,56,0,0
1,0,1,0,55,199,15,0,0
4,0,1,0,62,3,151,0,0
5,1,-1,0,45,13,98,0,0
6,1,1,0,37,594,359,0,0
3,1,0,0,33,457,107,0,0
5,2,1,1,51,3029,118,0,0
4,0,-1,0,60,0,113,0,0
1,0,1,0,47,-9,457,0,0
1,0,0,0,36,-718,11,0,0
0,2,-1,0,57,0,102,0,0
7,0,1,0,30,1772,158,0,0
5,2,1,1,35,0,245,0,0
3,0,1,0,51,528,324,0,0
3,0,1,0,37,32,146,0,0
3,0,1,0,31,932,229,0,0
0,0,0,0,36,753,71,4,0
1,2,1,1,35,473,434,0,0
0,0,0,0,51,-321,470,2,0
7,1,0,0,34,1943,478,0,0
1,1,1,1,28,390,475,0,0
0,0,0,1,40,1598,1074,3,0
1,0,1,0,52,306,265,0,0
1,2,1,1,46,-1361,78,0,1
0,0,0,0,34,0,150,0,0
3,0,-1,0,51,41,16,0,0
1,0,0,0,36,376,173,0,0
0,0,1,0,48,2892,407,1,0
6,0,1,0,32,-790,159,0,1
0,0,0,0,55,4982,51,0,0
5,0,1,1,41,1327,425,2,0
5,1,1,1,27,3529,162,2,0
5,0,1,0,29,-211,58,0,0
0,0,0,0,35,3889,265,0,0
5,0,1,0,30,2678,23,0,0
5,1,1,0,50,1651,41,0,0
1,1,1,1,30,768,749,0,0
3,1,1,0,34,1923,159,0,0
4,0,0,0,61,32685,1447,0,0
0,1,0,0,36,2646,169,10,0
0,1,0,0,30,409,120,0,0
9,1,2,0,47,46,371,0,0
1,1,0,0,32,1710,439,3,0
9,0,1,0,37,187,165,0,0
3,0,2,0,38,3289,340,2,0
5,1,0,0,28,1540,442,0,0
1,0,0,0,45,377,835,0,0
3,0,2,0,33,3512,251,2,0
8,0,1,1,41,0,89,0,0
1,0,1,0,35,2789,256,1,0
3,1,2,0,29,231,122,0,0
10,0,0,0,33,476,113,0,0
5,0,0,0,42,1536,132,3,0
1,0,1,0,32,484,83,3,0
1,1,1,0,42,146,229,0,0
6,0,1,0,53,341,90,2,0
0,1,0,0,34,1891,162,0,0
1,0,1,0,48,566,51,0,0
6,0,1,0,35,-50,71,0,0
0,1,0,0,39,968,59,6,0
1,2,0,0,38,82,38,0,0
3,0,2,0,40,3090,664,0,0
6,1,1,1,26,-481,595,0,0
4,0,1,0,56,2330,209,0,0
5,0,1,1,50,0,626,0,0
0,1,0,0,34,220,63,0,0
4,0,2,0,73,508,176,0,0
0,0,0,0,53,349,146,0,0
3,0,1,0,49,3677,276,0,0
6,0,1,1,27,379,269,0,0
0,1,-1,0,28,101,224,0,1
5,0,1,1,31,3584,467,0,0
3,0,2,0,42,7735,166,2,0
0,1,0,0,32,752,256,0,0
2,0,0,0,38,0,185,0,0
7,1,1,0,43,798,217,0,0
3,0,1,1,39,1309,37,0,0
6,0,1,0,48,665,271,3,0
1,1,1,0,35,4645,502,40,0
0,0,1,0,55,2693,182,7,0
1,0,1,0,49,0,178,0,0
6,2,2,0,41,308,73,0,0
0,2,0,0,30,317,72,0,0
0,2,0,0,54,1692,299,0,0
5,0,1,1,54,-1089,105,0,1
3,0,1,0,50,825,18,1,0
6,1,1,0,45,303,110,0,0
1,2,1,0,38,276,92,0,0
0,1,0,0,36,7252,153,0,0
3,1,1,0,25,389,837,0,0
4,0,1,1,60,2516,279,1,0
1,0,0,0,31,4315,359,0,0
0,2,0,0,56,975,130,0,0
5,1,1,0,27,450,107,0,0
5,0,1,0,51,-287,814,0,0
3,1,1,0,53,1442,137,2,0
3,2,2,0,53,2477,175,0,0
9,0,2,0,35,8127,315,0,0
5,2,1,0,39,-607,374,0,0
6,0,1,0,34,1414,192,0,0
0,1,0,0,38,16957,208,2,0
3,0,1,0,45,1583,84,0,0
6,0,1,1,48,975,521,0,0
9,2,2,0,55,77,463,0,0
5,1,1,1,41,0,305,0,1
1,0,1,0,52,598,266,0,0
6,0,1,0,37,2915,314,0,0
3,0,1,0,36,142,251,0,0
3,1,1,0,26,100,24,0,0
10,1,1,0,23,794,607,3,0
5,0,1,0,51,949,1092,0,0
1,1,1,0,30,115,152,1,0
1,0,1,1,33,362,160,0,0
1,1,1,1,27,471,136,0,0
7,0,1,0,47,318,83,0,0
0,0,0,0,37,1066,181,0,0
7,0,1,0,38,215,115,2,0
1,1,0,0,39,54,204,12,0
0,0,1,1,45,0,625,0,0
-1,1,1,0,58,311,248,0,0
3,0,1,0,51,187,277,0,0
0,0,0,1,51,176,8,2,0
8,0,1,0,45,383,293,0,0
3,0,2,0,40,1397,58,1,0
7,1,0,1,37,2441,248,0,0
3,0,1,0,48,7985,232,1,0
9,2,2,1,54,215,117,0,0
4,1,0,0,60,7440,92,0,0
6,1,1,0,28,126,321,0,0
1,0,1,0,28,58,136,0,0
3,0,1,0,31,3176,220,0,0
1,0,0,0,29,197,103,0,0
0,1,0,0,28,1825,236,0,0
5,1,1,0,34,1880,297,0,0
9,2,1,0,48,57,134,0,0
3,0,1,0,37,0,54,1,0
5,0,1,0,50,858,41,0,0
5,2,1,0,35,627,298,2,0
3,0,2,0,40,1136,86,0,0
7,0,1,0,35,2762,682,1,0
4,0,2,0,60,458,103,0,0
6,0,1,0,38,8876,280,1,0
1,0,1,1,49,1684,412,0,0
1,1,0,1,29,41,151,0,0
5,1,2,0,35,2355,101,0,0
0,1,0,0,25,490,246,0,0
0,0,0,0,49,85,590,1,0
0,1,0,0,31,23,98,0,0
5,1,1,1,36,886,362,0,0
1,0,1,0,31,0,249,0,0
3,2,2,0,59,4399,69,0,0
3,0,1,0,37,1590,305,0,0
0,0,1,0,58,835,164,0,0
0,0,0,0,31,81,164,0,0
3,1,1,0,52,-477,37,0,0
1,0,1,0,40,4441,153,2,0
5,0,1,0,54,0,161,2,0
3,0,1,0,57,1686,219,2,0
0,0,0,0,49,1468,88,0,0
7,1,0,0,26,82,200,0,0
3,0,1,0,36,1828,24,0,0
4,0,1,0,64,4787,392,1,0
4,0,1,0,58,987,555,0,0
6,0,1,0,35,630,134,2,0
1,1,0,0,39,1531,543,0,0
5,1,0,0,36,980,156,4,0
3,1,1,0,34,1156,234,0,0
5,1,1,0,32,1649,204,0,0
9,0,2,0,53,5098,155,0,0
1,1,0,0,35,275,63,0,0
0,0,0,0,33,0,624,0,0
7,2,1,0,45,1966,76,3,0
0,0,0,1,49,12482,46,0,0
5,0,1,0,35,2137,124,0,0
0,0,0,0,52,0,166,0,0
1,0,1,0,56,76,93,0,0
1,2,1,0,56,689,110,4,0
0,0,1,0,34,42,82,0,0
0,1,0,0,35,870,188,0,0
0,2,-1,0,57,854,700,1,0
1,0,1,0,45,1477,355,0,0
0,2,0,0,47,697,139,0,0
0,0,-1,0,46,2296,67,0,0
3,1,1,0,25,0,163,0,0
0,1,0,0,49,53,133,0,0
5,2,1,0,36,307,121,0,0
3,0,2,0,50,0,199,0,0
5,0,1,1,41,920,239,0,0
5,1,1,0,48,1544,263,2,0
3,0,2,1,37,-325,112,0,0
0,0,0,1,29,0,574,0,0
0,1,0,0,30,635,29,0,0
5,2,0,0,47,846,85,2,0
0,1,0,0,31,319,565,0,0
9,0,0,0,34,0,141,1,0
3,2,-1,0,58,55,119,0,0
6,0,1,0,49,-301,187,0,0
1,1,1,0,36,300,358,0,0
6,0,0,0,30,523,253,0,0
5,0,1,0,38,47,120,5,0
2,1,1,0,37,20453,115,0,0
3,0,1,0,33,-112,132,0,0
7,0,0,1,32,428,142,0,0
0,0,1,0,39,215,1141,0,0
4,1,-1,1,57,411,45,0,0
0,0,0,0,46,37378,146,1,0
5,0,1,0,65,952,310,0,0
6,1,0,1,30,719,38,0,0
8,0,1,0,54,23,27,0,0
1,1,1,0,29,594,128,0,0
1,0,0,0,70,6797,298,0,0
3,1,1,0,55,197,95,0,0
0,0,0,0,43,1,239,0,0
0,0,-1,0,45,2466,124,0,0
6,1,1,1,26,37,219,0,0
5,0,1,0,44,2687,131,0,0
1,0,0,0,38,4383,1381,0,0
3,0,-1,0,31,-120,100,2,0
2,1,0,0,38,-281,85,0,0
8,2,2,0,36,510,258,0,0
1,2,1,0,44,268,108,0,0
0,1,-1,0,29,560,212,2,0
3,0,-1,0,57,97,260,0,0
0,0,0,0,59,2260,303,0,0
5,1,1,0,46,1693,137,1,0
3,0,1,0,35,-518,46,0,0
6,0,1,1,34,-196,16,0,0
3,0,1,0,41,338,87,0,0
3,0,2,0,52,142,924,0,0
10,0,1,0,33,1536,262,2,0
3,0,1,0,44,794,342,1,0
0,0,0,0,44,673,105,0,0
6,0,1,0,48,622,95,0,0
5,2,-1,0,50,4204,335,0,0
0,0,1,0,31,0,720,0,0
8,1,0,0,26,3511,439,0,0
0,1,0,0,30,1637,163,0,0
3,0,1,0,37,16727,152,0,0
3,0,2,0,35,147,358,3,0
6,2,1,0,52,238,101,5,0
3,0,1,0,49,3779,178,0,0
8,0,2,0,31,-63,657,0,0
10,1,1,0,23,405,134,0,0
1,1,0,0,36,705,111,0,0
0,0,0,0,37,0,242,7,0
1,0,-1,1,50,1268,145,0,0
9,2,1,0,47,1453,303,0,0
0,2,1,1,52,944,119,0,0
3,0,2,0,48,5154,70,0,0
5,1,1,0,30,312,188,0,0
1,0,1,0,50,1717,416,0,0
2,0,1,0,32,1996,271,0,0
3,0,-1,0,36,714,277,0,0
0,2,0,0,43,481,187,1,0
3,1,1,0,28,2700,337,0,0
0,2,0,1,37,-1,101,1,1
0,2,0,0,38,539,161,0,0
1,0,1,0,58,4717,135,0,0
1,0,1,0,46,792,170,0,0
0,1,0,0,33,3161,313,0,0
7,0,0,0,30,805,20,2,0
7,1,0,0,32,1249,472,0,0
4,0,2,1,59,1390,148,0,0
6,0,1,0,51,2248,714,0,0
3,1,1,0,32,3662,309,0,0
5,0,1,1,45,72,262,2,0
10,0,1,0,26,289,220,0,0
4,0,1,0,40,102,168,0,0
3,2,-1,0,53,-473,249,0,0
1,1,1,0,39,709,441,0,0
5,0,0,0,51,4655,44,0,0
1,2,1,0,54,21,381,0,0
0,1,0,0,32,354,363,3,0
4,2,1,0,59,514,261,0,0
5,1,1,0,26,802,77,2,0
7,1,0,0,40,41,104,0,0
4,0,1,0,81,93,164,0,0
3,0,1,0,31,3311,719,0,0
6,0,1,0,33,293,834,0,0
3,0,2,0,34,244,15,0,0
5,1,1,0,35,855,241,0,0
1,0,0,0,31,4089,433,0,0
2,0,1,1,45,624,50,0,1
1,1,1,0,25,1199,287,0,0
0,0,0,0,48,2,103,2,0
3,1,2,1,26,36,34,0,0
3,0,2,0,36,733,382,0,0
1,0,-1,0,25,776,290,0,0
0,1,0,0,32,26,55,0,0
0,0,0,0,33,78,856,0,0
8,2,0,0,37,1592,60,0,0
3,0,2,1,31,-423,135,0,0
5,2,1,1,57,3100,165,0,0
9,0,-1,0,42,72,22,0,0
0,0,-1,0,31,385,242,4,0
0,1,0,0,33,0,53,0,0
0,1,1,0,23,85,109,0,0
0,2,0,0,48,5041,362,0,0
2,0,0,0,42,1068,444,8,0
0,1,0,0,36,265,140,0,0
0,1,0,0,30,1636,301,0,0
3,2,1,0,56,486,577,0,0
4,1,-1,0,68,518,74,0,0
0,1,0,0,55,4847,18,2,0
5,0,1,0,41,55,1120,0,0
3,0,-1,0,54,-361,227,0,0
7,0,0,0,35,560,58,1,0
1,1,1,0,34,-269,102,0,0
1,0,1,1,48,2688,610,0,0
3,0,2,0,60,5788,203,0,0
6,0,1,0,40,0,139,0,0
9,0,1,0,47,3940,171,5,0
1,0,1,0,39,6,122,4,0
5,0,1,0,32,0,464,0,0
0,1,-1,1,28,81,158,0,0
3,0,2,0,38,6091,189,0,0
3,0,-1,0,51,296,177,0,0
10,1,1,0,22,1522,368,0,0
3,0,2,0,37,1160,255,0,0
0,0,1,1,32,6217,486,0,0
4,0,2,1,59,41,717,0,0
3,1,2,0,35,-230,183,0,0
0,1,0,0,34,84,231,0,0
1,0,1,1,48,295,190,0,1
5,0,1,0,32,269,236,0,0
7,1,2,0,30,163,224,0,0
6,2,2,0,45,523,380,4,0
3,1,2,1,26,619,305,0,0
0,0,0,0,45,3643,162,0,0
0,1,0,0,35,3000,162,0,0
1,0,1,0,31,477,146,0,0
6,0,1,1,39,-762,40,2,0
3,0,1,1,47,-346,137,2,0
6,0,1,0,47,2796,57,0,0
3,0,1,0,55,89,106,0,0
0,0,0,0,49,20,117,0,0
0,0,0,0,32,6138,211,7,0
0,0,0,0,34,934,76,0,0
2,0,1,1,56,938,202,0,0
10,1,-1,0,34,5969,442,10,0
6,0,1,1,38,1005,152,0,0
3,0,1,0,41,-15,169,0,0
0,0,0,1,59,296,805,0,0
7,1,0,0,43,0,147,0,0
0,2,1,0,43,130,63,0,0
7,0,0,0,39,0,904,0,0
6,1,1,0,47,897,48,2,0
2,1,0,0,27,2159,1101,0,0
0,0,-1,0,47,4189,489,0,0
1,0,0,0,30,0,140,0,0
1,2,1,0,46,741,83,1,0
5,1,1,0,37,115,122,5,0
5,0,1,0,54,0,391,0,0
0,1,0,0,29,0,150,0,0
9,0,2,0,52,200,224,0,0
0,0,0,0,51,10995,220,0,0
2,0,1,0,35,4872,34,0,0
3,0,1,0,27,1600,135,0,0
0,0,1,0,39,1007,281,0,0
0,0,0,0,33,377,217,0,0
0,2,0,0,34,5754,32,1,0
3,0,1,0,44,508,158,0,0
1,0,1,0,55,477,138,0,0
3,0,2,0,50,216,137,2,0
2,0,0,0,58,2920,136,0,0
4,2,1,1,59,208,503,0,0
1,0,1,0,43,17,353,0,0
6,0,1,1,37,718,215,0,0
0,0,0,0,48,190,14,0,0
6,2,0,0,53,329,189,0,0
3,0,2,0,28,413,443,0,0
3,1,1,0,31,5547,73,0,0
5,2,1,0,51,2785,23,0,0
8,0,1,1,33,-108,286,0,1
4,2,2,0,60,2516,157,0,0
3,0,2,1,27,-443,93,0,0
4,0,2,0,60,0,130,0,0
3,2,2,0,54,0,219,0,0
0,0,0,0,36,2309,268,0,0
8,2,2,0,45,11,489,0,1
1,1,1,0,32,554,520,0,0
4,1,1,1,59,2303,128,0,0
6,0,1,0,30,253,235,0,0
3,0,2,0,43,188,58,5,0
5,0,1,0,49,1697,236,0,0
5,2,1,0,59,174,204,0,0
2,1,1,1,26,681,137,0,0
1,0,1,0,36,197,589,0,0
0,0,0,0,41,140,65,0,0
1,1,1,0,29,382,64,3,0
1,2,1,1,53,258,48,0,0
5,1,1,0,42,2790,425,1,0
10,1,0,0,32,1138,402,0,0
1,0,1,0,38,9,129,0,1
3,0,2,1,48,14,120,0,0
6,0,1,0,37,1543,298,6,0
5,2,1,0,58,3058,114,1,0
2,0,0,0,36,0,339,0,0
1,0,0,0,36,98,146,0,0
5,2,0,1,39,1087,85,0,0
3,1,1,0,31,1686,85,0,0
3,0,1,0,52,580,965,0,0
0,1,0,0,26,1274,190,1,0
6,2,1,0,36,82,226,0,0
6,1,1,0,26,1347,254,0,0
6,2,-1,0,47,973,489,1,0
7,2,0,0,61,6,210,2,0
4,0,1,0,55,6690,534,0,0
3,0,2,0,48,683,144,12,0
3,0,2,0,37,0,108,2,0
1,1,1,0,35,27,214,1,0
8,0,1,0,36,-35,339,0,0
6,2,1,0,33,327,109,0,0
3,1,1,0,43,318,736,0,0
3,0,2,0,40,481,228,1,0
1,0,1,0,48,178,320,0,0
2,0,1,1,41,0,12,1,0
2,0,0,1,53,1129,241,0,0
5,1,1,0,26,443,84,0,0
3,0,1,0,31,489,204,0,0
3,0,1,0,49,4259,146,7,0
2,0,0,0,42,373,174,3,0
5,1,1,0,36,787,92,0,0
7,1,-1,0,25,1179,43,2,0
6,0,1,1,46,457,74,0,0
3,0,1,0,33,1722,7,0,0
2,0,1,0,34,455,88,0,0
0,1,0,0,26,222,247,2,0
3,0,1,0,53,-214,49,0,0
6,1,1,0,31,365,337,0,0
0,0,0,0,50,2296,121,0,0
8,0,1,0,27,293,70,0,0
6,1,1,0,53,1162,185,1,0
5,0,1,1,45,215,14,0,0
4,0,1,0,59,5678,238,0,0
5,1,0,0,28,1773,275,0,0
1,0,0,0,38,472,178,3,0
5,0,1,0,37,281,279,0,0
6,0,1,0,38,282,360,0,0
5,1,1,0,42,1022,146,0,0
5,0,1,0,57,3944,36,0,0
3,0,2,0,60,1670,115,0,0
3,1,2,0,55,1187,193,0,0
0,1,0,0,36,4788,241,1,0
2,0,2,0,49,-63,416,0,0
5,0,2,0,40,0,77,0,0
9,2,1,0,60,555,261,0,0
8,2,2,0,56,438,139,0,0
1,1,0,0,35,303,713,0,0
1,0,1,0,31,535,81,0,0
5,2,1,0,55,0,76,0,0
3,0,1,1,27,1028,580,1,0
1,1,1,1,25,582,438,0,0
0,0,0,0,61,0,136,0,0
3,0,-1,0,57,1463,163,0,0
10,1,1,0,26,715,31,0,0
5,0,2,1,51,2281,163,0,0
1,2,1,1,29,328,25,0,0
1,0,0,1,41,816,159,0,0
3,0,2,1,46,776,76,0,0
0,2,0,0,44,0,169,0,0
7,1,0,0,32,46,485,0,0
3,0,2,0,38,3419,324,0,0
10,1,0,0,30,7529,175,1,0
0,2,0,0,31,883,168,0,0
3,0,1,1,59,475,290,0,0
0,0,0,0,41,-499,21,0,0
3,0,1,0,33,529,198,0,0
6,1,1,0,25,895,167,0,0
4,0,2,0,83,425,773,2,0
0,0,0,0,36,771,357,0,0
5,0,1,0,45,985,156,1,0
7,0,0,0,36,10,47,0,0
0,0,2,0,47,835,137,0,0
1,1,1,0,26,33,91,0,0
7,2,1,0,58,613,154,0,0
5,0,0,0,34,35,88,0,0
7,1,0,0,40,-94,90,0,0
3,0,2,0,34,-78,198,0,0
3,0,1,0,50,917,58,0,0
0,0,0,0,32,4,195,0,0
1,1,1,0,32,136,144,0,0
2,0,1,0,53,-118,101,0,0
3,0,2,0,44,-93,829,2,0
6,0,2,0,30,21,409,0,0
1,0,1,0,42,758,129,0,0
4,0,0,0,56,89,83,0,0
1,0,0,0,35,4,88,0,0
3,1,2,0,36,4519,117,0,0
0,1,0,0,32,1077,200,4,0
1,0,1,0,36,494,83,0,0
0,0,0,0,34,5195,25,0,0
6,0,-1,0,41,394,52,0,0
1,1,1,0,39,14,72,0,0
3,0,1,0,27,872,1130,0,0
1,1,0,0,35,1529,95,0,0
3,0,2,0,48,363,257,0,0
0,1,0,1,42,759,105,0,0
0,0,0,0,54,11563,143,0,0
0,0,0,0,37,4842,170,0,0
5,1,1,0,49,293,452,0,0
3,0,1,1,37,115,91,0,0
8,0,1,0,53,329,69,0,0
2,2,0,0,44,134,78,0,0
1,1,-1,0,39,45248,1623,0,0
6,2,1,0,33,437,184,0,0
0,2,0,0,51,1988,67,0,0
3,0,2,0,50,3764,108,0,0
5,1,1,0,37,328,79,0,0
0,1,0,0,46,6651,233,0,0
0,1,0,0,30,-672,130,0,0
3,1,1,0,40,322,201,0,0
5,0,-1,0,45,-299,154,1,0
4,2,0,0,64,890,531,0,0
7,0,1,0,50,1138,219,0,0
3,1,1,0,37,6281,242,0,0
6,0,1,0,39,207,78,0,0
0,0,0,0,34,881,112,0,0
0,1,0,0,40,257,147,1,0
3,2,2,1,55,962,88,0,0
4,0,2,0,73,253,345,0,0
0,0,0,0,33,10,72,0,0
4,2,-1,0,86,157,147,0,0
2,0,1,1,49,-178,84,0,1
1,0,0,0,38,1042,419,0,0
3,0,1,0,33,705,112,0,0
5,0,1,0,50,3608,196,4,0
3,1,2,0,39,6,286,0,0
1,0,1,0,33,2147,669,1,0
1,0,1,0,50,684,1834,0,0
7,0,1,1,33,217,132,5,0
0,0,0,0,42,484,144,0,0
7,0,0,0,30,694,185,0,0
3,0,2,0,45,492,141,0,0
0,1,0,0,55,43074,92,0,0
7,0,0,1,42,-1781,197,0,0
0,0,0,0,53,1786,66,0,0
0,0,0,0,37,57,96,1,0
7,0,0,1,53,2627,18,0,0
1,0,1,0,42,3501,23,0,0
0,0,0,0,49,-470,691,0,0
8,1,-1,0,34,517,791,0,0
4,0,2,0,57,0,62,2,0
3,0,2,0,54,1059,73,0,0
3,0,2,0,47,273,91,0,0
3,0,1,0,31,-498,357,0,0
1,2,0,0,42,21,9,0,0
0,2,0,0,59,0,52,0,0
8,0,1,0,48,1811,135,0,0
6,1,1,0,39,-106,60,0,0
0,1,0,0,32,347,213,6,0
3,0,2,0,31,290,148,3,0
3,0,1,0,59,0,368,0,0
1,1,1,0,31,87,259,0,0
7,1,0,1,27,82,387,0,0
1,2,1,0,44,0,264,0,0
0,1,1,0,33,-85,96,0,0
3,1,2,0,38,947,361,0,0
0,2,1,1,57,23,330,0,0
3,0,-1,0,39,621,1333,0,0
1,0,1,0,37,7957,706,2,0
0,0,0,0,43,430,44,0,0
3,1,1,0,30,-390,275,0,0
3,2,2,0,55,215,202,0,0
0,1,0,0,33,0,585,0,0
8,2,0,0,51,5,124,0,0
2,0,2,0,38,-21,50,0,0
9,0,2,0,57,780,94,0,0
3,0,1,0,37,3420,77,2,0
7,0,0,0,52,730,180,0,0
4,0,0,0,77,0,190,0,0
6,0,2,0,42,5879,162,0,0
1,0,1,0,40,0,431,0,0
3,0,1,0,25,77,31,0,0
3,1,1,0,38,5133,87,2,0
10,1,1,0,19,329,169,2,0
1,2,1,1,33,250,277,0,0
5,0,1,1,50,298,174,0,0
3,0,2,0,55,396,74,0,0
0,1,0,0,31,775,99,3,0
1,1,0,0,30,0,69,0,0
1,0,1,0,45,0,99,0,0
9,0,2,0,61,2580,270,7,0
6,2,1,0,47,-288,107,0,0
8,1,1,0,41,75,103,1,0
6,1,-1,0,51,415,210,0,0
5,0,1,0,34,2064,165,0,0
0,0,0,0,30,11,84,0,0
6,0,1,0,37,1543,138,0,0
3,0,1,1,32,1197,241,0,0
4,0,0,0,60,9397,428,0,0
7,0,0,0,47,0,28,0,0
0,2,0,0,43,2251,332,0,0
6,0,1,1,31,-30,804,0,0
0,1,0,0,30,320,140,0,0
0,2,0,1,48,64,263,0,0
2,2,1,1,45,44,250,1,0
6,0,1,0,39,105,137,2,0
2,0,0,0,53,22370,106,0,0
1,1,1,0,31,-466,142,0,0
9,0,-1,0,55,366,365,2,0
6,2,1,0,33,411,216,0,0
0,0,0,0,40,12409,140,2,0
1,2,1,0,35,89,203,0,0
3,1,1,0,31,-571,68,0,0
1,0,1,1,32,12,341,0,0
0,1,0,0,30,55,132,0,0
4,2,2,1,59,830,116,0,0
1,0,1,0,51,113,193,0,0
0,1,0,0,29,722,81,0,0
9,0,0,0,40,0,6,0,0
0,0,0,0,32,169,698,0,0
3,0,1,1,40,750,340,1,0
5,1,1,1,29,5711,899,0,0
0,0,1,0,33,333,80,0,0
8,1,0,0,32,99,49,0,0
3,0,1,0,37,-26,209,0,0
3,2,1,0,49,848,109,0,0
0,1,0,0,30,370,64,0,0
1,1,0,0,34,2733,604,0,0
5,2,1,1,41,6046,185,0,0
1,0,0,0,35,489,592,0,0
1,0,0,0,46,3941,499,0,0
6,0,1,0,43,508,200,1,0
9,0,2,0,46,0,322,0,0
1,1,1,0,44,285,373,0,0
6,1,1,1,30,399,158,0,0
0,0,0,1,29,137,1088,0,0
1,0,0,0,34,932,218,0,0
3,0,2,0,31,651,241,0,0
5,0,1,0,39,-362,145,0,0
3,0,1,0,52,2230,423,0,0
10,1,0,0,28,3054,384,6,0
0,0,0,0,53,1356,371,4,0
3,0,2,0,43,479,293,2,0
0,0,1,0,41,689,596,0,0
1,1,1,0,32,258,114,0,0
0,1,0,0,45,1269,55,0,0
6,0,2,1,41,812,117,0,0
6,0,1,1,22,14,56,0,0
1,1,0,0,32,6284,167,0,0
1,0,1,1,44,-102,65,0,0
1,0,1,0,41,90,171,0,0
10,1,-1,0,29,2929,91,0,0
3,2,2,1,50,-333,208,0,0
5,1,0,0,33,235,525,0,0
3,0,1,0,31,1117,340,0,0
4,0,1,0,65,1624,189,0,0
0,0,0,0,50,396,62,0,0
3,1,1,0,28,97,67,0,0
0,1,0,0,30,1673,200,0,0
6,0,1,1,34,4962,83,0,0
3,1,2,0,49,1040,474,0,0
0,0,1,0,35,533,221,0,0
0,2,0,0,54,5475,321,0,0
1,0,-1,0,38,573,87,0,0
4,2,1,0,55,13,190,2,0
6,2,1,0,31,62,56,3,0
3,0,2,1,33,359,158,0,0
6,0,1,0,41,803,88,0,0
10,1,0,0,25,326,390,0,0
5,0,1,0,48,1403,76,0,0
1,0,1,0,48,568,378,1,0
0,0,0,0,29,1366,90,3,0
1,0,1,0,36,3832,393,0,0
5,0,1,0,39,159,177,0,0
3,0,1,0,35,1287,330,0,0
5,0,1,0,39,2598,123,0,0
8,0,2,0,32,324,577,0,0
1,0,1,0,32,587,203,0,0
1,1,1,0,42,555,449,0,0
10,0,0,0,30,324,585,0,0
3,0,1,0,42,366,150,0,0
1,0,1,1,46,-408,138,1,0
0,0,0,0,34,0,124,0,0
0,1,0,0,31,385,304,0,0
1,0,1,1,50,892,234,0,0
10,1,-1,0,23,854,664,0,0
6,0,1,0,34,-538,682,0,0
0,2,-1,0,40,4095,281,0,0
7,0,1,0,40,0,55,0,0
5,1,1,0,48,1253,245,0,0
0,0,0,0,47,1493,89,0,0
6,0,1,0,42,466,123,0,0
5,1,1,0,32,6981,154,3,0
1,1,0,0,30,1070,446,0,0
6,0,1,0,52,540,154,2,0
3,0,-1,0,42,524,220,0,0
0,1,0,0,55,0,222,3,0
6,0,1,0,39,9374,273,0,0
3,0,2,0,32,1156,185,0,0
0,0,0,0,54,153,99,0,1
3,1,2,0,38,0,775,0,0
4,0,1,0,55,466,287,0,0
7,1,1,0,28,5679,701,0,0
4,0,1,0,51,965,67,0,0
2,0,1,0,28,490,728,3,0
9,0,1,0,42,327,110,0,0
6,0,1,0,52,627,174,0,0
1,1,0,0,42,2625,2516,0,0
0,1,0,0,36,687,43,2,0
8,1,0,0,29,0,102,3,0
6,1,1,0,32,72,88,0,0
1,0,1,0,34,4248,627,0,0
7,1,0,0,25,1294,95,0,0
5,1,1,0,44,1534,166,2,0
1,0,0,0,32,-196,163,0,0
8,0,2,0,52,3175,165,0,0
0,0,0,0,36,327,74,0,0
1,0,1,0,31,-160,126,0,0
3,0,1,0,32,2089,192,1,0
7,0,1,0,38,290,369,0,0
3,0,2,0,42,1752,19,0,0
3,0,2,0,49,762,373,4,0
5,0,1,0,45,925,406,0,0
5,2,1,0,38,478,73,0,0
0,0,0,0,34,1778,329,4,0
2,0,2,1,49,282,99,0,0
3,1,1,1,33,5739,374,0,0
5,1,1,0,30,-36,561,0,0
0,0,0,0,59,2239,431,0,0
0,1,0,1,59,911,172,0,0
0,0,0,0,37,4174,183,0,0
3,0,2,0,37,1021,173,0,0
0,0,0,0,58,1271,146,0,0
0,1,0,0,32,414,21,5,0
1,0,1,0,38,2000,198,0,0
1,1,1,0,39,12,500,2,0
1,0,1,0,32,0,143,0,0
6,1,1,0,22,279,270,0,0
0,2,0,0,44,-90,472,0,0
0,1,0,0,31,999,187,0,0
3,1,1,0,30,49,808,0,0
3,0,2,0,52,1141,22,0,0
4,2,2,1,60,95,244,0,0
8,0,2,0,42,11,111,0,0
8,0,1,1,36,16,89,0,0
3,0,2,0,44,279,85,6,0
5,1,1,0,26,321,242,0,0
1,0,0,0,46,841,158,0,0
1,0,1,0,29,0,33,0,0
9,2,2,0,58,3568,226,0,0
0,0,1,0,37,222,115,0,0
6,1,1,0,24,281,211,3,0
3,0,1,0,49,-42,585,0,0
1,0,2,0,46,-171,135,0,0
5,0,1,0,33,252,270,0,0
0,0,0,0,45,0,179,0,0
0,0,0,1,58,3948,76,0,0
5,0,1,0,36,1314,330,0,0
3,1,1,0,46,76,245,0,0
5,0,1,1,34,75,111,0,0
8,0,0,0,43,0,464,2,0
1,0,1,0,47,826,195,8,0
7,1,1,1,37,349,165,0,0
3,0,2,1,47,236,166,0,0
3,0,1,0,26,242,117,0,0
10,1,-1,0,35,298,611,0,0
3,0,2,0,55,2275,139,0,0
0,0,0,0,37,2672,549,0,0
0,1,0,0,44,1090,178,6,0
3,0,1,0,50,-581,877,5,0
5,1,1,0,25,66,271,0,0
3,0,1,0,51,4695,8,0,0
1,1,0,0,29,1669,196,1,0
7,0,1,0,38,-10,137,0,0
0,0,-1,0,59,3534,216,0,0
10,1,2,0,24,1235,334,6,0
4,0,1,0,55,918,87,1,0
3,0,2,0,54,2110,120,0,0
7,1,0,0,29,1457,89,1,0
1,0,1,0,45,0,113,0,0
3,0,1,0,47,4709,78,0,0
1,0,1,0,44,306,374,0,0
1,1,1,0,39,10236,10,0,0
3,0,1,0,35,1831,96,2,0
0,2,-1,0,57,0,335,0,0
1,1,0,0,27,667,866,0,0
0,2,0,0,42,401,217,0,0
1,1,0,0,34,2658,265,2,0
0,0,0,0,37,1689,645,0,0
3,1,2,0,33,599,29,0,0
3,0,2,0,56,6677,197,0,0
1,1,1,0,34,-476,92,0,0
0,0,0,0,41,651,104,0,0
0,0,0,1,53,3105,84,0,0
0,0,0,1,39,2320,25,0,0
3,0,1,0,50,2419,309,3,0
6,1,1,0,27,1636,282,0,0
0,0,0,1,37,1170,153,0,0
3,0,2,0,40,2171,97,0,0
1,1,1,1,53,-435,131,0,1
5,0,0,0,39,1108,204,0,0
3,0,1,1,31,1766,166,0,0
3,0,2,0,56,827,462,0,0
5,0,1,0,32,2,132,0,0
3,2,1,0,38,593,182,0,0
1,1,1,0,28,3,40,6,0
3,0,2,0,51,581,282,0,0
-1,0,-1,0,47,270,467,0,0
8,1,0,0,22,993,115,1,0
6,0,1,0,49,400,151,0,0
3,0,2,0,40,-66,288,0,0
3,0,1,0,36,420,58,0,0
10,0,1,0,33,1536,359,3,0
3,0,2,0,54,551,431,0,0
5,0,1,0,28,242,47,12,0
0,1,0,0,35,538,410,2,0
2,2,2,0,56,3,111,0,0
3,0,1,0,36,0,113,0,0
6,0,1,0,38,129,205,0,0
0,1,2,0,40,259,70,0,0
5,1,1,0,27,3,346,0,0
0,2,0,0,54,3222,67,0,0
3,0,1,0,51,160,136,1,0
0,0,0,0,55,223,273,0,0
3,0,2,1,54,2440,334,0,0
4,0,-1,0,58,0,273,0,0
8,0,1,0,38,1604,1276,0,0
-1,0,0,0,43,1937,385,0,0
3,0,1,0,43,232,128,7,0
5,2,1,0,42,2397,239,2,0
6,0,1,1,41,714,504,0,0
5,1,0,0,37,0,342,0,0
0,0,0,0,57,1741,449,0,0
0,0,0,0,58,3228,58,0,0
4,0,2,0,63,3738,301,4,0
6,1,1,0,32,473,624,0,0
0,0,0,0,34,13,99,0,0
0,0,0,0,43,370,142,0,0
3,0,2,0,46,530,739,0,0
6,1,1,0,25,199,111,3,0
8,0,1,0,57,2299,39,0,0
6,0,1,0,37,47,554,0,0
0,1,0,0,51,6510,30,0,0
7,1,0,0,36,3560,409,0,0
3,0,2,0,59,8,56,0,0
0,0,1,0,50,0,94,0,0
7,0,1,0,42,357,94,0,0
2,0,0,0,34,0,217,0,0
0,0,1,0,61,1471,632,2,0
6,0,1,0,57,8266,162,0,0
9,0,1,0,29,85,76,0,0
0,0,0,0,52,1227,1123,0,0
5,0,1,0,30,457,384,0,0
0,0,0,0,32,1660,1389,0,0
4,0,2,0,55,3876,54,0,0
3,2,1,0,32,658,173,0,0
0,1,0,0,33,437,199,5,0
9,0,1,0,50,195,168,0,0
1,1,1,1,30,-208,108,0,0
7,0,1,0,41,0,789,0,1
6,1,1,0,36,9713,72,0,0
5,2,1,1,53,28,673,0,0
3,0,2,0,28,674,921,0,0
3,1,2,0,37,12130,429,0,0
3,0,2,0,57,4073,193,0,0
5,0,1,0,33,347,7,13,0
6,0,1,0,34,184,87,0,0
7,0,1,0,44,6553,195,0,0
3,0,1,0,29,-493,536,4,0
6,0,1,0,41,6687,41,3,0
3,1,1,0,27,14,72,0,0
3,0,1,0,36,373,94,0,0
8,0,1,0,52,1416,436,1,0
6,1,1,0,55,1539,65,0,0
6,0,1,0,34,1632,65,0,0
3,0,2,0,28,60,161,1,0
3,0,2,0,29,97,431,0,0
1,1,1,1,34,0,214,0,0
7,0,1,0,31,157,285,0,0
0,0,1,1,29,-559,485,0,0
5,0,1,0,36,96,302,0,0
9,1,1,0,33,96,30,0,0
0,0,1,0,37,3175,168,0,0
1,0,0,0,56,52,191,0,0
3,0,1,0,39,607,99,0,0
7,0,1,0,52,371,50,1,0
6,0,1,0,47,216,104,2,0
0,0,1,0,28,292,507,0,0
3,0,1,0,34,800,144,0,0
-1,0,1,0,54,1241,97,0,0
0,1,0,0,36,5171,174,0,0
6,0,-1,0,49,463,541,0,0
3,1,1,0,46,338,178,0,0
1,1,1,0,35,1693,58,1,0
1,1,1,0,32,-1,37,0,0
1,1,0,1,30,799,91,0,0
0,0,0,0,50,3284,195,3,0
6,1,1,0,39,1336,358,0,0
9,1,2,0,45,959,156,0,0
3,1,2,0,38,0,284,0,0
1,0,1,0,49,905,1543,0,0
7,2,1,1,53,8112,75,1,0
1,1,0,0,31,-162,380,0,0
1,1,1,0,34,232,130,0,0
6,1,1,0,48,-470,410,11,1
0,0,0,0,55,73,142,0,0
1,0,0,0,58,855,263,0,0
3,0,1,1,32,950,219,0,0
1,1,0,0,31,1320,377,0,0
2,0,1,0,39,689,240,0,0
5,0,1,0,31,0,366,0,0
3,0,1,1,39,-131,232,0,0
1,1,0,0,33,0,122,0,0
3,0,1,0,34,496,333,0,0
9,0,2,0,58,0,37,0,0
0,1,0,0,31,288,364,0,0
1,2,0,0,48,-136,7,0,0
5,1,1,0,29,124,94,2,0
0,2,0,1,48,851,937,0,0
3,0,2,0,48,1670,145,0,0
0,2,0,0,54,12018,267,0,0
5,2,1,0,44,66,206,0,0
3,0,2,0,40,238,6,0,0
0,0,0,0,42,372,654,0,0
0,0,0,0,52,583,61,1,0
5,2,1,0,42,154,133,0,0
3,0,1,0,32,523,116,0,0
0,0,0,0,30,367,170,0,0
1,0,1,0,35,0,125,0,0
0,1,0,0,31,9629,180,2,0
6,1,2,0,28,302,248,0,0
5,1,1,0,25,248,121,0,0
8,0,1,0,31,31,211,0,0
6,0,2,0,49,0,445,3,0
6,0,1,1,37,812,184,0,0
1,2,1,0,50,75,101,0,0
5,0,1,1,52,5122,218,0,0
3,0,2,0,44,582,83,0,0
3,1,1,0,33,6285,689,0,0
2,0,1,0,39,680,135,2,0
3,0,1,0,37,3173,179,0,0
5,0,1,0,42,281,118,0,0
10,1,1,0,26,766,125,0,0
10,1,0,0,27,24025,99,0,0
3,1,1,0,25,51,70,4,0
7,0,1,0,47,2830,713,0,0
5,0,1,0,28,629,160,0,0
0,1,1,0,41,1286,661,0,0
2,0,1,0,84,0,992,0,0
7,0,0,0,43,423,3322,0,0
4,0,2,0,56,556,102,0,0
5,0,-1,0,40,3557,332,0,0
1,0,1,0,39,2266,208,0,0
8,1,1,0,36,115,71,0,0
1,1,1,0,30,659,241,0,0
0,0,2,1,60,75,183,0,0
4,0,0,0,67,1948,844,5,0
3,0,1,1,53,684,197,0,0
3,2,1,0,36,1305,345,0,0
5,1,0,0,32,497,132,0,0
0,1,0,0,30,232,219,1,0
3,0,1,0,54,-630,173,0,0
6,0,1,1,30,292,651,0,0
1,0,0,0,37,143,57,0,0
2,0,1,0,32,-25,243,0,0
0,2,1,0,58,44,147,1,0
0,1,0,0,51,417,18,0,0
0,0,0,0,38,1066,86,1,0
0,0,0,0,38,3436,663,0,0
3,1,2,0,22,3198,109,0,0
3,1,1,1,28,-337,284,0,0
0,0,0,1,59,1783,540,0,0
7,1,0,1,35,0,185,0,0
9,0,0,0,61,1389,92,1,0
0,0,0,0,34,11,22,2,0
5,1,1,0,32,739,91,0,0
6,1,1,0,30,190,312,0,0
1,0,-1,0,46,3308,219,0,0
10,1,1,0,23,431,201,2,0
2,0,1,0,47,318,299,0,0
3,0,1,0,35,1397,114,0,0
1,1,1,0,32,0,136,0,0
1,1,1,0,24,434,331,0,0
5,0,1,0,34,510,33,0,0
5,1,1,0,31,476,284,0,0
1,0,1,0,51,1123,54,0,0
0,2,0,0,54,787,90,0,0
1,1,1,0,25,2157,339,0,0
3,1,2,0,32,611,541,0,0
3,0,1,0,29,104,903,0,0
0,1,0,1,52,638,77,0,0
5,0,-1,0,45,2033,123,4,0
6,0,1,0,45,925,118,4,0
3,0,1,0,29,975,265,0,0
6,1,1,1,40,-61,698,0,0
5,0,1,0,57,808,417,0,0
5,1,1,0,30,10735,63,0,0
5,0,1,0,31,62,346,0,0
3,0,1,1,45,120,53,0,0
1,1,1,0,32,0,594,0,0
0,0,0,0,36,4069,517,0,0
3,0,1,0,46,-1400,309,4,0
4,0,1,0,51,806,32,0,0
6,1,1,0,30,290,446,0,0
6,1,1,0,29,229,273,1,0
3,0,2,0,34,5299,75,0,0
0,0,0,1,28,84,48,0,1
1,2,1,0,42,-263,307,0,0
3,1,2,0,28,553,225,3,0
5,0,1,0,51,1574,149,0,0
3,0,2,1,41,200,309,0,0
5,1,1,1,28,-181,429,4,0
6,1,1,0,32,182,145,0,0
3,1,2,1,34,-343,207,0,0
3,0,1,0,33,263,206,0,0
3,0,1,0,42,0,137,0,0
5,0,1,0,31,941,213,0,0
3,2,2,0,40,21,584,0,0
1,1,0,0,34,992,71,0,0
0,1,0,0,36,391,443,0,0
4,0,1,0,70,616,149,1,0
3,0,2,1,32,0,82,4,0
7,0,0,0,49,202,139,3,0
6,0,2,0,49,5737,417,0,0
3,0,2,0,40,2651,94,0,0
0,0,0,0,56,167,189,0,0
0,0,1,1,50,628,367,0,0
3,0,1,1,42,3396,93,0,0
0,0,0,0,34,0,251,0,0
1,0,1,0,47,1233,91,2,0
5,0,0,0,40,1108,228,5,0
5,0,1,0,34,1499,186,2,0
5,0,1,0,46,979,34,0,0
0,0,2,1,54,621,180,0,0
6,1,1,0,27,2457,123,0,0
1,0,1,0,31,-720,638,0,0
3,0,2,0,61,7879,186,0,0
2,0,0,0,50,-168,1327,0,0
0,1,1,0,30,18,294,0,0
7,0,1,0,58,1407,58,0,0
6,0,1,0,60,4428,382,5,0
4,0,1,1,59,0,155,0,0
10,1,1,0,25,1919,264,4,0
3,0,1,0,45,4022,244,0,0
3,0,1,0,47,846,437,0,0
5,2,1,0,34,2144,157,0,0
3,1,1,0,30,4648,37,0,0
0,1,1,0,41,800,899,0,0
1,0,1,0,59,116,268,7,0
0,2,0,0,44,71,142,0,0
9,2,1,0,38,216,97,0,0
0,0,0,0,54,1938,81,0,0
3,0,1,0,46,0,61,0,0
3,1,2,0,34,2299,320,0,0
7,0,2,1,54,2132,91,0,0
0,0,1,0,47,-1,302,0,0
4,0,2,1,57,-12,80,0,0
6,1,1,0,30,581,267,1,0
2,0,0,0,29,0,36,0,0
0,1,-1,0,32,3044,651,0,0
0,1,0,0,30,1243,86,1,0
5,2,1,0,58,0,244,5,0
0,0,0,0,63,2785,341,3,0
8,0,2,0,53,49,254,0,0
6,1,1,0,36,14,320,0,0
0,2,0,0,55,0,120,0,0
3,1,2,0,33,1,257,0,0
3,1,0,0,26,449,339,0,0
7,1,1,0,32,1259,184,0,0
9,0,1,0,38,634,105,0,0
6,2,1,0,52,220,143,0,0
1,0,1,0,58,7554,167,1,0
7,0,1,0,52,273,227,0,0
5,0,1,0,32,59,345,0,0
9,0,1,0,37,285,401,0,0
3,0,1,1,38,329,111,0,0
0,0,0,0,37,569,92,0,0
3,0,1,1,30,278,1073,0,0
5,1,1,0,27,3776,217,0,0
2,0,0,0,38,898,80,2,0
6,0,1,0,41,205,91,0,0
5,1,2,0,47,683,101,0,0
3,0,1,0,28,61,226,1,0
9,0,2,0,31,46,126,0,0
3,0,2,0,47,430,89,0,0
1,1,1,0,43,140,221,0,0
0,1,0,0,29,765,238,0,0
1,2,1,1,34,44,244,0,0
1,1,1,1,26,2610,626,0,0
0,2,0,1,48,503,1243,0,0
4,0,1,0,80,2,442,0,0
3,0,1,1,32,0,143,0,0
0,0,0,0,32,1812,296,4,0
0,1,0,0,42,227,428,0,0
1,1,0,0,32,195,239,0,0
4,2,1,0,60,4974,80,0,0
6,0,1,0,37,6089,616,0,0
5,0,1,1,39,130,1290,0,0
3,0,1,0,44,1,281,0,0
5,1,1,0,36,1927,288,1,0
0,1,0,0,37,8828,1010,0,0
0,0,1,1,47,1144,324,0,0
0,2,0,0,39,452,232,0,0
0,1,0,0,31,548,148,0,0
0,0,1,0,49,4848,113,0,0
3,0,2,1,51,-637,233,0,0
5,0,1,0,33,-370,261,1,0
1,1,1,0,30,18,798,0,0
6,2,1,1,33,392,254,0,0
5,0,1,0,28,358,220,0,0
3,0,1,0,46,33,136,0,0
3,0,1,1,36,1797,166,2,0
5,1,1,0,26,92,259,0,0
6,0,2,0,40,44,144,0,0
1,0,1,0,53,598,340,2,0
3,2,1,0,58,1103,226,4,0
0,2,0,0,46,14481,1269,0,0
2,0,2,0,51,805,132,0,0
7,0,1,0,54,203,238,0,0
6,0,1,0,42,2219,548,0,0
5,0,1,0,32,0,151,0,0
0,0,0,0,34,902,159,2,0
1,0,1,0,31,4941,504,0,0
6,0,1,1,28,468,222,0,0
3,1,2,1,34,81,44,0,1
5,0,1,0,49,12226,96,0,0
5,0,1,0,42,1133,375,0,0
3,0,2,1,33,2,409,0,0
3,1,1,0,25,612,172,0,0
0,0,0,1,45,-687,92,0,0
6,0,1,0,56,1860,129,0,0
1,0,1,0,55,0,506,0,0
3,0,2,0,42,0,214,0,0
1,1,1,0,42,690,20,0,0
5,0,2,1,44,-92,526,0,0
3,0,2,1,47,-406,243,0,0
6,1,1,0,27,468,109,0,0
0,2,1,0,45,1950,498,0,0
3,0,1,0,44,376,61,0,0
2,1,1,0,30,491,197,0,0
7,1,0,0,36,351,78,1,0
3,0,2,0,46,501,230,0,0
1,0,1,0,35,-255,196,2,0
5,2,1,0,34,-251,641,0,0
1,0,1,0,25,-559,189,0,0
5,0,1,0,38,607,315,0,0
0,1,0,0,32,1742,231,0,0
1,0,1,0,45,315,103,0,0
2,0,2,0,46,0,64,0,0
0,1,0,0,35,66,213,0,0
3,0,1,0,44,199,150,0,0
2,0,0,0,33,606,194,0,0
6,0,1,0,47,1160,59,0,0
3,1,-1,0,37,2188,193,0,0
0,1,0,0,27,107,767,0,0
10,1,1,0,22,562,147,0,0
6,0,1,0,46,-119,151,0,0
0,0,0,0,38,184,224,0,0
3,0,2,0,45,412,45,13,0
1,0,1,0,46,783,136,0,0
5,0,0,0,33,-1011,134,0,0
3,0,1,0,44,1071,143,1,0
3,1,2,0,48,8990,1790,0,0
6,0,1,0,49,254,179,0,0
9,0,1,0,38,0,157,0,0
0,0,0,0,32,263,175,0,0
8,0,0,0,34,582,189,0,0
0,1,0,0,42,1768,193,0,0
6,0,1,0,51,615,1110,0,0
5,0,1,0,30,373,353,4,0
3,1,0,0,37,3649,623,4,0
1,1,0,0,31,882,293,1,0
6,0,1,0,38,3259,241,0,0
0,2,0,0,38,2350,234,0,0
0,0,0,0,43,439,71,0,0
5,0,1,0,35,788,223,0,0
7,0,1,0,49,505,354,0,0
0,0,0,1,51,0,263,1,0
3,0,1,1,34,-745,131,0,1
0,0,0,0,35,62,226,4,0
9,0,-1,0,57,0,173,0,0
5,1,1,0,54,189,95,0,0
1,1,1,0,32,283,71,0,0
3,0,2,0,55,400,137,0,0
6,0,1,1,31,78,97,0,0
6,2,1,0,49,315,117,0,0
3,0,1,0,29,659,401,0,0
7,1,0,0,35,-30,218,0,0
0,1,0,0,36,4,529,3,0
3,1,1,1,34,1759,695,0,0
4,0,0,0,56,3708,210,0,0
3,0,1,0,31,505,218,2,0
5,1,1,0,36,148,1357,2,0
9,0,1,0,40,0,107,0,0
8,0,2,0,45,0,570,0,0
8,2,1,0,41,142,353,0,0
1,1,0,0,30,0,20,0,0
0,0,0,0,37,675,49,0,0
6,0,1,0,38,934,715,0,0
8,1,1,0,28,304,516,0,0
3,2,1,1,58,644,220,4,0
3,0,2,0,59,-546,1152,0,0
9,0,2,0,59,0,332,0,0
9,2,1,0,42,1406,178,0,0
5,0,0,0,23,2,140,0,0
0,0,0,0,32,1041,577,0,0
6,0,1,0,33,1330,245,0,0
3,0,2,0,44,314,742,0,0
7,1,0,0,31,275,99,0,0
3,1,1,0,25,-350,95,0,0
5,0,-1,0,37,497,178,0,0
1,1,1,0,32,1732,1871,0,0
0,0,1,0,39,6012,383,0,0
6,0,1,1,32,-344,44,0,0
1,0,1,0,31,54,137,0,0
1,1,0,0,27,4661,114,0,0
3,0,1,0,40,306,184,0,0
6,2,1,0,33,90,114,0,0
9,0,2,0,58,7881,507,0,0
3,1,2,0,31,124,411,0,0
3,0,1,0,48,5089,30,0,0
0,1,0,1,55,854,98,0,0
0,0,1,1,35,616,92,0,0
0,1,0,0,39,375,66,0,0
2,0,0,0,38,0,532,0,0
1,1,2,0,45,237,110,1,0
1,0,2,0,58,16119,188,0,0
1,0,0,0,30,14355,244,0,0
1,0,0,0,32,264,103,0,0
7,0,2,1,56,-34,212,0,0
1,0,0,1,44,1818,120,1,0
3,0,2,0,50,414,121,0,0
5,0,1,0,37,1110,802,0,0
3,0,1,0,37,513,134,3,0
5,1,1,0,37,124,635,0,0
6,0,1,0,51,276,80,0,0
5,0,1,0,46,126,1255,0,0
6,0,0,0,52,3094,96,0,0
4,2,1,0,69,4572,185,3,0
4,0,2,0,59,94,256,0,0
3,0,2,1,49,67,269,0,0
3,0,2,1,39,643,24,0,0
1,1,1,0,31,40,123,0,0
0,1,0,1,30,508,70,0,0
10,1,0,0,28,1096,81,0,0
1,1,0,0,42,-411,212,0,0
8,1,1,0,31,199,86,0,0
3,0,1,0,30,2850,181,0,0
10,0,-1,0,24,146,176,0,0
1,1,1,0,33,296,226,0,0
0,2,0,0,32,-277,196,0,1
3,1,1,0,36,1127,455,0,0
0,1,0,0,34,48,810,6,0
3,2,2,0,46,452,113,0,0
4,0,1,0,53,665,371,0,0
3,2,-1,0,58,29,253,0,0
1,0,0,0,40,1034,368,0,0
2,0,-1,1,47,1179,21,0,0
3,0,2,0,41,389,87,0,0
6,1,1,0,27,3354,493,0,0
0,1,0,0,30,280,100,0,0
1,2,1,0,43,1413,75,0,0
3,0,1,0,34,5304,51,0,0
0,0,0,0,37,0,187,0,0
1,0,1,0,36,129,64,0,0
6,2,1,0,47,0,216,0,0
0,0,0,0,32,0,164,0,0
6,0,-1,0,32,23,425,0,0
3,0,1,0,46,2836,13,7,0
1,0,1,0,36,8119,24,0,0
2,0,1,1,31,1539,67,9,0
3,1,1,0,24,0,202,0,0
4,0,1,0,55,0,1110,0,0
1,1,1,0,33,2979,326,1,0
10,1,1,0,19,291,291,0,0
0,1,0,0,38,11971,609,3,0
3,2,2,0,49,2262,125,0,0
0,0,0,0,37,23,409,0,0
0,2,0,0,54,129,132,0,0
1,0,1,0,59,2308,815,1,0
0,0,0,0,36,1318,100,0,0
7,0,0,0,44,425,147,0,0
1,2,1,0,52,1005,195,0,0
6,0,1,0,36,4721,150,5,0
3,1,1,0,36,478,610,0,0
3,0,2,0,54,162,184,0,0
5,1,1,0,33,2548,179,0,0
5,2,1,0,60,92,130,0,0
4,0,2,0,53,118,176,0,0
1,2,1,0,32,18,20,1,0
8,1,1,0,41,169,712,0,0
0,0,0,1,34,336,84,0,0
1,0,1,0,37,1345,74,4,0
1,1,0,0,37,31,72,0,0
3,0,2,0,50,0,131,2,0
0,0,0,0,46,71,220,0,0
0,0,2,0,45,1533,83,0,0
3,0,2,0,46,809,160,0,0
6,0,-1,0,46,80,245,0,0
0,1,0,1,27,136,146,0,0
4,0,-1,0,76,8919,231,0,0
1,2,0,0,47,694,1001,0,0
5,1,1,0,27,619,16,4,0
3,0,2,1,37,1796,232,0,0
3,0,2,0,39,1742,130,0,0
4,0,0,0,58,0,393,0,0
5,0,1,0,54,3136,72,0,0
3,0,-1,0,49,2635,88,0,0
1,0,1,0,32,1011,56,0,0
5,1,1,0,25,61,345,0,0
1,0,1,0,36,1466,441,0,0
1,0,0,0,35,416,591,0,0
1,0,1,0,38,1478,926,0,0
1,2,1,0,33,464,207,0,0
0,1,0,0,30,409,31,0,0
7,0,0,0,33,6,141,0,0
8,0,1,0,52,94,244,0,0
3,0,1,0,39,-1002,9,0,0
6,0,2,0,40,1117,280,0,0
3,0,2,0,48,430,340,8,0
1,0,1,0,33,6699,425,1,0
10,1,1,0,24,745,93,0,0
0,1,0,0,28,2253,906,0,0
9,0,0,0,45,143,83,0,0
7,2,2,0,32,0,232,0,0
1,0,1,0,41,351,175,0,0
0,1,0,0,33,0,60,0,0
0,0,0,0,48,1567,77,0,0
2,2,0,0,30,1192,83,0,0
6,0,1,0,50,2956,686,0,0
3,0,1,0,37,0,169,5,0
0,0,0,0,33,1390,92,4,0
3,2,1,1,31,1125,548,0,0
1,1,0,0,32,6746,199,0,0
9,1,2,0,31,26965,654,0,0
3,0,-1,1,35,-400,85,0,0
5,2,1,0,52,1256,498,0,0
1,0,1,0,44,-393,45,0,0
3,2,2,0,45,-69,118,0,0
3,2,1,0,40,793,109,0,0
4,1,2,0,54,767,42,0,0
3,1,2,0,31,528,143,0,0
0,2,0,0,53,3158,126,0,0
6,0,1,0,52,657,398,2,0
3,0,2,0,37,0,850,0,0
1,1,0,1,27,501,370,0,0
5,1,1,0,31,5527,132,0,0
6,0,1,0,34,-508,144,2,0
1,2,1,0,46,-11,139,0,1
3,0,1,1,29,247,204,1,0
1,0,0,0,50,1830,318,0,0
0,0,0,0,37,2366,721,0,0
1,0,0,1,42,13410,149,0,0
4,0,2,0,59,1425,299,0,0
1,0,0,0,32,2553,459,0,0
5,0,1,0,36,313,403,0,0
6,1,1,0,30,1846,87,0,0
0,0,0,0,35,38,194,0,0
2,2,1,1,32,252,145,0,0
5,2,0,1,38,2801,252,0,0
9,1,1,0,57,254,676,0,0
1,1,0,0,32,388,119,0,0
1,0,1,0,31,3706,129,0,0
3,0,2,0,60,3462,125,0,0
0,1,0,0,33,816,383,2,0
0,1,0,0,30,67,52,0,0
5,0,1,0,38,46,48,0,0
3,0,1,0,26,490,82,0,0
4,0,2,0,55,8894,262,0,0
0,1,0,0,32,0,360,0,0
4,0,1,0,63,2896,304,2,0
3,0,1,0,27,5854,255,0,0
5,1,1,0,32,6042,183,1,0
1,1,1,0,28,593,202,0,0
5,0,1,1,36,540,95,0,0
0,0,0,0,41,771,106,0,0
0,0,0,0,58,4152,750,4,0
3,0,1,0,28,4,310,0,0
5,2,1,0,57,1403,547,0,0
0,0,0,0,37,-666,204,0,0
3,0,2,0,46,2499,42,0,0
0,1,0,0,30,726,39,3,0
3,0,2,0,42,1398,36,0,0
1,1,1,0,38,61,109,8,0
2,0,1,0,42,718,201,2,0
5,0,1,0,62,4608,706,1,0
0,2,0,0,32,387,99,0,0
1,0,1,0,34,149,153,0,0
1,1,1,1,34,664,88,2,0
5,0,1,1,37,18,103,0,0
2,0,0,1,47,2518,132,1,0
3,0,1,1,41,720,651,0,1
9,0,2,0,52,420,139,0,0
7,2,0,0,42,360,110,0,0
3,0,2,0,48,0,104,0,0
1,1,0,0,34,19,79,0,0
3,0,1,1,34,45,127,0,0
4,0,2,0,76,2590,68,0,0
3,1,2,0,29,10,135,0,0
-1,2,0,0,54,2272,88,1,0
9,0,2,1,41,15,17,0,0
1,1,1,0,32,129,213,0,0
3,0,2,1,45,1670,171,0,0
5,0,2,0,56,0,353,4,0
0,1,0,0,35,467,82,0,0
6,2,1,0,36,532,391,1,0
5,2,1,0,34,0,268,0,0
5,0,1,0,52,473,135,0,0
3,1,0,0,33,457,159,4,0
0,0,0,1,43,344,282,2,0
10,1,0,0,26,5169,397,2,0
0,0,0,0,34,1293,168,0,0
9,1,1,0,31,49,187,2,0
3,0,1,0,30,194,178,0,0
1,1,1,0,39,681,170,0,0
5,1,1,1,31,130,132,0,0
3,0,2,1,59,14,355,0,0
1,0,1,0,45,2124,84,0,0
1,1,0,0,24,10,78,2,0
0,1,1,0,49,0,121,0,0
6,0,1,0,39,1930,92,0,0
1,0,1,1,37,264,414,1,0
3,1,2,0,38,20,81,0,0
1,2,1,0,46,454,93,0,0
9,0,2,0,44,41,299,0,0
6,1,1,0,44,0,198,0,0
4,1,1,1,58,282,78,0,0
0,0,0,0,54,0,214,0,0
3,0,2,0,32,12705,211,0,0
2,1,1,1,27,77,123,0,0
5,0,1,0,55,128,359,0,0
0,0,0,0,35,2583,210,0,0
5,0,1,0,35,1286,862,1,0
4,2,2,0,60,8434,105,0,0
1,0,2,0,51,223,131,0,0
1,0,1,0,34,173,31,0,0
4,0,2,0,69,324,136,0,0
3,0,1,1,29,314,357,0,0
8,0,1,0,50,12495,279,0,0
3,0,1,0,40,755,408,1,0
9,0,1,1,37,-205,199,0,1
5,0,0,0,43,1924,244,0,0
1,2,1,0,34,1301,124,0,0
4,0,1,0,39,-160,203,0,0
0,0,0,0,35,1336,59,0,0
4,0,2,0,55,16432,482,0,0
7,0,1,0,32,67,153,0,0
1,0,1,0,40,4186,129,0,0
0,0,0,0,35,1650,885,0,0
6,0,1,1,47,51,312,0,0
0,1,0,0,28,3796,315,0,0
3,0,1,1,51,-237,379,2,0
0,1,0,0,36,260,49,0,0
0,1,0,0,26,362,925,2,0
4,0,1,0,82,121,330,0,0
-1,0,0,0,35,1260,204,0,0
8,0,1,0,39,2245,749,0,0
9,0,2,0,39,13338,103,0,0
3,0,2,0,56,1399,80,0,0
5,0,1,0,35,122,51,0,0
1,0,0,0,43,5145,51,0,0
1,0,1,0,30,776,72,2,0
1,2,0,0,47,8,62,0,0
5,0,1,0,50,736,74,0,0
7,0,0,1,42,-266,322,0,0
1,0,1,0,37,316,238,0,0
3,1,0,0,29,11310,436,0,0
1,1,1,0,37,4,933,0,0
0,0,0,0,54,1464,157,0,0
3,0,2,1,36,1993,174,2,0
1,1,1,0,29,1706,462,0,0
4,0,1,0,67,2048,452,4,0
4,0,1,0,70,2626,175,2,0
1,0,1,0,43,-1701,285,0,0
8,1,2,0,36,1201,57,0,0
0,0,0,0,34,3696,758,5,0
3,0,1,1,47,737,120,0,0
2,0,0,0,32,4465,161,0,0
1,0,0,0,31,237,59,0,0
0,0,0,0,44,226,76,0,0
5,0,1,0,51,101,217,0,0
3,0,1,0,32,1005,215,0,0
0,0,0,1,36,0,305,0,0
3,0,2,0,52,4015,493,0,0
2,2,0,0,51,315,291,4,0
8,0,2,0,52,959,694,0,0
3,0,1,1,47,-18,155,0,0
4,0,1,0,60,5207,160,0,0
1,0,0,0,35,1526,138,0,0
0,2,0,0,46,-94,183,0,0
8,0,1,0,43,775,98,1,0
1,0,0,0,36,0,147,0,0
8,0,2,0,26,205,239,0,0
1,1,0,0,29,18254,279,0,0
1,0,1,0,41,0,101,0,0
1,2,0,0,49,0,68,0,0
0,1,0,0,30,168,35,0,0
0,0,0,0,58,313,204,0,0
6,0,-1,0,41,88,105,2,0
4,1,2,0,60,470,100,0,0
6,1,1,0,34,-96,269,0,0
3,0,1,0,36,1550,17,0,0
9,0,1,0,34,1969,252,0,0
5,1,1,0,31,81,215,11,0
7,0,2,0,32,-6,881,0,0
0,0,0,0,42,1340,299,0,0
0,0,0,0,59,63,89,0,0
1,0,0,0,41,177,117,0,0
1,0,1,0,31,671,119,2,0
0,1,0,0,47,86,387,1,0
1,2,0,0,46,0,1199,0,0
2,0,0,0,56,-124,374,0,0
5,2,1,0,58,3337,369,3,0
3,0,1,0,41,1384,106,4,0
0,2,0,0,43,2367,173,4,0
6,0,1,0,59,968,105,0,0
0,0,0,1,31,3,331,0,0
6,1,0,0,32,748,166,2,0
10,1,1,0,21,357,115,0,0
5,1,1,0,28,27,294,0,0
5,0,1,0,53,172,80,0,0
3,0,-1,0,29,135,150,0,0
3,0,1,0,50,326,157,0,0
3,1,-1,0,49,2222,114,0,0
6,1,1,0,28,458,328,0,0
0,1,0,0,26,1004,228,0,0
8,0,0,0,40,2135,171,1,0
10,1,-1,0,26,598,136,0,0
10,1,1,0,24,822,184,2,0
0,0,1,1,46,700,136,0,0
6,1,0,0,38,1418,52,0,0
5,0,1,0,33,89,524,0,0
2,1,0,1,31,-405,846,2,1
3,1,-1,0,28,913,580,0,0
4,0,2,1,46,270,133,0,0
1,0,1,0,40,17,192,0,0
10,1,1,0,28,101,90,0,0
0,1,0,0,27,99,767,0,0
9,0,1,0,37,723,39,0,0
3,0,1,0,36,0,337,0,0
7,0,1,0,38,746,256,0,0
3,0,2,0,50,354,123,0,1
5,2,1,0,49,132,98,1,0
3,0,2,0,47,881,143,2,0
0,0,0,0,54,5927,256,0,0
10,1,1,0,23,318,545,0,0
1,1,1,0,35,183,281,4,0
0,1,0,0,25,316,347,0,0
0,1,0,0,28,-386,59,0,0
6,0,1,0,51,276,217,0,0
8,0,0,0,31,330,309,3,0
1,0,1,0,41,636,1055,1,0
7,1,0,0,28,159,449,4,0
2,0,1,1,37,46,119,0,0
1,1,1,0,33,3499,143,1,0
6,0,1,0,51,434,513,0,0
8,2,2,0,46,23,344,0,0
0,0,0,1,48,0,103,0,1
3,1,1,1,30,80,145,4,0
6,1,1,0,30,346,87,5,0
-1,0,2,0,41,526,151,0,0
10,1,1,0,28,196,423,0,0
0,1,0,0,36,171,398,0,0
3,2,1,0,38,0,580,1,0
0,0,0,0,58,299,120,0,0
0,0,0,0,40,1777,81,0,0
10,1,-1,0,26,603,73,0,0
1,2,1,0,40,-1,24,0,0
1,0,-1,0,42,-401,145,0,0
1,1,0,1,36,3241,1184,0,0
0,0,0,1,35,71,78,0,0
3,0,1,0,36,866,344,0,0
6,0,1,0,55,1989,139,0,0
0,1,0,0,32,131,267,0,0
1,2,1,0,42,0,471,0,0
1,0,0,1,44,-948,129,0,0
4,2,1,0,69,6850,2055,0,0
1,2,1,0,44,242,69,0,0
1,0,1,0,56,3931,115,0,0
3,0,1,0,58,381,79,0,0
1,1,1,0,44,250,382,0,0
7,0,1,0,36,351,1554,2,0
2,0,1,0,39,0,375,0,0
5,2,1,0,38,19,604,0,0
3,0,1,0,41,49,342,0,0
3,0,2,0,53,306,388,1,0
1,0,1,0,41,923,141,0,0
3,0,1,0,58,0,267,0,0
2,0,1,0,57,1888,80,0,0
8,0,1,0,39,1654,264,0,0
0,0,0,0,39,894,491,1,0
2,2,1,0,32,-934,50,0,0
9,0,2,0,54,127,176,0,0
0,1,0,0,45,1411,800,3,0
1,1,1,0,36,54,563,0,0
0,1,0,0,35,916,460,0,0
0,0,0,0,45,242,587,0,0
0,0,0,0,31,131,332,0,0
6,0,1,0,50,128,173,0,0
1,0,1,1,47,834,902,2,0
0,1,-1,0,40,838,619,0,0
4,0,2,0,74,0,113,0,0
6,1,1,1,31,-250,207,0,0
3,0,1,0,34,2305,301,0,0
0,0,0,0,58,5680,114,0,0
5,0,0,0,54,59,268,0,0
5,2,1,1,29,2,220,0,0
1,0,1,0,46,15120,27,3,0
0,1,0,0,40,269,97,0,0
1,1,1,0,35,1861,297,0,0
0,1,0,0,59,684,48,0,0
9,0,1,0,40,864,36,0,0
5,0,-1,0,45,13562,16,0,0
5,0,1,0,43,372,162,0,0
9,0,1,0,41,13,155,0,0
0,1,0,0,42,10561,243,0,0
10,1,1,0,24,382,103,2,0
0,1,0,0,28,-328,318,0,0
5,2,1,0,45,1201,652,0,0
5,1,1,0,35,1087,110,0,0
9,0,1,0,40,1050,117,0,0
0,0,0,0,29,54,873,0,0
3,1,1,0,37,2580,300,0,0
0,1,0,0,32,124,87,0,0
6,0,1,1,47,2070,136,0,0
3,0,2,1,33,359,130,1,0
5,0,1,0,41,338,121,0,0
4,0,1,0,55,188,139,0,0
3,0,1,0,34,490,55,0,0
5,0,1,1,38,1116,406,0,0
0,2,0,0,47,2515,40,0,0
0,0,0,0,39,2666,96,0,0
6,0,1,1,46,451,389,0,0
0,2,1,1,53,112,246,0,0
3,2,2,0,36,3202,690,2,0
7,0,0,0,40,355,1390,0,0
1,0,1,0,44,1371,159,0,0
10,1,-1,0,26,-41,229,0,0
4,0,1,0,59,26,92,0,0
5,0,1,1,48,8,46,0,0
5,2,1,0,58,1947,228,0,0
1,0,1,0,45,1412,764,0,0
1,1,0,0,41,1646,258,7,0
2,0,0,1,46,0,37,0,0
4,0,2,0,76,2632,368,0,0
6,2,-1,0,43,2363,229,0,0
6,2,1,0,42,108,360,0,0
1,0,-1,0,42,254,241,1,0
6,0,1,0,32,28,88,1,0
1,1,1,0,46,5862,84,0,0
0,2,0,0,62,1619,534,0,0
6,2,1,0,48,-361,1062,3,0
1,1,-1,0,38,1923,331,0,0
4,0,1,0,54,2950,45,0,0
1,0,1,0,36,319,29,1,0
3,2,1,1,33,75,94,0,0
5,1,1,0,25,0,461,0,0
6,0,2,1,37,0,137,0,0
2,0,1,0,27,220,480,0,0
5,0,1,1,36,1954,158,3,0
3,0,1,0,30,486,1109,0,0
6,1,1,1,25,333,1056,0,0
0,1,1,0,37,793,130,0,0
5,0,1,1,43,429,35,0,0
7,1,0,1,29,162,324,0,0
0,0,0,0,36,812,99,0,0
0,1,0,0,30,20261,81,0,0
3,0,2,0,37,95,415,2,0
0,0,0,0,52,2635,313,8,0
0,0,0,0,58,230,339,0,0
3,0,2,0,51,541,663,0,0
8,0,1,0,55,2489,207,0,0
4,2,1,0,56,4,135,0,0
9,0,2,0,28,5,30,0,0
6,0,1,1,31,1783,219,0,0
1,0,1,0,29,273,2775,0,0
1,1,1,0,32,493,289,0,0
0,1,0,1,22,104,509,3,0
5,1,1,0,33,585,147,0,0
0,0,0,0,30,101,88,0,0
5,1,0,0,30,732,179,0,0
0,0,0,0,31,0,47,0,0
3,0,2,0,32,9750,51,0,0
5,1,1,0,23,1104,120,0,0
3,0,1,0,37,128,379,0,0
0,1,0,0,34,1009,68,0,0
6,1,1,1,30,-100,292,0,0
4,0,2,0,55,0,272,0,0
3,0,2,0,32,410,115,0,0
5,1,1,0,30,1450,298,1,0
4,0,-1,0,59,1116,149,1,0
9,0,2,0,41,39,299,0,0
3,0,1,0,41,213,10,0,0
5,1,1,0,49,275,14,0,0
1,1,1,0,34,10890,46,0,0
3,0,1,0,42,-430,298,0,0
5,0,1,0,58,1686,110,0,0
1,0,0,0,29,1337,125,0,0
1,1,1,0,31,159,129,0,0
4,0,1,0,58,3542,345,0,0
3,1,1,0,44,36,712,0,0
3,0,1,0,33,-45,240,0,0
0,0,0,0,45,273,163,2,0
1,0,1,0,52,192,61,0,0
3,0,2,0,49,-167,51,0,0
6,0,1,0,35,207,312,0,0
7,0,1,0,39,235,217,0,0
6,0,1,1,29,376,49,4,0
3,0,1,0,44,105,586,0,1
0,0,0,1,46,716,106,0,0
3,1,1,0,31,25,143,0,0
3,0,1,0,50,1498,223,0,0
6,2,2,0,37,260,446,0,0
3,1,2,0,40,1,18,0,0
1,1,0,0,31,1463,97,0,0
6,1,1,0,35,49,346,0,0
1,0,1,1,49,-353,123,0,0
0,0,0,0,32,678,13,0,0
3,0,1,0,34,1979,283,0,0
1,1,1,0,36,7503,193,1,0
5,1,0,0,34,4254,104,1,0
7,1,0,0,27,4574,187,0,0
0,1,0,0,39,0,81,0,0
5,0,1,0,30,222,343,0,0
3,0,-1,0,41,31,529,0,0
8,0,1,0,31,24,631,0,0
3,0,1,0,35,496,135,0,0
6,1,1,0,26,209,319,0,0
0,1,0,0,37,33,186,0,0
5,2,1,1,45,875,292,0,0
1,1,0,0,28,1026,101,0,0
6,0,1,0,44,-75,104,0,0
0,0,0,0,38,1257,166,0,0
3,0,2,0,46,537,222,0,0
1,0,1,0,48,1600,117,0,0
3,0,2,0,33,142,136,0,0
4,1,0,0,71,1285,195,0,0
0,2,0,0,42,238,692,0,0
3,1,1,0,30,239,785,0,0
5,1,1,1,28,-39,64,0,0
1,2,1,1,35,44,366,2,0
3,0,0,0,55,1341,46,0,0
9,2,1,0,32,0,93,0,0
1,1,1,0,33,0,191,0,0
7,0,1,0,45,-124,343,0,0
0,0,0,1,36,6138,358,0,0
2,0,1,0,41,718,318,0,0
1,0,1,0,42,488,230,1,0
3,0,2,0,50,403,119,0,0
0,1,0,0,33,1956,76,0,0
0,0,0,0,32,1196,508,0,0
5,2,1,0,57,-140,264,0,0
10,1,-1,0,31,2347,180,0,0
0,2,0,1,46,233,57,0,0
1,2,-1,0,35,244,54,0,0
0,0,0,0,47,866,7,0,0
5,1,1,0,40,2040,906,2,0
0,0,0,0,33,603,265,0,0
5,0,1,0,38,884,57,0,0
6,0,1,1,37,-21,61,0,0
0,0,0,0,35,317,162,0,0
0,1,0,0,29,91,99,4,0
7,1,0,0,30,3137,368,0,0
4,0,1,0,68,3588,119,0,0
2,0,0,0,27,139,448,0,0
0,1,0,0,33,21096,144,0,0
8,2,1,0,49,-214,73,0,0
6,1,1,0,22,236,236,0,0
3,0,1,0,43,413,235,4,0
3,1,1,0,30,183,610,0,0
3,0,1,1,40,1009,1036,0,0
3,0,1,0,48,904,128,0,0
0,0,0,0,46,0,716,3,0
0,0,0,1,35,89,166,0,1
2,0,1,0,53,0,88,0,0
1,2,1,0,57,1244,383,0,0
6,0,1,0,39,3165,56,2,0
1,1,1,0,35,79,12,0,0
7,0,1,0,52,-488,322,0,0
0,1,0,0,25,137,281,0,0
3,0,2,0,37,-107,25,0,0
1,1,0,1,29,195,210,0,0
1,1,0,0,35,33,300,0,0
3,1,1,0,28,3817,528,0,0
3,0,-1,0,51,0,10,0,0
9,2,2,0,54,502,317,0,0
0,1,0,0,34,886,104,0,0
0,0,0,1,38,1482,361,0,0
0,2,0,0,44,2367,263,6,0
7,1,0,0,27,1000,71,0,0
0,1,0,0,33,2059,106,0,0
6,1,1,0,39,1163,432,2,0
5,2,1,0,56,279,288,0,0
5,1,0,0,25,1056,363,0,0
3,0,1,0,35,514,247,0,0
-1,0,2,0,43,2113,33,0,0
4,0,0,1,57,1180,191,0,0
5,1,2,0,53,0,176,5,0
6,0,1,0,35,868,36,0,0
3,0,2,0,54,1087,77,0,0
2,0,1,1,27,97,13,0,0
5,1,0,0,23,230,264,0,0
7,0,0,0,49,503,507,0,0
1,0,1,0,34,603,51,1,0
0,0,1,0,54,5249,108,0,1
1,0,0,0,49,503,297,0,0
4,2,2,0,80,5861,92,0,0
0,1,0,0,41,0,509,0,0
5,0,1,0,56,3784,672,0,0
0,0,0,0,32,396,319,0,0
1,1,1,1,25,-80,89,0,0
1,0,1,0,35,650,241,2,0
0,0,2,1,57,80,158,0,0
3,0,2,0,53,-462,470,0,1
0,1,0,0,35,243,102,0,0
0,1,0,0,32,1,108,0,0
-1,1,-1,0,41,1259,177,0,0
1,0,1,0,34,260,20,2,0
2,0,0,0,50,5420,73,0,0
1,0,1,0,37,180,215,0,0
3,0,2,0,47,117,113,0,0
5,2,1,0,36,496,269,0,0
0,0,0,0,33,812,396,0,0
6,1,1,1,26,-224,189,0,0
5,0,1,0,55,512,115,0,0
3,1,1,0,36,0,238,0,0
1,0,1,0,60,478,139,5,0
8,2,1,0,55,79,418,0,0
8,0,1,0,42,583,153,0,0
7,0,0,1,49,147,559,4,0
0,0,0,0,48,3494,145,1,0
0,0,0,1,47,0,374,0,0
3,2,2,0,50,-232,168,0,0
4,0,1,0,63,1612,399,2,0
3,0,1,0,33,-416,431,0,0
3,0,1,1,35,80,579,0,0
0,0,0,0,38,76,196,0,0
0,0,0,0,41,8553,304,0,0
6,0,1,0,25,77,220,0,0
2,0,1,0,37,209,100,0,0
4,0,1,0,57,703,405,0,0
1,0,1,0,51,221,139,0,0
3,2,2,1,59,1265,849,0,0
4,2,1,0,58,0,436,0,0
4,2,0,0,52,-309,500,0,0
5,1,0,0,33,146,351,0,0
0,0,0,0,43,136,120,0,0
4,2,0,1,52,3687,741,0,0
3,2,1,0,29,0,281,0,0
3,1,1,1,29,415,161,0,0
7,0,-1,0,59,59,171,0,0
0,0,2,0,44,4758,712,0,0
3,2,2,0,48,2677,23,0,0
3,1,-1,1,30,694,599,4,0
0,0,1,0,42,1018,305,0,0
6,2,1,0,39,-185,189,0,0
6,0,1,0,27,511,85,0,0
3,0,1,0,39,5222,239,1,0
1,2,1,0,33,6,239,0,1
0,0,0,0,57,0,100,0,0
3,0,1,0,46,66,211,3,0
1,0,1,0,37,588,65,0,0
1,1,0,0,29,1185,536,0,0
6,2,1,0,39,-288,227,0,0
3,0,1,0,36,1482,154,0,0
0,1,0,0,28,320,239,0,0
0,1,0,0,37,600,116,1,0
0,0,0,1,37,975,69,0,0
5,2,1,1,47,555,478,0,0
4,1,2,0,57,604,187,0,0
3,1,2,0,46,355,320,0,0
1,1,1,0,32,0,322,0,0
10,1,0,0,21,1258,404,0,0
3,0,1,1,36,-128,821,0,0
0,0,1,0,48,410,116,0,0
5,0,1,0,30,-44,97,0,0
3,2,2,0,41,210,383,0,1
5,0,2,0,34,239,107,0,0
0,0,0,0,34,611,350,0,0
7,0,1,0,51,95,1309,0,0
1,2,1,0,33,1480,223,0,0
1,1,1,0,34,60,274,0,0
3,0,2,0,36,345,223,0,0
1,1,0,0,44,643,324,3,0
8,0,1,0,37,1152,222,0,0
4,0,1,0,67,1146,259,2,0
5,0,1,0,58,2777,214,0,0
4,2,2,0,52,353,395,0,0
7,0,1,0,42,68,314,0,0
6,1,1,0,31,887,427,0,0
3,1,1,0,30,75,123,0,0
1,1,1,0,27,299,29,0,0
6,0,1,1,44,0,161,0,0
1,0,2,0,40,210,22,0,0
0,1,0,1,45,311,81,0,0
3,1,1,1,37,7622,111,0,0
3,0,2,0,43,8,245,0,0
1,1,1,0,34,16,990,0,0
1,0,1,0,38,318,274,6,0
3,2,2,0,43,75,118,0,0
1,2,1,1,37,51,2150,0,0
3,0,2,0,30,1127,13,0,0
6,1,1,0,39,7066,667,3,0
1,0,1,0,69,9064,714,0,0
3,0,2,1,31,76,146,0,0
1,0,1,0,54,-939,202,0,0
9,0,2,0,41,1529,61,0,0
2,2,0,1,52,199,373,2,0
5,0,1,0,32,337,51,1,0
6,2,1,0,42,83,300,6,0
9,0,0,1,33,98,109,0,0
3,0,-1,0,43,1123,191,3,0
5,0,1,0,50,-130,328,0,0
0,2,0,0,41,-78,69,4,0
5,2,1,0,56,778,149,0,0
3,0,1,0,34,2137,245,0,0
9,0,1,0,44,281,604,0,0
7,0,1,1,52,-201,905,2,0
1,0,1,0,50,2062,165,0,0
9,0,1,0,28,15,133,0,0
3,0,1,0,33,0,330,0,0
6,0,1,0,41,1141,75,1,0
1,1,1,1,39,175,757,0,0
1,1,1,1,32,-23,152,0,0
1,1,0,0,31,56,320,0,0
3,0,2,0,33,329,44,0,0
7,1,1,0,31,1086,410,0,0
3,0,1,0,55,1164,242,0,0
3,1,0,0,46,460,1102,0,0
3,1,1,0,30,5909,420,0,0
1,2,1,0,32,2,354,0,0
5,2,1,0,55,166,324,4,0
0,1,1,0,31,202,590,0,0
0,0,-1,0,31,668,75,0,0
9,0,1,1,37,12939,39,0,0
9,0,1,0,49,7317,140,0,0
3,0,1,1,46,-396,115,0,0
5,2,1,0,51,-20,58,0,0
1,0,1,0,48,1526,273,0,0
6,0,1,0,50,77,138,0,0
3,0,1,0,53,66,360,0,0
5,2,1,0,50,2405,114,8,1
0,2,1,0,40,1148,105,0,0
0,0,0,0,35,175,257,0,0
4,0,1,0,57,1230,200,0,0
3,0,2,1,54,-16,346,0,0
5,0,1,1,31,11839,533,0,0
3,0,2,0,38,132,797,0,0
5,0,1,1,51,194,71,0,0
4,0,2,0,59,741,194,2,0
0,0,0,0,33,158,192,0,0
0,0,0,0,60,5041,8,1,0
7,0,2,0,46,107,109,0,0
0,0,0,0,50,0,243,0,0
3,0,1,0,40,211,216,0,0
3,0,1,0,32,517,528,0,0
0,1,0,0,32,974,228,0,0
1,0,1,1,37,5287,599,2,0
3,2,1,0,47,506,134,0,0
3,1,1,0,41,842,144,0,0
3,0,1,0,34,405,103,0,0
9,0,2,0,51,1275,92,0,0
1,0,1,0,38,1828,35,0,0
3,1,1,0,34,128,114,0,0
3,0,2,0,48,2227,98,0,0
6,1,1,0,28,3575,245,0,0
0,0,1,0,36,1989,344,0,0
1,1,0,0,30,255,119,0,0
3,0,2,0,45,323,276,0,0
5,0,1,0,26,233,236,0,0
2,0,0,0,60,1164,325,0,0
1,0,1,0,41,0,43,0,0
6,0,1,0,29,399,210,0,0
3,0,1,0,40,1808,560,0,0
5,1,0,0,27,1993,102,0,0
1,1,1,0,26,-516,386,0,1
0,0,0,0,59,220,30,0,0
0,0,0,0,38,0,119,0,0
7,2,0,0,34,5722,157,0,0
3,1,2,1,46,259,652,0,0
1,2,0,0,60,-317,498,0,0
0,0,0,0,32,3517,57,0,0
0,2,0,0,42,221,720,0,0
0,1,0,0,35,995,39,0,0
7,1,1,0,34,296,609,0,0
-1,0,-1,0,53,13,69,0,0
1,1,0,0,35,458,2129,3,0
6,0,1,0,45,759,172,0,0
3,0,2,0,50,33,134,0,0
8,0,1,0,30,-98,173,0,0
3,0,2,0,50,8000,221,0,0
0,0,0,0,35,1731,361,0,0
5,1,1,1,26,586,215,0,0
6,0,1,1,52,5,94,0,0
1,1,1,0,31,4,21,0,0
7,0,1,0,31,0,23,0,0
3,0,1,0,60,196,583,0,0
7,0,1,0,45,3080,296,0,0
3,1,0,0,33,-303,126,0,0
0,0,0,0,31,623,96,5,0
6,0,0,0,37,0,55,0,0
1,0,1,0,45,1415,483,1,0
6,0,1,0,34,421,247,0,1
5,0,1,0,28,-97,79,2,0
3,0,1,0,32,1281,222,0,0
1,1,0,0,31,6,243,0,0
0,1,0,0,29,119,136,0,0
0,0,0,0,58,1318,184,5,0
0,2,0,0,46,461,369,0,0
6,0,1,0,34,-694,62,0,0
0,1,1,0,26,63,76,0,0
10,1,-1,0,31,640,92,0,0
2,0,-1,0,54,1956,221,0,0
3,2,1,0,36,853,15,0,0
5,0,1,1,33,44,231,0,0
10,1,0,0,30,3026,251,1,0
0,0,0,0,31,29230,50,0,0
0,1,1,0,57,137,91,0,0
3,0,0,0,36,9,112,0,0
1,1,0,1,27,149,283,0,0
9,2,2,0,52,1697,153,0,0
3,0,2,0,53,-864,322,0,0
1,2,1,0,58,553,174,0,0
5,0,1,0,58,4348,790,1,0
10,1,0,0,22,691,260,1,0
-1,0,1,0,44,2319,251,0,0
0,0,0,0,51,409,203,0,0
3,0,2,0,47,362,111,0,0
3,1,1,0,41,495,379,0,0
1,1,-1,0,32,-301,176,0,0
5,2,1,0,61,4519,145,11,0
0,1,1,1,32,131,1152,0,0
0,0,1,0,55,5836,192,0,0
9,0,2,0,58,4605,197,0,0
5,0,1,0,51,50,178,0,0
5,0,1,0,42,-396,80,4,0
3,0,1,0,40,1515,503,0,0
3,0,2,1,57,195,185,0,1
6,2,1,0,34,78,35,0,0
2,1,0,0,51,15,104,0,1
3,1,1,1,32,188,144,0,0
0,0,0,0,30,14,90,0,0
1,0,1,0,44,2626,567,0,0
0,0,0,1,48,1167,264,0,0
1,0,1,1,27,241,889,0,0
4,0,0,0,53,-22,20,0,0
1,0,1,0,27,0,138,0,0
5,0,1,0,33,258,37,0,0
0,0,2,0,50,1458,92,0,0
0,0,0,0,34,1288,15,7,0
4,0,2,0,51,2525,184,0,0
3,1,1,0,30,0,271,4,0
6,0,1,0,39,1970,30,2,0
3,0,1,0,36,342,305,0,0
5,0,1,0,50,326,124,2,0
3,0,-1,1,56,982,135,0,0
3,0,1,0,32,129,119,0,0
0,0,0,1,34,0,129,0,0
0,0,0,0,45,1493,140,0,0
5,1,1,0,32,98,360,2,0
3,0,1,1,42,205,313,0,0
2,0,1,0,39,2139,576,1,0
3,0,1,0,47,3715,171,4,0
0,2,0,0,44,7541,55,1,0
3,2,2,0,30,1,63,0,0
6,1,1,0,54,8289,133,0,0
3,0,1,0,32,210,308,1,0
1,0,1,1,34,139,52,0,0
3,2,1,1,39,-202,157,0,1
4,0,1,0,54,3538,820,0,0
7,0,1,0,35,351,298,0,0
4,0,1,0,58,8332,164,4,0
2,0,0,0,35,0,74,4,0
3,0,2,0,40,570,109,0,0
1,0,1,0,46,363,346,3,0
3,0,1,1,28,-26,81,0,0
5,0,1,0,48,719,205,0,0
6,0,1,0,53,1461,262,0,0
1,1,1,0,22,28,121,0,0
0,0,0,0,53,0,1745,0,0
5,2,1,1,42,-551,147,0,0
6,2,1,0,52,1430,121,0,0
6,0,-1,0,54,0,686,1,0
0,0,-1,0,46,3082,157,0,0
0,0,0,1,56,0,422,0,0
1,1,0,0,32,0,268,0,0
1,1,0,0,34,2047,57,0,0
4,0,1,0,63,18016,371,0,0
5,1,1,0,27,3629,66,0,0
4,0,2,1,56,1906,45,0,0
3,0,2,0,58,99,215,0,0
10,1,1,0,22,280,63,0,0
3,1,2,0,48,316,560,0,0
3,0,2,0,47,4157,90,0,0
6,2,1,0,37,731,160,0,0
0,2,0,0,34,157,117,0,0
3,0,2,0,48,556,22,0,0
9,1,2,0,42,1179,136,4,0
3,0,2,0,37,-88,225,0,0
7,0,1,1,52,248,245,0,0
0,0,0,1,36,287,156,0,0
0,0,0,0,52,2063,114,0,0
3,1,1,0,26,1292,48,0,0
1,0,1,0,34,439,347,0,0
6,0,1,0,40,293,192,0,0
4,0,0,0,64,846,671,3,0
1,0,1,0,59,10925,100,0,0
3,0,2,0,58,96,76,0,0
1,1,1,0,25,1833,323,0,0
1,1,0,0,26,1216,472,0,0
0,2,0,1,54,2079,217,0,0
2,1,0,1,34,1709,288,0,1
6,0,1,0,40,181,370,0,0
0,0,1,0,41,49,534,0,0
6,2,1,0,33,1156,612,2,0
3,0,-1,0,36,444,139,2,0
7,0,0,0,45,424,141,0,0
3,0,2,0,44,-11,13,0,0
7,0,1,0,54,77,180,0,0
6,1,1,0,28,45,345,0,0
4,0,0,0,75,6027,809,4,0
0,0,0,0,36,0,308,0,0
9,0,2,0,58,0,148,0,0
1,1,1,1,25,102,574,0,0
3,1,1,0,34,283,151,0,0
1,0,0,0,33,2690,71,0,0
4,0,0,1,58,2577,290,0,0
4,2,1,0,55,2204,261,1,0
9,0,1,0,45,1623,192,0,0
1,2,0,0,46,405,231,0,0
4,0,1,0,72,1533,546,0,0
3,1,1,0,25,2007,265,0,0
0,1,1,0,27,1609,360,0,0
1,1,1,0,38,2990,612,0,0
0,0,-1,0,40,6,64,0,0
1,0,1,0,48,14148,85,0,0
7,0,0,1,28,476,630,0,0
0,0,0,0,59,3421,121,0,0
6,2,1,0,30,21,49,0,0
1,0,0,0,43,226,156,0,0
5,0,1,0,34,1689,423,0,0
0,1,0,0,33,20794,226,0,0
5,0,1,0,37,66,91,0,0
8,0,1,1,34,1243,157,0,0
3,0,1,0,42,-150,233,0,0
5,0,0,0,36,1145,198,3,0
1,1,1,0,32,287,59,0,0
5,0,1,0,40,0,193,0,0
1,0,1,0,36,0,248,0,0
9,2,1,0,37,1040,567,1,0
6,0,1,0,36,387,232,0,0
3,0,1,1,47,238,3076,0,0
0,1,0,1,25,115,60,0,0
8,0,1,0,59,957,301,2,0
3,0,2,0,38,467,379,0,0
10,1,1,0,25,1747,903,0,0
0,2,0,0,42,1775,276,0,0
6,2,1,0,46,2268,281,0,0
1,2,1,0,37,5957,64,2,0
3,0,1,0,56,659,148,3,0
5,0,1,0,47,642,197,2,0
1,0,1,1,42,-113,32,0,0
4,2,1,0,58,1080,1058,0,0
1,1,0,1,30,0,226,0,0
3,2,1,0,46,1815,232,0,0
1,0,1,0,33,95,190,0,0
1,1,1,0,30,11,363,0,0
6,0,1,1,52,-232,101,0,0
5,2,1,0,35,579,250,0,0
6,2,1,0,39,-718,90,0,0
3,0,2,1,53,805,136,2,0
3,2,2,0,58,835,296,0,0
1,2,1,0,53,522,230,0,0
3,0,-1,0,57,108,98,0,0
0,1,0,0,36,26,370,0,0
3,0,1,0,48,578,70,1,0
0,1,0,0,35,181,130,0,0
10,1,0,0,25,58,139,0,0
0,0,2,0,41,2592,500,0,0
5,0,1,0,36,11,121,0,0
9,2,0,0,57,3767,19,0,0
3,0,1,0,57,490,70,0,0
1,0,1,0,43,50,63,0,0
6,0,1,1,42,6754,81,0,0
0,0,1,0,31,678,249,4,0
2,0,0,0,46,-43,138,0,0
9,0,1,0,50,388,152,2,0
0,1,0,0,33,4782,217,0,0
-1,0,0,0,67,7687,70,0,0
7,0,1,0,40,31,174,6,0
3,0,2,0,55,761,67,0,0
2,0,0,0,47,459,189,0,0
0,1,0,0,33,4835,362,0,0
5,0,1,0,42,445,67,0,0
5,1,0,1,28,313,124,6,0
5,0,1,0,27,4144,132,0,0
1,0,1,0,37,95,454,0,0
0,1,0,0,33,432,588,0,0
6,1,1,1,39,0,286,0,0
8,1,1,0,25,771,86,0,0
6,1,1,1,25,5,84,0,0
7,0,-1,0,44,680,84,0,0
8,2,1,0,50,717,113,0,0
1,0,1,1,59,6,292,0,0
3,1,1,0,28,438,347,0,0
0,0,0,0,52,2578,412,0,0
1,0,1,0,43,714,255,0,0
3,2,1,1,59,0,237,0,0
0,0,0,1,46,-71,258,0,0
6,0,1,0,37,52,908,9,0
1,0,1,0,45,999,215,2,0
3,0,1,0,30,1196,147,0,0
1,1,1,0,35,175,223,0,0
0,2,0,0,45,2096,127,2,0
6,1,1,0,36,365,643,0,0
5,1,1,0,31,430,103,0,0
0,0,0,0,36,535,150,0,0
3,0,1,0,46,877,339,0,0
5,0,1,0,58,855,81,0,0
6,1,0,0,38,1222,237,0,0
0,0,0,0,56,705,164,0,0
4,0,2,0,61,3738,188,0,0
1,0,0,0,45,3168,109,0,0
5,2,1,0,35,45,167,0,0
7,0,0,0,46,-80,112,0,0
4,0,1,0,58,32948,364,0,0
2,2,0,0,38,1690,160,0,0
0,1,0,0,46,2904,984,0,0
3,0,1,0,35,-258,219,0,0
6,0,1,0,30,1743,192,0,0
3,0,2,0,55,82,292,0,0
6,0,1,0,36,52,498,7,0
3,0,2,0,43,-454,322,0,0
5,0,1,0,52,1004,144,0,0
3,0,2,1,44,612,1091,1,0
3,0,2,0,40,1613,541,0,0
0,0,2,0,58,1052,147,4,0
1,0,0,0,43,80,9,0,0
6,0,1,0,45,567,234,0,0
0,1,0,0,31,-1206,390,0,0
2,1,1,0,31,0,160,0,0
0,1,0,0,32,1017,166,1,0
1,0,1,0,57,1741,364,0,0
1,0,1,0,40,6,464,0,0
0,1,0,0,28,6321,204,0,0
1,0,0,1,31,1990,316,1,0
5,0,2,1,43,314,134,0,0
0,0,1,0,55,566,107,0,0
5,2,1,0,52,-402,151,0,0
5,1,1,0,30,69,997,0,0
5,0,1,0,48,1800,103,0,0
8,1,0,0,31,1489,678,0,0
2,0,-1,0,58,2445,1403,0,0
0,0,0,0,57,-22,463,0,0
1,0,1,0,57,1144,41,0,0
5,0,1,0,58,0,116,0,0
0,1,0,0,30,220,233,0,0
1,0,1,0,37,439,215,0,0
5,0,1,1,51,38,31,0,0
5,1,1,1,38,569,164,2,0
3,0,2,1,49,3,1439,0,0
8,1,0,0,37,0,108,0,1
1,0,1,1,39,-184,185,0,0
0,2,0,0,48,-625,125,0,1
3,0,1,0,41,16,553,0,0
4,0,2,1,56,133,322,0,0
3,0,1,0,34,223,91,0,0
0,0,0,0,49,64,208,1,0
1,2,0,0,55,1402,187,0,0
9,0,1,0,37,1558,499,0,0
5,0,1,0,47,70,144,2,0
6,0,1,1,43,384,277,0,0
1,1,1,1,27,3267,62,0,0
5,1,1,0,66,10177,272,0,0
5,1,1,0,36,3457,103,0,0
3,0,1,0,50,0,78,0,0
3,0,1,0,36,16402,406,0,0
3,1,1,0,23,492,638,0,0
5,0,1,0,49,2465,157,0,0
7,0,2,1,52,1750,39,0,0
1,1,1,0,33,810,133,0,0
6,1,1,0,37,1175,102,2,0
1,0,1,0,51,563,117,0,0
3,2,1,0,42,1037,271,0,0
0,0,1,0,36,3,250,0,0
3,0,1,0,31,822,185,0,0
7,1,1,0,34,3,301,0,0
1,1,0,0,44,607,119,0,0
0,0,0,0,40,-130,154,0,0
10,1,0,1,26,47,257,0,1
1,0,1,1,32,84,403,0,0
6,0,1,0,26,380,260,0,0
1,0,0,0,33,74,116,0,0
5,0,1,0,37,99,113,0,0
0,1,0,0,32,20,1151,0,0
6,0,1,0,39,150,243,0,0
5,1,1,0,31,757,343,0,0
5,1,1,1,31,523,323,5,0
3,0,2,0,45,292,961,0,0
9,0,2,0,49,0,42,0,0
3,0,1,0,35,4731,249,0,0
5,1,1,0,32,566,61,0,0
8,2,0,0,56,832,36,0,0
3,0,1,0,26,284,301,0,0
6,1,0,0,37,72,98,1,0
1,0,1,0,48,23495,63,0,0
5,1,1,0,34,663,111,0,0
9,0,2,0,41,884,322,0,0
0,0,0,0,40,5,219,0,0
4,0,0,0,62,4692,73,0,0
2,0,0,0,40,1729,85,0,0
7,0,0,0,35,2427,175,10,0
3,0,1,0,36,160,344,0,0
7,0,1,0,49,2576,64,0,0
3,1,-1,0,40,1074,504,0,0
0,0,0,0,55,0,607,0,0
5,2,1,0,32,43,218,0,0
6,0,1,0,41,0,114,0,0
9,0,2,0,56,657,211,0,0
10,1,-1,0,33,2321,699,2,0
0,1,1,1,44,-228,38,2,0
3,0,2,0,37,321,228,0,0
7,0,0,1,33,215,286,0,0
2,1,0,1,32,7641,39,0,0
6,2,1,0,45,-179,155,0,0
3,0,2,0,47,0,148,0,1
0,0,0,0,54,6525,231,4,0
0,0,0,0,34,0,262,2,0
2,2,1,0,42,31,120,0,0
1,0,1,0,40,286,106,0,0
1,1,1,0,32,1307,267,0,0
3,0,1,0,42,68,198,0,0
9,0,2,0,54,167,106,0,0
4,2,-1,0,81,0,128,0,0
0,0,-1,0,38,3053,178,0,0
3,0,2,0,36,856,39,0,0
6,0,1,0,40,0,297,3,0
1,0,1,0,35,35,358,0,0
3,1,1,1,31,-78,198,0,0
3,2,1,0,38,0,162,5,0
3,2,1,1,37,277,338,0,0
5,0,1,0,45,-173,315,0,0
8,1,1,0,42,2613,174,0,0
6,1,1,0,37,50,244,8,0
1,1,1,0,28,1532,279,0,0
1,0,1,1,53,137,52,1,0
4,0,1,1,59,2291,190,3,0
4,0,1,0,60,1210,231,0,0
6,0,1,0,37,217,152,0,0
5,2,1,0,52,-342,153,0,0
3,1,1,0,27,3792,504,2,0
6,0,0,0,55,2877,305,2,0
6,0,1,0,37,358,390,0,0
2,0,1,0,54,2791,94,0,0
5,1,0,0,36,5007,135,4,0
9,0,2,1,41,379,9,0,0
3,0,1,1,30,399,282,0,0
0,0,0,0,31,22546,88,0,0
2,0,1,0,36,35,517,0,0
9,0,0,0,53,2353,471,0,0
8,0,0,0,43,58,48,0,0
2,0,0,0,38,898,132,0,0
2,0,0,0,36,2700,99,0,0
3,2,2,0,35,-5,48,0,0
3,2,2,0,57,5041,284,1,0
4,0,0,0,52,2269,1210,0,0
3,1,1,0,26,4146,628,0,0
9,0,1,0,32,30,245,0,0
1,0,1,0,39,462,157,0,0
0,0,2,1,52,0,121,0,0
2,0,1,0,38,868,452,0,0
3,0,1,0,32,456,121,0,0
3,0,2,0,51,4712,172,0,0
0,0,-1,0,47,150,52,0,0
7,0,1,0,49,294,230,0,0
9,2,2,0,50,94,184,0,0
0,0,0,0,39,380,77,0,0
0,0,0,0,38,1221,258,0,0
1,2,1,0,30,3100,125,4,0
1,1,1,0,27,584,192,0,0
6,0,2,0,56,219,130,0,0
3,2,1,0,37,0,146,0,0
3,0,1,0,38,4586,784,0,0
5,1,0,1,23,314,142,0,0
1,0,0,1,50,0,257,7,0
1,0,1,0,29,23,163,2,0
6,1,1,0,27,1820,1027,0,0
0,0,0,0,37,1330,60,0,0
6,0,1,0,33,0,192,0,0
10,1,-1,0,38,722,65,0,0
8,1,0,0,39,79,369,0,0
3,0,2,0,43,1401,195,0,0
7,2,1,0,36,-38,244,0,0
5,0,0,0,31,323,120,0,0
5,1,0,0,30,33,396,0,0
3,2,1,0,50,-1,151,0,0
6,0,1,0,50,1545,56,0,0
1,0,1,0,31,-556,115,0,0
0,0,0,0,29,2451,58,0,0
3,0,1,1,30,12697,95,0,0
6,1,1,1,23,105,305,0,0
1,0,0,1,28,1198,57,0,0
1,0,0,0,54,258,310,0,0
6,0,1,1,36,143,350,0,0
4,0,2,0,60,0,104,0,0
6,0,1,0,30,-932,349,0,0
0,0,0,0,39,1738,633,1,0
0,2,0,0,50,3211,146,0,0
2,0,1,1,54,0,209,0,0
1,1,1,0,35,23,113,0,0
1,2,0,0,47,8422,200,0,0
5,0,1,0,35,643,346,0,0
6,0,1,0,45,692,506,0,0
1,0,1,0,45,1028,113,0,0
3,0,2,1,43,1,649,0,0
0,0,0,0,38,551,1875,0,0
3,0,2,0,57,1075,164,0,0
0,0,0,0,36,539,176,0,0
3,2,1,0,41,388,605,0,0
0,0,0,1,40,42,215,0,0
7,0,0,0,33,-103,268,0,0
1,1,0,0,27,401,218,2,0
0,0,1,0,40,406,577,0,0
7,0,0,0,43,488,190,0,0
5,2,0,0,35,262,690,4,0
6,0,1,0,32,-479,142,0,0
0,0,1,0,53,-689,242,0,1
3,0,1,1,46,1232,300,8,0
3,0,2,0,26,3529,100,0,0
2,0,1,0,44,887,519,2,0
6,0,1,0,33,174,45,1,0
3,0,1,1,39,1045,290,0,0
6,0,1,0,58,382,384,0,0
6,2,1,0,34,797,88,1,0
0,0,1,0,58,37,84,0,0
6,0,1,0,42,0,17,0,0
0,0,0,0,42,2463,183,0,0
0,1,0,0,33,1530,88,0,0
0,2,0,0,41,8106,39,0,0
1,0,1,0,59,478,108,0,0
3,0,1,0,42,380,124,0,0
4,0,2,0,57,0,394,0,0
5,0,1,0,38,532,95,0,0
3,0,2,0,44,-298,296,0,0
0,0,0,1,37,767,204,0,0
2,0,1,0,55,27624,437,0,0
3,2,2,0,50,602,225,0,0
1,0,1,0,46,57,796,0,0
6,1,1,1,32,344,21,9,0
3,0,1,0,47,1001,201,0,0
5,0,1,1,31,5,101,0,0
3,0,1,0,35,3188,288,0,0
8,1,2,0,28,236,460,0,0
5,0,1,0,34,0,30,0,0
9,0,2,0,40,322,140,0,0
1,1,1,0,26,75,337,0,0
6,1,0,0,33,1595,296,0,0
8,1,0,0,31,381,42,0,0
1,0,2,1,50,-315,173,0,0
0,1,0,0,39,0,13,2,0
5,1,1,0,46,1790,214,0,0
0,1,0,0,40,383,106,0,0
5,1,1,1,35,0,480,0,0
1,0,-1,0,59,1471,7,0,0
3,1,1,0,39,0,9,10,0
2,0,0,0,42,1654,116,0,0
0,0,0,0,42,298,214,6,0
3,1,2,0,59,96,123,0,0
6,2,1,0,37,652,177,0,0
7,0,1,0,55,-196,210,0,0
3,0,1,0,46,1352,193,0,0
0,0,1,1,38,3840,62,0,0
6,1,1,0,27,3110,356,0,0
1,0,1,0,54,1076,338,0,0
3,1,-1,0,38,1146,84,0,0
1,0,1,0,50,0,152,0,0
8,2,1,0,45,-44,256,0,0
5,2,1,0,33,420,112,0,0
2,0,2,1,55,38,63,0,0
4,0,0,0,60,81,101,0,0
5,0,1,0,41,1794,135,0,0
3,0,1,1,32,2353,334,0,0
3,0,2,0,47,320,203,0,0
5,0,1,1,38,338,191,0,0
3,0,2,0,45,91,239,0,0
1,2,0,1,26,-70,1992,0,0
6,0,1,0,47,1306,252,0,0
4,0,1,0,57,663,107,0,0
6,0,1,0,38,4392,32,0,0
0,1,0,0,32,27,146,0,0
5,0,1,0,32,-458,143,0,0
3,0,1,0,44,2885,63,0,0
3,0,2,0,36,1925,904,0,0
3,0,2,1,41,795,150,0,0
2,0,0,0,50,861,117,0,0
0,0,0,0,40,4539,256,1,0
1,0,0,0,57,4043,122,0,0
1,1,0,0,40,825,38,1,0
1,0,1,0,31,-367,474,0,1
1,0,0,0,35,188,286,0,0
2,0,1,0,36,-280,6,0,0
2,0,0,0,39,1654,376,0,0
1,1,1,1,37,265,140,2,0
0,0,0,1,36,-1312,229,0,0
5,2,1,0,33,479,74,0,0
5,1,0,0,29,514,270,0,0
0,1,0,1,40,15,4,0,0
1,0,0,0,39,209,36,0,0
6,1,1,1,31,469,111,0,0
1,1,1,0,34,95,119,0,0
0,0,0,0,57,179,190,0,0
0,2,0,0,46,624,420,1,0
0,0,0,0,42,372,153,2,0
3,1,1,1,29,-16,201,0,0
3,2,2,0,42,299,305,2,0
6,1,1,0,31,712,38,0,0
0,1,0,0,31,391,454,0,0
1,0,1,0,30,0,541,0,0
3,0,2,0,45,185,78,0,0
10,1,1,0,22,254,143,0,0
4,1,1,0,53,1421,225,0,0
0,0,0,0,44,1286,268,0,0
4,0,1,0,61,483,164,0,0
4,0,-1,0,77,1807,373,0,0
8,1,1,0,33,427,12,0,0
3,0,1,0,36,-147,156,0,0
5,0,1,0,37,-47,122,0,0
7,0,1,0,40,1749,767,0,0
1,0,1,0,31,180,299,0,0
1,2,0,0,37,1762,309,1,0
0,0,0,0,35,0,391,5,0
5,1,1,0,39,102,293,0,0
1,1,1,0,32,4069,273,0,0
3,0,1,1,32,-249,189,0,0
6,1,1,0,30,268,86,0,0
3,0,1,0,46,2297,16,0,0
-1,0,-1,0,68,4092,329,0,0
1,2,1,0,35,556,214,0,0
3,1,1,0,33,1387,185,0,0
3,0,1,0,36,222,188,0,0
1,1,0,0,28,676,1138,0,0
1,1,0,1,34,144,104,19,0
0,1,0,0,35,620,57,0,0
1,1,1,0,31,1771,81,0,0
1,2,1,0,57,164,139,0,0
0,0,0,0,56,563,100,1,0
6,0,1,0,49,-507,148,0,0
3,1,2,0,39,561,88,0,0
9,0,1,0,39,42,120,0,0
3,0,1,1,37,-399,21,0,1
6,0,1,0,55,224,180,0,0
3,0,1,0,35,5417,303,0,0
6,1,1,0,47,176,303,0,0
0,0,1,0,36,1825,24,1,0
3,1,1,0,38,711,254,1,0
6,0,1,0,52,1386,100,0,0
0,0,0,0,43,78,36,1,0
1,1,0,0,38,69,253,0,0
3,0,2,0,39,3503,89,0,0
3,0,2,0,44,753,151,0,0
0,0,0,0,37,0,91,0,1
3,0,2,0,59,699,88,0,0
3,0,1,0,36,576,290,0,0
1,1,1,0,35,317,292,0,0
0,0,0,0,51,0,151,0,0
0,2,0,0,51,1267,254,0,0
0,1,0,0,27,321,173,1,0
6,2,1,0,40,1959,177,0,0
6,2,1,0,52,2455,289,0,0
0,1,0,0,41,-426,294,0,0
5,0,-1,0,57,0,215,0,0
1,0,1,0,43,212,78,0,0
0,0,0,0,42,477,413,3,0
3,0,1,0,31,1599,49,0,0
0,0,0,1,51,333,234,0,0
2,2,1,0,40,1247,445,0,0
1,1,1,0,34,649,124,0,0
0,1,0,0,45,819,25,0,0
0,0,0,0,33,1522,171,3,0
0,1,0,0,32,311,757,0,0
1,1,0,0,36,1324,85,0,0
3,0,2,0,53,1942,185,0,0
6,0,1,0,40,809,114,0,0
3,1,1,1,25,-2,273,0,0
1,1,1,0,34,1091,252,0,0
0,0,0,0,30,900,123,2,0
3,0,1,1,51,1151,125,0,0
1,0,1,0,35,-1459,28,0,0
5,0,1,1,46,547,114,0,0
7,0,0,0,42,0,650,0,0
7,0,1,1,53,248,99,3,0
8,1,1,1,37,490,739,3,0
1,0,1,0,37,0,657,1,0
0,0,1,1,52,0,62,0,0
0,0,0,0,27,145,103,0,0
3,0,2,0,36,59,225,0,0
3,0,2,0,49,355,253,0,0
4,0,0,0,56,478,97,0,0
0,0,2,0,50,313,958,0,0
2,0,0,0,41,102,323,0,0
2,0,0,0,47,3659,364,0,0
5,0,1,1,54,812,83,0,0
3,1,1,0,36,767,77,0,0
1,1,1,0,31,271,269,0,0
1,1,1,0,31,0,16,0,0
1,0,1,0,45,858,617,2,0
1,1,1,0,29,674,483,5,0
3,0,1,1,31,652,281,0,0
3,0,2,0,39,1387,52,0,0
4,0,2,0,60,600,99,0,0
5,1,1,1,32,314,91,1,0
3,1,1,0,39,0,864,0,0
3,0,1,1,50,464,426,0,0
0,0,1,0,39,13578,185,0,0
0,2,1,0,36,1655,155,0,0
4,0,1,1,56,753,314,0,0
3,0,1,0,40,1245,306,0,0
3,1,1,0,27,153,198,1,0
7,2,0,0,44,1070,381,2,0
2,0,0,0,49,388,142,0,0
7,1,0,0,27,270,470,0,0
7,0,1,0,47,1803,188,0,0
6,2,1,0,26,74,106,0,0
1,2,1,1,54,0,62,5,0
0,2,0,1,42,621,87,0,0
5,0,1,0,36,0,378,0,0
6,0,1,0,26,25,94,0,0
3,1,1,0,34,62,105,0,0
3,0,-1,0,50,452,181,0,0
6,2,1,0,49,505,162,0,0
10,1,0,0,28,3717,177,0,0
6,0,1,0,34,0,160,0,0
3,1,1,0,26,339,165,0,0
3,1,1,0,35,487,117,0,0
10,1,1,0,27,1566,164,0,0
1,2,1,0,43,73,324,0,1
5,0,1,0,45,0,73,0,0
-1,0,-1,0,77,397,207,3,0
-1,1,0,0,49,2226,138,0,0
5,2,1,0,32,1288,286,0,0
7,0,0,0,36,634,369,0,0
1,1,1,1,30,1692,141,0,0
8,1,2,0,43,264,224,0,0
0,1,0,0,33,0,191,0,0
6,0,1,0,43,87,183,0,0
3,0,1,1,31,-720,112,0,0
0,1,0,0,35,688,504,0,0
6,2,1,0,34,1826,212,0,0
3,0,2,0,47,113,276,0,0
0,1,0,0,30,188,66,0,0
0,1,0,0,30,536,362,2,0
6,2,1,0,37,75,160,0,0
1,0,0,1,34,0,101,0,0
3,0,1,0,40,187,53,0,0
0,0,0,0,43,14355,52,0,0
4,0,1,0,60,0,94,0,0
0,1,0,0,31,606,111,0,0
6,1,1,0,27,87,260,0,0
7,1,0,0,34,0,48,1,0
5,0,1,1,56,346,46,0,0
4,0,1,0,62,3114,243,1,0
9,0,2,0,43,685,77,0,0
0,1,0,0,39,406,68,0,0
5,1,1,0,40,816,114,0,0
0,1,0,1,33,373,259,0,0
3,0,1,0,48,685,387,0,0
0,0,0,0,36,254,161,0,0
0,0,0,0,45,-192,138,0,0
9,1,1,0,31,0,293,0,0
0,0,0,0,60,3029,26,0,0
4,2,2,0,53,1126,92,0,0
3,0,2,0,48,5366,248,0,0
5,2,1,0,46,-60,117,0,0
1,0,1,1,26,18,138,0,0
3,0,-1,0,47,170,175,0,0
0,0,0,1,31,1164,238,0,0
0,1,0,0,30,3849,115,0,0
2,1,1,0,37,2543,69,0,0
0,0,0,0,38,179,317,0,0
3,1,2,0,25,2483,1499,0,0
6,1,1,0,35,7242,215,0,0
5,1,2,0,40,1970,579,0,0
0,0,0,0,41,1234,68,0,0
3,0,2,1,48,0,67,0,0
1,0,1,1,48,1939,163,0,0
3,0,1,0,32,169,291,0,0
3,1,2,0,39,446,183,0,0
7,0,1,0,36,1184,1063,0,0
4,0,2,0,59,1427,140,0,0
6,1,1,0,35,0,305,0,0
5,2,0,0,59,39,67,0,0
3,2,1,0,35,0,129,0,0
0,1,0,0,22,103,130,0,0
6,0,1,0,35,128,136,0,0
8,1,2,0,28,236,193,3,0
3,0,2,0,29,236,554,0,0
0,0,1,0,57,1026,52,0,0
5,1,1,0,27,1327,339,9,0
10,1,-1,0,29,2929,232,4,0
3,2,1,0,37,333,73,0,0
6,2,1,1,41,1838,242,0,0
3,0,1,1,39,94,181,0,0
1,0,0,0,58,0,540,0,0
3,2,2,0,35,1077,25,0,0
5,0,1,0,32,31,125,1,0
0,2,0,0,48,0,110,0,0
8,1,1,0,38,2470,131,1,0
5,1,1,1,44,985,9,19,0
5,1,1,0,25,0,172,0,0
5,0,1,0,32,97,165,1,0
10,1,0,0,29,0,52,0,0
1,1,0,0,33,461,189,0,0
0,0,1,1,35,-550,874,0,1
4,0,2,0,59,488,231,0,0
2,0,2,0,38,0,172,0,0
3,0,1,0,51,568,37,0,0
1,1,0,0,32,6281,1336,0,0
3,0,2,0,38,668,238,0,0
3,0,2,0,42,-67,128,0,0
3,0,2,1,58,3108,53,0,0
6,0,1,0,35,1053,25,0,0
10,1,1,0,30,96,291,0,0
7,0,1,0,46,548,1181,0,0
5,1,1,0,33,-15,326,2,0
3,0,1,0,36,0,52,0,0
1,0,1,1,46,68,111,3,0
0,1,0,1,31,296,509,0,0
1,1,1,0,38,4359,170,0,0
8,0,2,0,44,1,229,0,0
3,1,1,0,37,243,167,0,0
1,0,1,0,52,-384,114,0,0
1,1,1,0,34,258,103,0,0
10,1,1,0,27,2015,87,1,0
0,0,0,0,37,1094,101,0,0
10,1,1,0,26,0,1223,0,0
9,0,1,0,49,183,206,0,0
1,2,1,0,59,2595,398,0,0
0,1,0,1,32,656,148,0,0
6,0,1,0,30,4,188,0,0
5,0,1,0,48,-379,599,0,0
0,0,0,0,52,0,77,0,0
1,0,1,0,44,-199,692,3,0
3,0,1,0,30,2493,293,0,0
3,0,2,0,35,602,467,0,0
1,0,0,0,36,579,80,0,0
1,1,1,1,33,0,47,4,0
4,2,2,0,55,1420,655,0,0
9,2,2,0,59,259,166,0,0
1,0,0,0,35,703,169,0,0
3,1,1,0,28,-46,154,12,0
3,0,2,0,40,607,432,0,0
3,0,1,0,42,-336,151,0,0
1,2,1,0,44,181,302,0,0
9,0,2,0,42,1343,404,0,0
1,0,1,0,31,1230,7,0,0
3,0,2,0,39,12,210,0,0
1,1,0,0,27,15161,74,1,0
10,0,0,0,28,327,104,0,0
1,0,1,0,32,11697,296,0,0
0,0,0,0,36,0,90,0,0
6,2,1,0,36,54,355,0,0
5,0,1,0,41,-120,76,0,1
5,0,1,0,33,82,735,0,0
8,0,2,0,56,122,72,0,0
10,1,1,0,27,833,359,0,0
0,2,0,0,34,488,4,0,0
3,1,-1,0,34,-90,20,1,0
5,0,1,0,32,366,366,0,0
6,0,1,1,37,-1006,226,0,0
1,1,0,0,30,190,33,0,0
0,0,0,0,32,7743,358,0,0
0,2,0,0,45,-901,86,0,0
4,0,0,0,59,4589,94,0,0
0,0,0,0,36,9,386,0,0
3,0,1,0,47,-216,197,3,0
2,0,1,0,59,496,738,1,0
1,1,1,0,44,244,1735,0,0
1,0,1,1,48,0,44,0,0
4,0,2,0,70,2795,301,0,0
2,2,0,0,54,20527,66,0,0
6,0,1,1,39,-971,104,0,0
1,1,1,1,32,674,169,3,0
4,0,1,0,56,5879,237,0,0
1,1,1,0,31,1188,82,0,0
0,1,0,0,30,617,192,0,0
0,0,0,0,50,29,83,20,0
1,1,1,0,38,1655,392,0,0
0,0,0,0,35,171,204,0,0
6,0,1,0,28,38,16,3,0
0,0,0,1,58,913,326,0,0
0,0,2,0,48,1513,166,0,0
0,0,0,0,60,474,415,3,0
8,0,0,1,26,454,28,0,0
7,0,1,1,30,421,62,0,0
6,0,1,0,47,49,250,0,0
9,0,2,0,53,0,148,0,0
0,1,0,0,46,2044,25,0,0
0,0,0,1,34,997,81,0,0
5,1,1,0,34,407,407,0,0
3,2,1,0,59,3573,44,0,0
1,1,1,0,33,-242,49,0,0
3,0,2,0,39,780,311,0,0
0,0,1,0,49,0,156,0,0
0,0,0,0,54,69,113,0,0
8,1,2,0,31,163,707,1,0
1,0,1,0,33,0,296,0,0
1,0,1,0,53,944,799,0,0
6,0,1,0,53,1194,166,0,0
3,1,1,0,39,1967,156,0,0
0,0,0,0,52,-1224,253,0,0
0,0,0,0,46,212,515,0,0
1,0,2,0,53,311,82,0,0
0,1,0,0,35,0,147,0,0
3,0,2,0,41,595,54,0,0
1,0,-1,0,55,851,138,2,0
1,1,1,0,34,951,343,0,0
0,1,0,0,30,398,102,3,0
1,0,0,0,33,145,262,0,0
7,0,1,0,44,465,160,0,0
5,0,1,0,37,0,107,0,0
3,0,1,0,37,242,139,0,0
0,0,0,0,37,708,32,3,0
0,0,0,0,48,1175,1476,0,0
0,1,0,0,45,2571,54,0,0
3,0,1,0,36,426,59,0,0
0,1,1,0,43,465,78,0,0
0,0,1,0,45,446,304,0,0
4,0,2,0,68,7945,252,1,0
0,0,0,0,57,3431,55,1,0
1,0,-1,0,37,189,238,2,0
1,0,1,0,36,-179,476,1,0
6,0,1,0,32,605,164,0,0
0,0,0,0,30,2960,370,0,0
5,1,1,0,38,262,315,6,0
1,2,1,0,42,305,82,0,0
3,0,1,0,36,1193,640,0,0
5,0,1,0,27,1475,472,0,0
1,0,1,0,45,89,175,0,0
6,2,1,0,36,3,15,0,0
0,0,0,0,36,871,170,0,0
5,0,1,0,43,101,131,3,0
3,0,2,0,50,5131,114,0,0
3,1,1,0,35,270,216,0,0
5,0,1,1,36,0,101,0,0
2,0,2,0,49,10772,89,0,0
1,0,1,0,44,310,200,1,0
0,1,0,0,39,633,105,3,0
2,0,0,0,46,9,126,0,0
3,1,1,0,37,263,143,0,0
9,2,0,0,41,9767,162,0,0
7,0,1,0,33,0,73,0,0
1,2,1,0,44,-865,334,0,0
0,0,0,1,34,349,133,3,0
0,2,1,0,52,-607,449,0,0
0,1,0,0,30,12569,87,0,0
6,1,1,0,39,315,14,0,0
0,0,0,0,56,21664,214,0,0
5,0,1,1,54,191,44,0,0
5,1,1,0,29,-498,99,14,0
3,0,-1,0,55,890,1329,0,0
1,0,1,0,58,8153,134,0,0
5,0,2,0,39,237,215,0,0
0,0,0,0,39,151,692,0,0
0,0,0,0,47,0,65,0,0
3,0,1,0,40,1225,558,0,0
3,1,1,0,31,0,273,0,0
4,0,1,0,67,203,405,2,0
1,1,1,0,34,201,257,0,0
1,0,1,0,35,14,23,0,0
1,1,1,0,45,21,72,0,0
2,0,1,0,56,1272,290,0,0
1,0,2,1,48,-530,119,0,1
0,2,0,0,44,5773,597,0,0
7,1,0,0,32,1815,235,2,0
1,0,1,0,37,41,127,0,0
1,0,1,0,45,3460,116,0,0
6,1,0,0,27,3021,388,0,0
3,1,1,0,31,982,182,0,0
3,0,2,0,43,-127,102,0,0
0,0,1,0,39,313,125,0,0
6,1,1,0,23,210,507,0,0
1,2,1,0,31,268,118,0,0
1,0,-1,1,35,3,124,0,0
0,0,1,0,33,588,11,0,0
0,2,0,0,39,3261,150,0,0
1,0,1,0,53,264,429,0,0
0,1,0,0,39,1515,815,6,0
0,0,0,0,50,4374,163,3,0
2,0,1,0,53,111,600,2,0
5,0,1,0,52,-462,172,0,0
7,1,0,0,25,42,320,0,0
1,1,1,1,32,0,195,0,1
3,0,2,0,42,1978,68,0,0
5,1,-1,0,42,-138,109,0,0
1,0,1,0,35,783,772,0,0
0,0,0,0,49,395,336,0,0
0,0,0,1,31,1720,104,0,0
6,0,1,1,40,-378,541,6,0
0,0,2,0,52,798,123,0,0
4,2,2,0,70,482,413,3,0
0,1,0,0,29,308,162,1,0
3,0,1,0,47,5306,322,0,0
4,0,0,0,74,1124,200,0,0
5,0,0,0,27,73,374,1,0
0,1,0,0,28,150,491,0,0
7,0,1,0,36,96,125,0,0
3,0,2,0,50,5872,762,0,0
5,1,1,0,36,587,239,0,0
0,1,0,0,28,2380,394,0,0
0,0,0,0,31,607,200,0,0
7,1,0,1,32,562,84,0,0
6,1,1,0,32,259,363,0,0
3,0,2,1,59,3587,118,0,0
3,1,1,1,29,1296,275,1,0
3,1,1,0,34,19833,84,1,0
5,0,1,1,27,-393,235,0,0
2,0,0,0,44,5156,54,0,0
3,0,2,0,37,190,17,0,0
0,0,0,0,31,271,89,0,0
1,0,1,0,41,-329,13,9,0
0,0,0,0,39,1209,60,0,0
2,1,0,0,29,135,245,1,0
3,0,1,0,48,5306,66,1,0
5,0,1,0,34,1474,739,0,0
5,0,1,0,37,96,102,3,0
5,0,1,0,34,0,38,0,0
5,0,1,0,41,1021,224,0,0
5,0,1,1,28,6429,345,0,0
6,1,1,0,31,0,231,0,0
0,0,0,0,37,11391,103,0,0
0,1,0,0,29,-11,164,0,0
5,0,1,1,51,21,157,0,0
0,1,0,0,28,282,301,0,0
0,0,0,0,34,82,134,0,0
6,1,1,1,28,-116,276,0,0
5,0,1,0,30,187,56,1,0
1,0,1,0,35,149,99,2,0
10,1,0,0,39,1107,407,0,0
0,0,0,0,44,529,129,0,0
1,1,0,0,38,1113,34,0,0
2,0,0,0,58,364,168,0,0
9,0,2,0,56,954,81,0,0
5,2,1,0,43,777,130,0,0
1,1,0,0,30,187,66,0,0
5,1,1,0,40,985,592,8,0
2,0,0,0,46,4726,405,0,0
0,2,0,0,35,1723,862,0,0
0,0,0,0,41,371,81,0,0
1,0,1,0,38,5115,318,7,0
5,0,1,0,57,6005,704,6,0
3,1,2,0,32,405,200,0,0
7,0,0,0,32,518,462,0,0
1,1,1,0,45,29,86,1,0
6,1,-1,1,25,-501,156,0,0
1,0,1,1,45,1786,78,0,0
1,0,1,0,45,4466,110,0,0
6,0,1,0,31,640,411,0,0
4,0,2,0,85,12114,165,0,0
8,0,1,0,32,11524,289,0,0
2,1,0,0,54,5417,376,0,0
5,2,1,0,49,283,614,0,0
2,0,1,1,42,-480,351,0,0
2,0,-1,1,34,98,268,0,0
2,0,0,0,43,-250,104,0,1
1,0,1,1,37,-796,299,0,0
1,2,1,0,45,441,535,0,0
1,2,0,0,55,525,28,4,0
0,0,0,0,34,581,182,0,0
6,1,0,0,26,12,563,10,0
3,1,1,0,28,1,181,0,0
4,0,1,1,55,103,57,0,0
1,0,1,0,51,216,615,0,0
0,0,1,1,34,1105,136,0,0
6,1,0,0,35,0,704,0,0
8,0,1,0,48,11371,109,0,0
8,0,1,0,34,428,221,3,0
3,0,1,0,52,408,338,0,0
3,0,1,0,37,954,402,0,0
5,2,1,0,38,661,160,0,0
4,0,1,1,57,712,824,0,0
3,0,1,0,36,108,348,0,0
1,0,1,0,41,-4,171,0,0
2,0,0,0,52,-2,245,0,1
6,2,0,1,43,2279,344,0,0
3,0,1,0,35,94,75,0,0
0,0,0,0,34,1116,120,5,0
3,0,2,0,43,-25,254,2,0
0,0,1,0,50,2717,188,0,0
5,0,-1,0,44,-299,268,0,0
3,0,1,1,34,4622,217,0,0
6,0,1,0,38,309,160,0,0
3,2,1,0,40,701,159,0,0
9,2,2,0,58,3858,53,0,0
3,0,-1,0,36,722,242,2,0
1,1,1,0,34,2131,53,0,0
0,0,2,1,53,72,22,0,0
2,0,0,1,53,1046,50,0,0
4,0,1,0,66,154,66,0,0
3,0,2,0,49,584,167,1,0
0,0,0,0,37,355,340,0,0
10,1,0,0,27,524,496,0,0
6,0,1,1,33,0,172,0,0
3,0,1,0,48,4259,84,0,0
0,1,0,0,34,0,174,0,0
3,0,2,1,50,14,68,0,0
3,0,1,1,60,-223,282,0,0
1,2,1,0,56,146,419,0,0
6,2,1,0,36,115,201,0,0
0,1,0,1,38,93,394,0,0
5,0,1,0,41,2498,411,0,0
3,1,1,0,23,9,544,0,0
3,0,2,0,33,1416,60,0,0
7,0,2,0,44,4,327,0,0
8,1,1,0,26,111,537,0,0
3,2,1,1,36,313,264,0,0
0,1,0,0,35,945,188,0,0
5,0,1,0,43,1138,132,0,0
1,0,0,0,56,-736,258,0,1
1,1,1,0,34,2583,64,2,0
8,0,1,0,49,8399,596,0,0
1,0,-1,0,46,304,202,0,0
0,1,0,0,28,4937,421,0,0
5,0,0,0,48,960,286,0,0
0,0,0,0,36,549,151,2,0
1,0,2,0,55,284,70,0,0
1,1,0,0,26,3628,151,0,0
0,0,0,0,36,0,222,0,0
3,0,1,1,36,79,74,0,0
10,1,1,0,30,459,98,22,0
4,0,1,0,80,2354,739,2,0
0,1,0,0,32,739,266,0,0
6,2,1,0,43,206,436,0,0
6,1,1,0,35,155,285,0,0
3,0,1,0,49,2673,219,0,0
2,1,0,0,31,734,295,4,0
0,0,0,0,41,517,251,0,0
5,0,1,1,45,1097,174,1,0
5,1,1,0,41,621,111,0,0
0,1,0,1,25,6,225,0,0
4,0,2,0,58,0,204,0,0
0,0,0,0,60,3401,121,2,0
0,2,1,1,53,1355,447,8,0
10,1,0,0,27,13107,661,2,0
3,0,2,0,30,-93,173,0,0
5,0,1,0,32,-1272,606,0,0
4,2,0,0,57,734,1357,0,0
1,1,1,0,35,11423,107,0,0
1,0,1,0,28,-92,873,0,0
1,0,0,0,35,2188,680,0,0
5,0,0,0,35,948,86,0,0
10,1,1,0,25,108,305,0,0
10,1,1,0,30,2046,133,0,0
0,0,0,0,54,752,211,4,0
3,1,1,0,23,336,500,0,0
1,0,0,0,39,0,894,0,0
5,0,1,0,41,3855,657,0,0
4,2,1,0,71,0,771,1,0
3,0,2,0,44,23,135,0,0
6,1,1,1,37,105,260,0,0
2,0,0,0,58,7198,44,0,0
3,0,1,0,29,832,228,0,0
3,2,1,0,42,1820,202,0,0
3,0,1,1,30,-166,255,0,0
3,1,1,0,24,-169,366,0,0
0,0,-1,0,50,8345,561,0,0
5,0,1,0,35,2,194,0,0
7,0,0,0,28,0,339,0,0
9,0,-1,0,42,302,342,0,0
6,0,1,1,38,-762,408,0,0
1,0,0,1,30,526,677,0,0
0,0,0,0,32,937,61,1,0
7,2,0,0,54,1323,83,4,0
0,0,0,0,53,8627,66,0,0
5,1,1,0,48,-58,123,0,0
4,0,-1,0,59,1116,353,0,0
2,0,0,0,45,0,100,0,0
0,0,0,0,49,2037,10,0,0
5,0,1,0,36,606,102,0,0
6,0,1,0,41,121,41,1,0
7,1,0,0,29,805,132,7,0
3,0,1,0,50,3558,84,0,0
0,0,1,0,33,336,179,0,0
2,1,0,1,29,430,624,0,0
0,2,0,1,32,312,886,0,0
5,2,1,1,49,124,125,0,0
3,0,2,0,42,636,91,0,0
1,1,0,1,36,53,64,0,0
3,1,1,0,25,1429,187,0,0
5,1,1,0,46,533,71,0,0
8,1,2,0,54,199,532,0,0
3,0,1,0,55,660,348,0,0
0,0,0,1,44,-367,206,0,0
9,0,2,0,51,605,270,0,0
1,0,1,0,44,584,78,0,0
0,0,2,0,40,395,232,0,0
0,0,0,0,57,0,67,0,0
1,0,1,0,45,1118,27,0,0
3,0,1,0,37,15801,456,0,0
9,0,2,0,40,746,246,0,0
5,0,1,0,47,2601,261,0,0
7,0,1,1,39,167,330,0,0
0,0,1,0,57,262,276,0,0
3,0,1,0,40,231,69,0,1
5,0,1,0,48,933,446,0,0
1,0,1,0,41,7870,48,0,0
10,1,1,0,27,91,157,37,0
7,1,0,0,34,2800,668,0,0
3,0,2,1,49,247,283,0,0
5,2,1,0,39,1089,128,0,0
6,0,1,0,33,22,71,0,0
1,2,1,0,53,28,293,0,0
5,2,1,1,39,141,249,0,0
3,0,1,0,30,177,62,3,0
8,0,1,1,47,351,370,0,0
0,0,0,0,52,-11,94,0,0
1,0,0,0,35,8029,167,4,0
10,1,1,0,25,2354,149,7,0
1,0,1,0,36,-355,89,0,0
4,0,1,0,60,7038,138,0,0
0,2,0,1,41,25,117,0,0
9,0,2,0,46,103,186,0,0
6,0,1,0,40,771,173,0,0
1,1,1,1,39,2321,203,0,0
6,2,2,0,49,90,126,0,0
6,1,1,1,27,223,297,0,0
3,0,1,0,38,220,207,0,0
4,0,0,0,61,5267,212,3,0
0,1,0,0,32,0,121,0,0
1,0,1,0,47,0,81,1,0
0,0,0,0,36,200,131,0,0
0,2,0,0,31,294,536,0,0
7,0,1,0,37,119,68,0,0
0,0,0,0,59,4606,194,2,0
3,0,2,0,36,0,39,0,0
5,0,-1,0,36,991,589,0,0
3,1,1,0,32,1342,109,0,0
4,0,1,0,55,168,79,0,0
4,2,2,0,64,1840,237,4,0
3,1,2,0,30,253,259,0,0
7,0,2,0,58,728,112,0,0
3,1,1,0,25,1163,262,0,0
3,0,1,0,51,1414,422,2,0
3,1,1,1,31,369,30,0,0
1,0,-1,0,58,-205,497,0,0
1,0,1,0,45,2020,62,1,0
6,0,1,0,43,642,644,0,0
0,1,0,0,34,1070,91,0,0
0,1,1,1,43,-228,122,0,0
1,0,1,0,40,-378,261,0,0
3,0,2,0,52,768,82,0,0
4,0,2,0,58,2969,130,0,0
1,0,1,0,53,9146,136,0,0
5,0,1,0,33,680,265,0,0
9,0,2,0,50,0,52,0,0
0,0,0,1,50,-94,75,0,0
1,1,1,0,31,253,262,0,0
4,0,1,0,63,2896,180,0,0
2,0,0,0,58,776,990,0,0
3,2,1,1,35,105,118,0,0
8,0,1,0,28,687,113,2,0
3,0,2,0,44,-420,220,0,0
0,0,0,0,52,6873,235,0,0
4,0,0,0,53,1770,147,0,0
3,0,2,0,44,77,23,0,0
1,1,1,1,28,576,158,0,0
6,0,2,0,54,8,143,0,0
0,0,0,0,32,2,82,0,1
9,0,1,0,55,167,178,7,0
3,0,1,0,33,312,151,0,0
7,0,1,1,28,-522,638,0,0
5,0,1,0,57,2120,687,0,0
1,1,0,1,27,3064,389,0,0
3,0,2,0,35,102,1334,0,0
8,0,1,0,37,1978,335,0,0
0,0,0,0,30,860,185,0,0
0,1,2,1,56,109,124,18,0
1,1,1,0,35,-196,45,0,0
5,1,1,0,56,-273,119,0,0
3,1,1,0,31,23,116,0,0
6,0,1,1,59,292,246,0,0
8,2,1,0,43,4094,63,0,0
3,1,1,0,31,-366,313,1,0
0,1,0,0,35,1273,111,0,0
6,2,2,1,48,-110,164,0,0
0,2,0,0,35,538,109,4,0
0,0,0,0,49,3022,38,0,0
1,0,0,1,37,0,155,0,0
1,0,0,0,36,60,209,0,0
6,0,0,0,34,277,72,0,0
3,0,2,0,39,-197,204,0,0
3,0,1,0,52,46,132,0,0
2,2,0,0,36,3407,392,0,0
9,0,1,1,31,592,124,0,0
3,0,2,0,37,0,143,0,0
3,1,1,0,34,-96,153,0,0
5,0,1,0,32,342,179,0,0
0,0,0,1,38,441,82,0,0
3,0,1,0,58,3027,120,1,0
3,0,2,0,34,455,372,0,0
6,2,1,0,48,62,561,0,0
0,1,0,0,32,2667,197,2,0
4,2,1,0,56,389,379,0,0
4,0,0,0,59,1312,244,0,0
9,0,2,0,35,0,340,0,0
9,0,2,0,54,179,132,0,0
1,0,0,0,42,757,154,0,0
1,0,1,0,55,955,104,0,0
6,0,1,0,43,1450,227,0,0
6,0,1,0,54,2681,481,0,0
8,1,0,0,26,3466,275,0,0
4,0,-1,0,70,1236,58,0,0
2,0,2,0,44,5039,317,0,0
1,1,0,1,37,1609,10,0,0
3,0,1,0,60,40,126,0,0
1,1,1,0,41,2242,459,0,0
5,2,1,0,36,437,722,1,0
6,0,0,0,34,1442,234,0,0
0,0,0,0,48,0,16,0,0
6,0,1,0,31,5,216,0,0
8,1,0,0,41,4517,137,0,0
0,1,0,0,35,2646,221,1,0
4,0,1,0,71,3,1175,1,0
7,0,0,1,28,120,130,0,0
6,0,1,0,40,446,1252,0,0
3,0,2,0,30,123,55,0,0
3,1,2,0,34,326,263,0,0
1,0,1,0,41,352,129,0,0
0,0,0,0,45,506,229,0,0
4,0,2,0,75,358,364,0,0
0,2,0,0,32,1589,422,0,0
5,1,-1,0,46,306,289,0,0
3,2,2,0,59,457,63,0,0
3,0,2,0,41,2562,157,4,0
8,0,1,0,41,121,390,0,0
0,0,0,0,34,490,491,0,0
5,0,1,0,53,4493,286,3,0
3,0,1,0,41,1449,63,0,0
5,1,1,0,39,782,162,15,0
1,0,-1,0,47,178,169,0,0
1,0,0,0,57,6822,797,0,0
2,0,1,0,36,1,203,0,1
0,1,0,0,31,-160,202,0,0
0,0,0,0,40,51,164,0,0
3,0,1,0,40,0,376,0,0
3,0,2,0,37,0,24,0,0
3,0,2,0,64,1904,67,0,0
0,0,1,0,54,1134,1330,0,0
3,0,1,0,29,7863,1129,0,0
3,0,-1,0,56,22,103,0,0
6,0,1,0,43,6346,57,0,0
5,1,1,0,29,2768,121,0,0
7,0,-1,0,46,-257,104,2,0
0,0,0,1,44,773,618,0,0
10,1,1,0,24,382,256,3,0
0,2,-1,0,58,2986,414,5,0
1,0,1,0,56,778,659,0,0
0,1,0,0,36,579,481,0,0
0,1,0,0,47,6651,229,2,0
1,1,1,0,27,0,161,0,0
0,0,0,0,34,0,324,0,0
3,0,1,0,40,275,196,0,0
1,0,1,1,53,4930,228,0,0
4,0,2,0,73,508,154,1,0
0,0,0,0,33,643,203,1,0
3,0,1,0,34,320,352,2,0
1,1,1,0,36,3254,207,0,0
0,0,0,0,37,1025,379,0,0
6,1,1,0,28,298,914,0,0
0,2,0,0,48,2939,91,0,0
3,0,1,1,33,681,357,0,0
5,1,1,0,30,315,884,4,0
0,1,-1,0,36,62,311,2,0
0,1,0,1,31,409,564,0,0
5,1,1,0,28,2,60,0,0
0,0,0,0,52,1158,57,0,0
4,0,2,0,73,279,399,0,0
-1,0,0,0,70,353,110,0,0
10,1,-1,0,31,376,202,2,0
0,0,0,0,57,1571,230,0,0
1,0,1,0,33,603,345,0,0
7,0,0,1,31,170,98,0,0
3,0,2,0,33,191,162,0,0
5,1,1,0,31,144,43,0,0
6,1,1,0,32,-402,135,0,0
1,1,1,0,33,1064,173,0,0
0,0,0,0,50,161,19,0,0
3,1,1,0,29,922,72,0,0
7,0,1,0,45,845,76,0,0
3,0,1,0,28,368,174,0,0
4,0,2,0,83,425,883,1,0
9,0,2,1,42,0,48,0,0
0,0,2,1,47,52,140,0,0
3,0,0,1,39,206,153,0,0
1,1,1,0,31,55,350,0,0
3,0,0,0,34,631,25,0,0
0,0,0,1,34,53,256,0,0
1,1,1,0,33,105,262,0,0
5,1,1,0,23,738,347,0,0
1,0,-1,0,41,254,690,0,0
0,0,1,0,33,3935,765,2,0
10,1,0,0,28,3733,419,7,0
0,0,1,0,49,1623,1081,0,0
4,0,-1,0,60,209,472,0,0
0,0,0,0,52,1111,17,0,0
3,0,1,1,48,320,118,0,0
1,1,1,0,38,311,61,0,0
3,0,2,0,43,18,131,3,0
0,1,0,0,33,-144,348,0,0
9,0,2,0,45,938,103,0,0
6,0,1,0,48,260,228,0,0
3,0,1,0,40,316,266,0,0
5,2,1,0,45,2353,435,3,0
1,1,1,0,29,28,203,0,1
0,1,0,0,36,7,20,0,0
5,0,1,1,41,-62,55,0,0
2,2,0,0,50,816,630,0,0
5,0,1,0,30,2074,98,0,0
3,0,1,0,53,732,530,0,0
7,1,1,0,30,192,423,0,0
9,0,1,0,32,3832,80,0,0
1,0,2,1,47,434,278,0,0
1,0,1,1,44,1226,51,0,0
1,1,-1,0,40,-5,78,0,0
4,0,2,0,48,1591,217,0,0
3,1,1,0,39,217,107,0,0
1,0,0,0,45,4647,109,0,0
6,1,1,0,29,0,314,0,0
0,0,0,1,31,1224,75,2,0
3,0,1,0,38,2423,37,0,0
3,2,1,0,53,640,321,0,0
1,0,0,0,36,62,50,2,0
3,0,1,0,36,655,986,0,0
2,0,-1,1,26,345,149,0,0
0,0,0,0,36,293,287,0,0
0,0,0,0,50,-470,506,3,0
0,0,0,0,46,1514,94,0,0
4,0,2,0,77,2590,212,12,0
3,0,2,0,38,27,62,0,0
3,0,2,1,47,830,795,0,0
10,1,0,0,31,64,181,3,0
1,1,1,1,30,73,43,0,0
0,0,0,0,31,-6,198,0,0
3,0,1,1,58,556,229,0,0
3,1,2,1,44,-234,71,1,0
3,0,1,0,31,66,121,0,0
8,1,1,0,30,2424,110,1,0
3,0,1,0,37,195,10,0,0
3,0,1,0,44,0,26,0,0
5,0,1,0,37,-255,96,0,0
9,2,1,0,59,0,98,0,0
1,0,1,0,34,1234,185,0,0
9,0,0,0,33,10,129,2,0
6,1,1,1,24,1299,113,0,0
6,2,-1,0,43,-291,277,2,0
1,1,1,0,33,0,1106,0,0
0,2,1,0,35,124,48,5,0
3,0,1,0,45,241,536,0,0
1,0,1,0,32,20,210,0,0
6,0,1,0,29,13,90,0,0
3,0,1,0,34,1454,231,2,0
3,1,-1,1,30,-149,164,0,1
0,0,0,0,41,60,239,0,0
1,1,1,0,44,140,324,2,0
3,1,2,0,27,0,576,0,0
10,1,1,0,25,4147,211,0,0
9,0,1,0,36,409,104,0,0
3,0,1,0,38,638,90,0,0
0,1,0,0,30,18,121,0,0
0,1,0,0,44,1277,77,4,0
0,0,2,0,40,535,11,0,0
1,1,1,0,39,614,166,1,0
0,2,0,0,36,649,237,1,0
5,1,1,0,30,122,219,0,0
3,0,1,0,32,2366,127,0,0
0,0,0,1,52,4173,159,0,0
3,0,2,0,40,2364,62,0,0
0,2,0,0,54,3777,56,0,0
3,0,1,0,43,1335,371,0,0
10,1,2,0,22,3472,332,3,0
5,0,1,0,36,4011,10,0,0
1,0,1,0,43,-796,190,0,0
0,0,0,0,39,1041,116,0,0
1,2,1,0,34,558,108,0,0
1,0,1,1,52,3577,62,0,0
3,0,1,0,41,1394,519,0,0
6,0,1,0,56,144,184,0,0
5,1,1,0,40,2360,15,0,0
0,0,0,0,42,36,366,0,0
0,1,0,0,31,533,90,6,0
9,2,0,1,54,9,136,0,0
3,0,1,0,36,414,136,0,0
1,1,0,0,45,302,36,0,0
0,0,0,0,37,11265,417,0,0
8,0,1,0,44,1543,363,0,0
2,1,2,0,30,2816,71,0,0
0,0,0,1,55,4777,12,0,0
-1,0,-1,0,54,390,68,0,0
6,1,1,0,44,862,582,0,0
3,0,1,0,38,13849,286,5,0
2,0,0,0,34,4028,98,0,0
3,1,1,0,44,-435,141,0,0
6,2,0,0,32,376,102,0,0
6,0,1,0,45,144,95,0,1
7,2,1,1,42,35,163,0,0
0,0,0,0,45,212,65,0,0
1,1,1,0,32,2979,156,0,0
3,0,2,1,34,1756,58,0,0
0,1,0,0,44,709,54,0,0
3,1,1,1,31,1,174,0,0
5,1,1,0,39,1078,199,0,0
7,0,1,0,40,311,205,2,0
3,0,1,1,28,225,866,0,0
6,0,1,0,26,33,51,0,0
1,0,1,0,52,463,132,5,0
1,0,1,0,33,359,210,1,0
3,0,1,0,31,0,36,0,0
0,2,0,0,33,47,47,3,0
1,1,0,1,35,364,162,3,0
0,1,0,0,24,933,122,0,0
5,0,1,0,40,149,159,0,0
-1,0,-1,0,59,1500,280,2,0
3,0,2,0,34,357,197,0,0
7,0,1,1,32,8,251,0,0
6,0,1,0,45,1259,507,0,0
0,0,0,1,39,-124,182,0,0
4,2,2,0,57,698,53,0,0
1,2,1,1,45,0,127,0,0
9,0,1,0,47,1765,59,0,0
0,0,0,0,47,3505,434,0,0
6,0,1,1,45,507,304,0,0
3,0,2,0,42,714,18,0,0
1,1,1,1,24,-126,382,0,0
0,1,0,0,41,537,278,0,0
8,2,0,0,50,64,81,0,0
1,1,1,0,23,283,175,2,0
2,0,2,0,32,795,131,0,0
3,1,1,0,29,314,161,2,0
0,0,0,0,34,16649,155,0,0
2,0,1,0,41,547,365,0,0
9,0,2,0,49,0,106,0,0
0,2,0,0,44,3932,40,0,0
8,0,1,0,50,5164,117,0,0
3,0,2,0,56,551,27,0,0
5,0,1,1,45,373,274,0,0
8,0,0,0,35,-94,354,0,0
3,0,1,1,45,3092,180,0,0
3,0,2,0,31,124,343,4,0
7,0,0,0,44,8402,515,0,0
6,0,2,0,59,196,205,0,0
2,0,0,0,36,-502,22,0,0
3,0,1,0,48,-6,161,0,0
5,0,1,0,52,3703,152,0,0
3,0,2,1,39,264,32,0,0
10,1,1,0,22,2488,449,10,0
3,0,1,0,43,167,243,0,0
6,0,1,0,39,247,244,0,0
3,0,0,0,42,1993,97,0,0
4,0,1,0,59,644,547,0,0
3,2,1,0,30,292,381,5,0
1,0,1,0,36,154,231,2,0
1,1,0,1,35,364,247,0,0
3,0,2,0,32,66,244,0,0
0,1,0,0,40,157,68,0,0
6,0,1,0,36,11462,993,0,0
5,2,1,0,34,151,131,1,0
2,0,1,0,43,3766,84,0,0
6,0,1,0,37,184,53,3,0
4,2,2,0,58,2538,680,6,0
0,1,0,0,25,808,268,0,0
9,0,0,0,58,2858,56,0,0
3,0,1,0,36,198,400,0,0
0,1,0,0,33,2667,57,3,0
0,0,0,0,38,1199,178,1,0
0,0,1,0,46,430,91,0,0
8,1,2,0,37,1648,166,0,0
3,0,1,0,44,54,197,0,0
6,0,1,0,47,1549,95,0,0
9,0,2,0,29,417,108,0,0
-1,1,1,0,42,1456,56,0,0
7,1,0,1,26,3044,550,1,0
0,1,0,0,40,27,165,0,0
3,0,1,0,34,584,154,0,0
9,2,2,0,66,3701,834,0,0
1,1,1,0,34,1974,603,0,0
3,0,1,0,41,750,207,0,0
8,0,1,0,34,6438,21,0,0
1,0,1,0,28,839,240,0,0
0,1,0,0,36,1520,101,0,0
0,0,2,0,56,7747,103,0,0
6,0,1,0,33,248,132,0,0
0,0,0,0,29,2417,126,0,0
8,1,-1,0,48,11298,97,0,0
1,0,1,0,33,0,56,2,0
3,1,-1,0,26,477,87,0,0
0,0,0,0,51,469,491,3,0
-1,0,2,0,46,0,87,0,0
10,1,1,0,19,394,327,0,0
3,1,2,0,45,4289,400,0,0
3,2,1,0,33,-131,145,0,0
3,0,1,1,24,204,229,0,0
3,0,2,0,46,580,30,0,0
0,0,0,0,62,5008,139,0,0
10,1,1,0,24,4126,83,2,0
4,0,1,0,58,168,183,0,0
1,0,1,0,31,169,143,0,0
5,2,1,1,54,459,132,0,0
1,0,1,0,24,556,460,0,0
1,0,0,0,28,107,122,0,0
6,0,1,0,53,1563,124,1,0
5,1,2,0,37,91,283,2,0
0,1,0,0,49,4465,72,0,0
3,0,1,0,34,840,275,0,0
4,0,0,0,59,3843,104,0,0
1,0,1,0,53,757,20,0,0
7,2,0,1,48,103,135,0,0
1,0,1,0,30,3875,131,2,0
6,0,1,0,33,881,67,0,0
6,0,1,0,52,91,175,0,0
10,1,1,0,30,314,189,6,0
6,0,1,1,36,895,622,0,0
7,0,0,0,33,210,84,1,0
1,1,1,0,39,4380,87,0,0
1,1,1,0,30,0,624,0,0
5,1,1,1,39,0,142,0,0
5,0,2,0,51,1330,415,0,0
0,0,1,0,38,517,288,0,0
6,0,2,0,38,1,169,0,1
4,0,1,0,58,674,80,0,0
9,0,1,0,45,4068,314,1,0
1,0,1,1,33,1844,380,0,0
9,0,0,0,34,0,60,0,0
1,2,1,0,27,21,336,1,0
3,1,2,0,27,540,115,0,0
0,1,0,0,31,2,848,0,0
0,0,0,0,40,30,609,0,0
3,0,1,0,29,296,153,0,0
5,2,1,1,57,-461,145,0,0
3,0,2,0,47,0,30,0,0
3,0,-1,0,55,-361,82,1,0
0,1,0,0,31,682,473,0,0
3,0,2,0,29,79,27,2,0
5,0,1,1,45,740,109,0,0
0,0,1,0,41,1956,114,11,0
1,0,0,0,31,120,1000,0,0
3,1,1,0,28,39,22,0,0
0,0,0,0,44,1752,312,0,0
4,0,1,0,72,5715,1127,3,0
3,0,2,0,38,433,81,3,0
3,0,1,1,42,-128,180,0,0
10,1,1,0,21,2488,180,0,0
0,1,0,0,30,223,106,0,0
3,1,0,0,31,328,89,0,0
0,0,0,0,40,4190,260,0,0
3,1,2,1,44,1308,161,0,0
0,0,0,0,37,5016,119,0,0
3,0,1,1,40,326,112,0,0
5,0,1,0,39,0,59,0,1
1,1,1,0,26,-211,164,0,0
0,2,0,0,35,26,78,0,0
2,2,0,0,53,321,123,0,0
6,0,1,0,33,554,162,1,0
4,0,2,1,60,566,423,0,0
1,1,0,0,32,2684,542,0,0
4,2,0,0,69,247,138,0,0
5,1,1,1,30,818,66,1,0
3,0,-1,0,54,310,526,3,0
0,1,0,0,33,215,41,0,0
0,0,-1,0,57,1054,25,0,0
2,0,1,0,45,245,126,0,0
1,0,1,0,52,0,584,0,1
1,0,1,0,56,4073,239,0,0
0,0,0,1,34,1725,164,0,0
0,2,0,0,43,1052,118,0,0
1,1,0,0,32,1849,155,0,0
4,0,1,0,69,0,1580,0,0
4,0,1,0,60,0,229,0,0
0,0,0,1,40,2471,206,0,0
3,0,2,0,28,5542,404,0,0
0,0,0,0,33,1657,342,0,0
6,0,1,0,53,658,18,0,0
1,0,1,1,30,450,72,0,0
6,0,1,0,36,1253,135,0,0
0,0,1,0,42,4314,214,0,0
0,1,0,0,37,6964,223,0,0
0,0,-1,0,43,0,273,0,0
4,2,2,0,68,476,363,0,0
5,2,1,0,38,485,252,0,0
0,1,0,0,32,3050,58,1,0
0,0,0,0,49,2147,123,0,0
6,2,1,0,46,350,230,0,0
0,1,0,0,36,2806,358,0,0
3,0,2,0,47,43,222,0,0
8,0,1,0,49,13818,201,2,0
6,0,1,0,47,1629,25,0,0
0,2,0,0,43,171,67,0,0
0,1,0,0,35,3576,68,0,0
0,0,0,0,35,2472,586,0,0
1,0,1,0,50,1088,179,0,0
0,2,0,0,45,2307,126,0,0
6,2,1,1,50,330,281,0,0
0,0,0,0,39,0,11,38,0
0,0,0,0,46,1008,24,0,0
0,0,0,0,31,334,449,0,0
4,0,1,0,59,1723,70,0,0
9,0,2,0,48,469,103,0,0
6,0,1,1,39,-119,104,0,0
3,0,1,1,30,360,239,0,0
3,1,2,0,26,-35,243,0,0
1,1,1,0,56,3499,248,0,0
5,0,0,1,34,69,263,3,0
3,0,1,0,25,758,504,0,0
6,2,-1,1,31,0,138,0,0
5,0,1,1,29,187,386,0,0
3,0,2,0,35,1176,166,0,0
6,1,1,0,35,2467,319,0,0
3,1,1,0,41,3851,130,0,0
3,0,2,0,54,-864,755,5,0
3,0,2,0,28,674,22,0,0
6,2,1,0,36,241,133,0,0
5,0,1,1,48,-509,302,0,0
0,1,0,0,32,2134,98,0,0
7,0,0,0,41,57,61,0,0
6,2,1,0,31,139,178,0,0
1,1,-1,0,54,1695,168,0,0
6,0,1,0,30,-108,216,0,0
3,0,-1,0,41,225,690,0,0
3,0,1,0,39,1756,939,0,0
9,2,1,0,37,1040,199,2,0
2,0,1,0,43,128,122,0,0
5,0,1,0,40,2,187,0,0
5,1,1,0,45,946,754,6,0
1,2,1,0,34,8,569,0,0
3,0,2,0,28,-55,361,0,0
3,0,2,0,45,665,183,0,0
0,1,0,0,37,156,7,0,0
3,0,2,0,48,347,199,0,0
9,2,2,0,45,544,110,0,0
3,1,1,0,37,1127,72,1,0
5,0,1,0,33,353,107,0,0
1,1,0,0,34,2283,790,0,0
5,1,1,0,26,-14,9,0,0
3,2,1,0,37,33,106,1,0
3,0,1,0,31,1908,225,0,0
4,0,1,0,68,1443,2062,1,0
1,0,2,0,53,70,11,0,0
1,1,1,0,46,3494,87,0,0
1,0,1,0,49,5244,60,0,0
6,1,1,1,25,57,190,0,1
5,0,1,0,35,557,54,0,0
-1,0,2,0,35,634,185,0,0
0,0,0,0,42,877,238,0,0
0,0,0,0,53,1619,89,0,0
0,1,0,0,34,1336,217,0,0
1,0,0,0,32,463,128,0,0
3,0,2,0,51,196,248,0,0
0,0,0,0,36,0,243,0,0
3,1,1,0,35,142,155,0,0
8,1,1,0,29,25,207,0,0
1,1,1,0,31,1222,186,0,0
2,0,1,0,39,3471,113,0,0
1,0,0,1,30,-340,156,0,0
8,1,0,0,37,1316,350,3,0
3,1,1,1,26,199,125,0,0
0,1,0,0,32,577,101,0,0
5,1,1,0,46,1544,609,0,0
0,0,1,0,33,-285,507,0,0
1,0,0,0,47,2408,376,0,0
5,0,1,0,46,2869,151,0,0
5,1,1,0,32,146,111,0,0
5,2,1,0,38,19,1130,2,0
4,0,1,0,53,357,154,0,0
3,2,1,0,53,145,193,0,0
4,0,2,0,77,2590,345,20,0
1,1,1,0,42,0,33,0,0
3,1,1,1,20,129,190,0,0
3,0,1,0,58,4053,160,0,0
3,0,1,0,54,-135,152,2,0
1,0,1,0,45,256,119,0,0
4,0,1,1,56,-113,614,0,0
4,2,1,0,73,7111,146,0,0
3,0,1,0,50,606,673,0,0
9,0,2,0,52,5137,199,0,0
0,0,0,0,29,30,83,1,0
5,1,0,0,30,267,124,0,0
3,0,2,0,62,1381,1020,0,0
5,1,1,0,34,5547,313,0,0
3,1,1,0,28,1112,827,0,0
1,2,1,0,43,0,332,0,0
1,1,0,0,43,1154,603,0,0
10,1,0,0,28,80,234,0,0
1,1,0,0,32,5514,319,1,0
0,1,0,0,33,506,176,2,0
9,0,1,0,45,16358,161,0,0
5,0,1,0,35,2278,195,0,0
6,0,1,0,29,399,454,1,0
0,0,0,0,32,55,124,0,0
5,0,1,0,53,-375,103,1,0
0,0,2,0,59,2769,104,2,0
1,0,0,0,30,569,976,0,0
3,1,2,0,31,538,703,0,0
0,1,0,0,55,797,24,0,0
3,0,2,0,29,10045,617,4,0
4,2,1,0,67,704,613,3,0
0,0,0,0,36,4,159,0,0
6,0,1,0,44,1335,94,0,0
4,0,2,0,58,5506,81,0,0
7,0,2,1,60,362,816,0,0
1,1,1,0,34,513,165,5,0
6,1,1,0,35,0,419,0,0
5,1,0,0,39,23,162,0,0
0,2,1,0,37,1448,196,2,0
0,0,1,0,44,27,158,0,0
0,0,0,0,40,211,137,0,0
1,0,-1,0,54,0,491,0,0
5,0,0,0,37,0,65,1,0
3,0,1,0,47,2428,9,16,0
1,0,1,1,51,3899,82,0,0
5,0,2,0,57,6997,117,0,0
1,0,1,0,45,3601,536,0,0
4,0,2,0,76,2223,429,0,0
3,0,2,0,31,347,21,0,0
1,2,0,0,38,915,22,4,0
1,1,0,0,35,6763,23,0,0
6,0,1,1,50,748,147,0,0
6,2,1,0,42,55,176,0,0
1,1,2,0,40,340,146,0,0
6,0,1,0,28,3019,303,0,0
0,2,0,1,45,54,34,0,0
3,0,-1,1,45,458,145,0,0
10,1,1,0,30,2046,595,1,0
3,1,1,0,30,6900,816,0,0
0,0,0,0,43,-391,193,0,0
0,0,0,0,38,7255,78,2,0
0,0,1,1,37,121,89,0,0
5,1,1,0,50,2252,652,0,0
3,0,2,1,34,333,63,0,0
0,0,0,0,31,6138,154,5,0
3,1,2,0,42,156,7,5,0
4,1,1,1,60,-330,69,0,0
1,0,1,0,48,268,128,0,0
0,0,0,0,46,191,58,0,0
3,0,1,1,26,155,76,0,0
1,0,1,0,35,784,101,0,0
8,0,0,0,30,1067,78,0,0
4,0,1,0,51,2281,164,0,0
6,0,2,0,47,222,68,0,0
3,0,1,0,43,1437,94,0,0
0,0,1,0,46,4105,115,2,0
0,0,0,0,39,1802,92,1,0
3,2,1,0,41,663,24,3,0
6,0,0,0,35,4655,111,0,0
4,2,2,0,90,712,557,0,0
5,0,1,0,49,909,730,0,0
6,0,1,0,39,0,620,0,0
1,0,1,0,41,0,141,0,0
3,0,2,0,43,255,180,0,0
5,0,1,0,37,1283,209,0,0
3,0,-1,0,58,807,57,2,0
4,0,1,0,61,2011,292,2,0
3,0,1,1,34,1430,271,0,0
6,0,-1,0,32,1016,141,0,0
0,1,0,0,35,633,128,0,0
2,0,0,1,46,25204,72,0,0
1,1,0,0,33,617,282,4,0
0,0,2,0,58,1021,205,0,0
3,0,2,0,42,201,841,2,0
0,2,0,0,49,0,345,0,1
1,0,1,0,56,944,172,0,0
3,0,1,0,32,7107,882,0,0
4,0,2,0,57,5799,97,0,0
6,0,1,1,34,295,64,0,0
3,1,2,0,35,1215,597,0,0
0,2,0,0,36,3837,184,1,0
0,0,0,0,41,10758,288,0,0
3,2,-1,0,49,39,27,0,0
1,0,0,1,47,-813,179,0,1
0,0,0,1,55,2366,94,0,0
0,0,0,0,34,-16,108,0,0
5,2,0,1,42,6,403,0,0
0,1,0,0,27,1117,416,0,0
4,0,1,0,58,3909,80,0,0
1,1,1,0,32,13565,613,0,0
1,1,1,0,36,966,135,13,0
1,2,1,0,39,385,242,2,0
0,2,0,0,55,7010,155,2,0
8,1,0,0,28,0,15,0,0
3,1,2,0,37,117,196,0,0
9,0,1,0,31,0,270,0,0
3,0,2,0,51,362,108,2,0
7,1,0,0,26,25,158,0,0
2,0,0,0,52,1115,124,0,0
3,0,1,0,53,6112,211,0,0
3,0,2,0,55,-636,15,3,0
5,0,1,0,36,639,191,0,0
6,1,1,0,33,6531,495,0,0
0,0,0,1,34,118,171,0,0
1,2,1,0,60,0,105,0,0
3,1,1,0,28,475,30,0,0
5,0,1,1,28,-247,121,2,0
5,1,1,0,30,154,24,0,0
1,2,0,0,55,0,234,0,0
6,0,0,0,33,1275,191,0,0
1,1,0,0,30,-241,147,0,0
1,1,0,1,26,43,169,1,0
6,0,1,1,33,227,477,0,0
1,0,1,1,31,134,468,0,0
0,0,0,0,32,2431,19,0,0
0,2,0,0,47,800,483,0,0
3,0,2,0,53,53,208,1,0
2,1,0,0,45,1410,44,0,0
0,0,0,0,53,20772,715,0,0
1,1,1,0,42,2646,280,0,0
2,0,1,0,46,118,296,0,0
4,0,2,0,66,206,479,0,0
8,2,1,0,40,193,195,1,0
3,1,1,0,38,1230,266,0,0
0,0,0,0,36,0,140,3,0
1,0,1,0,53,1344,85,0,0
1,0,-1,0,47,2106,168,0,0
0,0,0,0,52,1453,254,0,0
3,0,1,0,52,1117,365,0,0
1,0,1,0,32,374,119,0,0
8,0,1,0,48,1811,137,3,0
3,0,1,1,44,130,528,0,0
3,0,2,0,50,490,151,0,0
0,0,0,0,50,346,76,1,0
3,0,2,1,37,643,81,3,0
4,0,1,0,62,1495,896,2,0
1,1,1,0,42,746,86,0,0
0,2,0,0,42,5037,100,14,0
3,0,1,1,29,723,235,0,0
8,2,1,0,36,8267,321,0,0
6,0,1,0,34,0,115,0,0
3,0,1,0,45,1144,676,0,0
1,1,1,0,23,-306,217,0,0
3,1,2,0,29,215,137,0,0
3,0,2,0,48,595,464,0,0
0,0,0,0,57,8141,37,0,0
0,1,0,0,36,613,86,0,0
1,1,0,0,33,255,247,0,0
0,0,0,0,50,0,26,0,0
3,0,1,0,52,2087,267,1,0
3,0,2,1,39,4146,353,0,0
3,0,2,0,55,781,112,2,0
4,0,1,0,60,2060,135,4,0
5,0,1,0,59,1455,222,1,0
8,0,1,0,46,16397,641,0,0
5,1,1,0,29,-498,17,0,0
6,2,1,0,42,1043,97,0,0
6,0,2,0,42,2557,28,0,0
0,1,0,0,25,4578,100,0,0
7,1,0,0,29,-114,174,0,0
1,1,0,0,28,2269,331,0,0
6,0,2,1,47,504,156,0,0
3,1,1,0,29,-580,123,0,1
0,2,0,0,48,-130,110,9,0
5,1,1,0,51,-2,402,0,1
1,1,0,0,38,1674,333,0,0
6,2,1,0,50,145,170,0,0
-1,0,0,0,45,406,314,0,0
1,0,1,0,36,659,224,0,0
5,2,1,1,46,875,269,2,0
5,0,1,0,60,3043,235,0,0
0,0,0,0,42,0,88,1,0
3,0,2,0,55,81,172,0,0
5,1,1,0,41,1020,882,0,0
3,0,2,0,49,4455,140,0,0
5,0,0,0,35,6,130,0,0
0,0,0,0,53,12,345,0,0
1,1,0,0,30,23,72,0,1
5,0,1,0,43,324,629,0,0
6,0,1,0,37,1372,129,0,0
0,0,0,0,55,12972,205,0,0
0,0,0,0,39,1424,254,0,0
1,1,1,0,30,4684,268,0,0
5,1,1,0,33,13,111,2,0
7,0,1,0,42,5564,560,0,0
0,0,0,0,58,136,199,0,0
6,0,1,1,37,4151,543,0,0
9,0,-1,0,61,0,118,0,0
5,0,0,0,32,0,138,0,0
0,0,0,0,29,125,130,0,0
6,0,2,0,42,248,480,0,0
1,0,1,0,35,2468,187,0,0
6,0,1,1,30,1286,544,0,0
1,0,0,0,41,-15,33,0,0
3,0,1,1,34,67,672,0,0
5,2,0,1,52,0,122,1,0
0,0,1,0,47,407,145,0,0
1,0,1,0,41,871,145,0,0
0,1,0,0,43,776,52,0,0
1,1,1,0,44,1679,718,0,0
-1,0,0,0,49,325,63,0,0
0,0,2,1,55,57,162,0,0
0,1,0,1,35,1599,407,0,0
3,1,1,0,32,-578,115,0,0
3,1,2,0,39,1790,229,0,0
0,1,0,1,33,1160,139,2,0
4,0,-1,0,58,0,46,0,0
5,0,1,0,34,96,109,0,0
1,1,1,0,36,210,65,0,0
3,0,2,0,26,0,425,0,0
1,0,2,0,40,819,50,0,0
0,0,0,0,40,3160,100,0,0
4,0,2,0,57,4908,868,0,0
0,2,0,0,46,10469,202,0,0
9,2,1,0,53,120,343,0,0
1,0,0,0,34,7717,386,0,0
10,1,1,0,30,0,661,0,0
1,1,0,1,38,218,74,0,0
1,0,1,0,40,1159,19,0,0
3,1,1,0,25,-220,152,0,1
0,0,1,0,38,124,202,0,0
3,2,2,0,55,0,120,0,0
1,0,1,0,36,465,85,0,0
0,0,0,0,44,1858,113,0,0
5,1,0,0,27,3672,157,5,0
3,0,1,0,50,-26,301,0,0
-1,0,1,0,55,1157,289,2,0
3,0,1,0,39,785,1232,0,0
4,2,1,0,58,8266,98,1,0
1,1,1,0,36,2419,29,0,0
3,1,1,0,35,0,237,1,0
7,1,1,0,27,23,291,0,0
3,0,1,0,52,5614,177,0,0
0,1,1,0,32,1615,164,0,0
5,0,1,0,35,-87,1363,0,0
3,0,1,0,33,93,211,0,0
3,1,1,1,32,476,503,0,0
1,0,0,1,35,633,76,3,0
6,1,1,0,26,0,129,0,0
1,0,1,0,35,-360,169,0,0
3,0,1,0,46,4855,1529,1,0
0,0,0,0,53,602,58,0,0
4,0,1,0,60,1853,408,0,0
3,0,1,0,32,536,208,0,0
1,2,1,0,41,0,353,0,0
5,0,1,0,36,3268,429,0,0
0,0,0,0,30,562,137,0,0
1,0,1,0,52,0,541,0,0
0,0,1,0,37,565,174,3,0
1,0,1,0,35,5553,371,7,0
3,1,1,1,26,26,899,0,0
0,1,0,0,34,11350,159,0,0
5,0,1,0,59,817,304,0,0
5,2,1,1,41,0,400,0,0
4,0,1,0,59,56,396,0,0
5,2,1,0,53,-112,394,0,0
5,0,1,0,44,764,232,1,0
8,0,2,0,48,0,569,0,0
1,1,1,0,31,3588,64,0,0
7,1,0,0,31,1815,107,1,0
10,1,1,0,24,228,99,1,0
5,0,1,1,47,663,409,6,0
3,2,2,0,43,1234,307,0,0
3,0,1,1,36,537,206,0,0
3,0,2,0,46,0,204,0,0
0,0,1,0,57,0,132,0,0
5,0,1,0,42,3104,144,0,0
3,0,1,0,34,-211,135,5,0
3,0,2,0,33,149,21,0,0
5,0,1,0,45,43,114,0,0
0,0,-1,1,52,672,171,0,0
0,1,0,0,35,561,405,0,0
1,0,1,0,55,1816,197,0,0
7,1,0,0,38,973,138,0,0
4,0,2,0,56,-464,820,0,0
5,0,1,0,28,330,226,4,0
3,1,2,0,42,181,118,0,0
0,1,0,0,35,797,81,0,0
5,0,1,1,34,233,303,0,0
3,0,1,0,37,56,46,1,0
4,2,1,1,54,-57,364,0,0
1,0,-1,0,38,499,240,0,0
3,1,2,0,36,1959,1966,0,0
0,0,0,0,35,194,56,0,0
0,2,0,0,55,26306,84,4,0
6,1,1,0,30,-366,516,0,1
3,1,1,0,39,523,306,0,0
6,0,2,0,51,0,121,0,0
0,0,0,0,33,4636,129,0,0
5,0,1,0,48,35,80,0,0
5,0,1,0,55,602,390,6,0
3,1,2,0,23,8627,281,0,0
5,0,0,0,38,1988,164,2,0
2,2,0,0,42,367,563,0,0
0,1,0,0,39,1648,123,0,0
0,0,0,0,29,340,21,0,0
9,0,2,0,31,0,57,0,0
8,0,1,1,29,380,154,0,0
5,1,1,0,25,18,129,0,0
3,0,1,0,35,499,328,0,0
3,0,2,0,34,-106,237,0,0
0,0,0,0,42,1220,155,0,0
3,0,2,0,39,981,294,0,0
3,0,1,0,49,1350,22,0,0
0,1,0,0,36,609,33,0,0
1,2,1,0,58,2270,24,0,0
1,0,1,0,58,796,422,0,0
9,1,2,0,41,21,264,0,0
0,0,-1,1,50,5043,201,0,0
0,0,0,0,42,356,129,0,0
5,0,1,0,35,1204,789,0,0
5,1,1,0,31,17,52,0,0
0,1,0,0,43,3872,225,0,0
6,0,2,0,43,574,140,0,0
0,0,0,0,41,2127,120,0,0
5,0,0,0,34,899,114,3,0
0,1,0,0,29,637,340,1,0
4,2,1,0,61,1857,173,0,0
3,0,-1,0,44,146,483,0,0
6,0,2,0,59,927,1934,0,0
1,0,1,0,35,0,295,1,0
1,2,0,0,36,1762,259,0,0
3,0,-1,0,35,75,169,0,0
6,0,2,0,58,443,41,1,0
3,0,2,0,38,265,854,0,0
4,2,2,0,59,606,54,2,0
0,1,0,0,33,238,80,0,0
0,0,0,0,37,7100,757,0,0
6,1,1,0,32,2881,356,0,0
3,0,1,0,48,291,448,0,0
0,0,2,0,37,1959,439,0,0
3,0,1,0,48,863,412,2,0
0,0,0,0,36,242,20,0,0
3,0,2,1,32,642,524,0,0
5,0,0,0,40,1108,170,1,0
5,1,1,0,25,681,105,0,0
0,0,0,0,55,4649,277,0,0
6,1,1,0,40,65,15,0,0
4,0,1,0,54,6449,487,0,0
3,1,1,0,32,6982,224,1,0
2,0,-1,1,47,676,204,3,0
1,0,1,1,46,317,125,0,0
0,1,0,0,49,163,281,3,0
1,1,1,0,30,592,353,0,0
3,2,2,0,41,285,1272,0,0
8,0,1,0,53,4487,79,0,0
0,1,0,0,34,46,211,0,0
0,0,-1,0,47,1128,65,0,0
3,0,2,0,39,481,376,0,0
5,0,1,0,57,1509,509,0,0
4,1,1,0,86,614,595,0,0
6,0,2,0,50,12,168,0,0
5,1,1,0,36,0,142,0,0
0,0,0,0,38,258,124,0,0
5,0,1,0,28,-201,286,0,0
8,0,0,0,58,744,38,0,0
4,0,2,0,78,8556,137,0,0
0,0,0,0,35,209,188,0,0
0,0,0,0,49,400,122,0,0
1,1,1,0,39,18508,1598,0,0
4,2,2,0,78,229,97,0,0
5,0,1,0,43,616,168,0,0
5,0,1,0,35,2897,243,0,0
0,0,0,1,39,-974,130,0,0
1,1,0,0,41,1104,352,0,0
1,0,1,0,60,-410,143,0,0
5,0,1,0,37,3427,46,0,0
3,0,2,0,42,2273,253,2,0
10,1,1,0,22,241,200,0,0
2,0,0,0,31,1216,150,0,0
0,0,0,0,36,502,509,0,0
1,1,0,0,32,785,53,0,0
8,2,0,0,35,8903,171,6,0
6,2,1,1,40,-81,186,0,0
10,1,-1,0,36,172,81,0,0
0,0,0,0,60,4063,56,0,0
3,0,2,0,60,674,273,0,0
6,1,1,0,32,717,462,0,0
1,0,0,1,32,1503,44,2,0
0,2,0,0,58,0,73,0,0
4,2,1,1,59,93,108,0,0
6,0,1,0,32,207,360,0,0
0,0,0,0,53,913,244,0,0
1,0,1,1,48,-205,112,0,0
7,0,0,0,37,2084,137,0,0
5,0,1,0,60,4348,131,12,0
6,1,1,0,28,281,201,0,0
0,1,0,0,33,48,400,5,0
3,0,1,0,48,750,246,0,0
3,0,1,0,31,3659,180,0,0
6,0,1,0,37,1325,72,0,0
0,0,0,1,39,177,243,0,0
4,2,1,0,60,1,302,1,0
0,1,0,0,32,2613,520,0,0
7,0,1,0,36,44,199,0,0
7,0,0,0,60,10861,419,0,0
0,0,-1,0,52,414,424,0,0
3,0,2,0,40,-214,348,1,0
1,0,1,0,28,-302,152,3,0
0,0,0,0,34,1657,566,4,0
1,0,1,0,39,6533,226,0,0
3,0,1,0,37,1,44,0,0
3,0,1,0,56,337,99,0,0
3,0,0,0,33,221,122,0,0
3,1,1,0,25,286,663,0,0
1,0,1,1,35,712,255,5,0
2,0,1,0,54,0,387,1,0
3,0,2,0,42,258,18,1,0
6,0,1,0,56,-8,159,0,1
3,0,1,0,32,687,61,0,0
3,2,1,0,43,898,405,3,0
2,0,-1,0,47,0,70,6,0
1,1,1,0,34,666,1503,0,0
6,0,1,0,54,468,207,0,0
9,0,1,1,39,1372,206,1,0
3,1,1,0,48,-367,281,0,0
5,0,1,1,30,40,108,0,0
10,1,1,0,28,0,133,0,0
0,0,0,0,34,1870,68,0,0
0,0,0,0,33,1504,61,0,0
0,0,0,0,37,0,155,0,0
6,1,2,0,41,5907,6,0,0
5,1,1,1,29,818,61,0,0
5,0,1,0,38,1949,157,0,0
3,0,1,0,33,661,968,0,0
0,0,0,1,38,2278,244,0,0
5,1,1,0,26,96,696,2,0
5,0,1,0,57,3242,521,0,0
0,0,-1,0,36,1597,137,0,0
3,1,1,0,23,206,116,0,0
0,1,0,0,41,195,125,2,0
0,0,0,1,35,552,222,0,0
3,2,1,0,38,1817,1096,0,0
1,2,1,1,42,3043,224,0,0
9,1,0,0,47,3727,993,0,0
3,0,1,0,40,4259,454,0,0
1,0,1,0,58,7495,325,0,0
8,2,1,1,52,4,248,0,0
3,2,1,0,36,808,163,0,0
6,0,1,0,57,1,852,0,0
1,0,2,0,47,50,167,0,0
5,2,1,0,46,99,18,0,0
1,2,1,0,36,2823,215,6,0
0,1,0,0,29,983,963,0,0
6,2,1,1,39,0,93,0,0
0,1,0,0,28,7544,470,0,0
5,0,1,1,33,2468,84,4,0
1,1,1,0,30,3313,534,3,0
4,0,-1,0,59,1033,1199,0,0
4,2,1,0,60,1923,282,0,0
10,1,0,0,25,0,178,0,0
5,1,1,0,31,378,421,0,0
0,1,0,0,30,67,578,0,0
6,1,1,0,29,-142,140,0,0
0,1,0,0,30,277,166,1,0
5,0,1,0,37,5132,536,0,0
1,0,-1,0,29,627,140,0,0
3,0,2,1,49,-232,106,0,0
3,0,2,0,54,428,311,0,0
7,0,0,0,30,2666,475,4,0
7,0,1,0,29,-76,305,0,0
10,1,0,0,27,311,462,4,0
8,1,2,0,35,483,115,0,0
0,0,0,0,44,795,99,0,0
0,0,0,0,30,1288,6,0,0
0,2,0,0,44,388,246,2,0
3,1,1,0,20,423,498,0,0
1,1,1,0,37,181,140,0,0
2,0,2,0,36,177,63,0,0
3,0,1,0,28,8,196,0,0
6,1,1,0,34,23,109,0,0
1,1,0,0,55,-528,246,0,0
0,0,0,0,29,5698,437,1,0
0,0,0,0,39,2939,385,2,0
4,2,1,0,57,8266,71,0,0
1,0,0,0,40,677,110,0,0
0,0,0,0,41,676,78,0,0
3,0,2,0,41,951,23,0,0
7,0,0,0,37,444,401,0,0
5,0,1,1,38,215,173,0,0
0,0,0,0,38,193,191,0,0
6,0,1,1,28,2114,79,0,0
0,1,1,0,33,-424,863,0,0
3,0,1,1,51,145,313,0,0
0,0,0,0,32,1014,194,0,0
0,1,1,1,26,651,84,0,0
5,0,-1,0,38,4583,191,0,0
0,1,0,1,36,442,102,0,0
5,1,1,0,26,827,97,0,0
1,2,1,0,35,0,72,0,0
4,0,0,0,57,1458,250,5,0
5,1,1,0,34,391,192,0,0
4,0,2,0,47,197,57,0,0
6,0,1,0,46,271,134,0,0
0,0,1,0,30,3817,104,0,0
3,0,1,0,41,2067,208,4,0
1,0,0,0,42,1079,61,0,0
3,0,1,0,44,-448,149,0,0
1,0,0,0,45,31630,209,0,0
1,0,0,1,26,450,1266,0,0
5,0,1,1,47,718,195,0,0
1,0,1,0,44,1210,690,0,0
0,0,0,1,41,-1176,81,0,1
3,0,2,0,46,5461,562,2,0
2,0,1,0,57,1179,189,0,0
3,0,1,1,48,2697,79,0,0
0,0,1,0,39,1072,1168,0,0
0,0,0,0,56,-45,116,0,0
4,2,0,0,60,2166,8,0,0
10,1,0,0,26,13107,112,0,0
3,0,1,0,46,521,246,3,0
3,1,1,0,33,123,175,0,0
9,1,1,0,39,2022,105,0,0
0,0,0,0,42,1205,129,2,0
0,1,1,0,35,3384,372,0,0
8,1,0,0,26,102,377,0,0
6,2,1,0,50,0,170,0,0
3,0,1,0,42,0,184,0,0
4,0,1,0,59,566,464,0,0
0,0,0,1,34,2374,270,2,0
6,2,1,0,55,91,349,0,0
8,2,0,0,42,-166,85,0,0
1,0,0,0,42,14282,649,0,0
5,0,1,0,32,205,197,0,0
3,0,1,0,31,401,96,0,0
0,1,0,0,38,194,561,0,0
1,0,-1,0,57,587,131,0,0
0,2,0,0,48,0,126,0,0
0,0,0,0,39,22,493,0,0
0,2,1,0,46,177,84,0,0
8,0,0,0,38,1449,535,0,0
5,0,0,0,37,3221,379,13,0
6,1,1,0,43,518,295,1,0
1,0,0,0,55,440,556,0,0
3,1,1,0,35,-41,169,0,0
3,0,2,0,53,206,145,0,0
2,0,2,0,33,237,89,0,0
3,2,2,0,33,142,41,5,0
3,2,2,0,43,25,236,0,0
2,0,-1,0,46,242,332,0,0
5,2,1,0,42,490,203,1,0
3,0,2,0,45,25,40,0,0
3,0,2,0,60,1472,36,0,0
0,2,0,0,54,26306,27,3,0
1,0,2,0,45,6535,639,0,0
0,1,0,0,32,935,161,5,0
0,2,0,0,49,348,125,0,0
0,1,0,0,36,-155,94,0,0
5,1,1,0,37,20,207,1,0
2,0,0,1,51,6659,191,1,0
7,1,0,0,33,1354,270,2,0
6,0,1,0,29,10,246,0,0
7,2,0,1,46,8017,169,0,0
4,0,1,0,56,0,113,0,0
0,1,0,0,31,3384,247,3,0
5,2,1,0,33,140,139,0,0
6,1,1,0,29,498,177,0,0
5,0,1,1,31,236,211,0,0
3,0,2,0,30,597,190,0,0
0,1,0,0,49,493,161,1,0
0,2,1,0,30,37,262,0,0
0,0,1,0,38,-323,250,0,0
1,0,1,1,49,1982,73,0,0
3,0,1,0,51,794,747,0,0
3,1,0,0,29,98,170,0,0
1,1,1,0,32,321,156,0,0
5,1,0,0,28,14,201,0,0
3,1,1,0,26,2669,242,0,0
0,0,0,0,50,258,246,0,0
0,1,1,0,35,6809,750,0,0
3,1,1,0,27,45,352,0,0
4,0,2,0,59,2074,467,2,0
0,0,0,1,35,1361,15,0,0
3,0,1,0,33,2761,325,0,0
0,1,0,0,56,4542,148,0,0
5,1,1,0,32,92,110,2,0
3,0,1,0,36,1383,16,0,0
3,2,2,0,52,0,19,0,0
1,0,0,0,38,732,53,1,0
8,1,2,0,56,1110,945,0,0
8,0,2,1,45,180,62,0,0
3,0,1,0,32,180,179,1,0
5,1,1,0,28,1408,166,2,0
3,0,1,1,41,-194,307,0,0
8,0,1,0,37,830,292,0,0
0,0,0,0,37,0,228,0,0
6,1,1,0,32,1987,36,2,0
3,0,1,1,52,380,58,0,0
3,0,2,0,52,1054,273,0,0
0,1,0,0,33,-67,364,0,0
0,1,0,0,26,1646,890,0,0
0,1,0,0,32,98,119,0,0
0,0,0,1,56,4,299,5,0
1,0,1,1,39,37,467,0,0
4,0,1,0,60,5267,520,0,0
0,0,0,0,53,267,90,0,0
4,2,2,0,48,666,10,0,0
2,1,0,0,35,1800,53,0,0
6,1,1,0,35,361,256,0,0
0,0,0,0,45,199,95,0,0
9,0,0,0,45,0,309,0,0
5,0,0,0,32,2831,278,0,0
1,0,1,0,36,-257,24,0,0
1,0,2,0,43,201,69,0,0
3,0,-1,0,48,617,33,0,0
5,1,1,1,26,81,604,0,0
1,2,0,0,52,728,644,0,0
-1,0,0,0,61,50,216,0,0
5,0,1,1,43,817,51,0,0
1,1,1,0,26,150,216,0,0
0,2,0,0,33,471,215,0,0
6,0,2,0,40,332,149,0,0
0,0,0,0,46,-1001,45,0,1
6,0,2,0,39,1601,219,2,0
1,1,0,0,56,-528,290,2,0
5,1,1,0,23,178,107,0,0
6,2,1,0,49,0,412,0,0
8,1,2,0,44,4232,227,0,0
0,0,0,0,45,1866,116,0,0
5,0,1,0,33,30,125,0,0
6,0,2,0,46,13118,414,0,0
1,1,1,1,32,1210,107,4,0
6,0,1,0,40,939,87,0,0
3,0,1,0,47,480,211,0,0
1,1,0,0,34,-552,312,0,0
3,0,1,0,26,622,471,0,0
5,0,0,0,36,425,11,0,0
3,0,1,1,53,1103,163,0,0
1,1,0,0,25,226,366,0,0
3,1,2,1,40,45,106,0,0
0,2,0,0,39,4692,214,2,0
8,0,1,1,42,-165,179,0,0
0,1,0,0,30,1372,240,0,0
2,0,2,1,50,1327,325,0,0
3,0,2,0,45,816,80,0,0
3,1,1,0,30,931,65,0,0
7,0,1,1,38,854,112,0,0
5,1,1,0,31,4388,182,0,0
3,0,2,0,41,178,5,1,0
2,0,2,0,48,3705,151,0,0
7,1,-1,0,30,-142,144,0,0
3,0,1,1,36,1797,185,0,0
6,0,1,1,35,505,371,0,0
4,2,1,1,54,-200,71,1,1
1,0,1,0,41,11,150,0,0
6,1,-1,0,22,739,4,0,0
3,0,-1,0,39,2952,307,0,0
1,1,1,0,39,400,237,0,0
0,0,1,0,52,218,490,0,0
1,1,0,0,53,185,1448,0,0
1,1,0,0,48,104,124,1,0
5,0,0,0,25,906,253,0,0
0,1,0,0,30,890,16,0,0
3,0,2,0,56,1137,176,0,0
6,0,-1,0,35,618,293,1,0
0,1,0,0,41,572,8,0,0
1,0,1,0,27,2460,600,0,0
1,0,0,0,33,2728,295,0,0
3,0,2,0,27,108,57,0,0
3,1,1,0,52,359,444,0,0
1,1,0,1,33,8874,152,0,0
1,0,1,0,32,4174,314,0,0
4,2,1,0,55,138,205,0,0
0,0,0,0,30,859,249,0,0
4,0,1,0,58,2714,165,2,0
2,0,0,0,39,350,230,0,0
0,2,0,0,49,300,316,0,0
6,2,2,0,52,111,179,0,0
1,1,1,0,34,399,493,0,0
0,0,0,0,49,342,433,1,0
6,1,1,1,29,-527,250,0,0
2,1,0,1,38,243,174,0,0
6,2,1,0,36,-194,83,0,0
4,0,1,0,57,211,248,0,0
5,0,0,0,52,17,97,0,0
1,0,1,1,47,338,344,0,0
8,0,1,0,30,1210,100,0,0
2,1,0,1,58,6162,112,0,1
7,0,1,0,38,736,775,0,0
0,2,0,0,45,1,490,0,0
1,0,1,0,37,1610,140,0,0
10,1,0,0,26,294,87,2,0
0,0,0,1,32,2737,38,0,0
1,0,1,0,37,1725,75,0,0
9,0,2,0,49,3436,171,0,0
1,2,1,0,59,330,27,0,0
6,0,1,0,49,2420,19,0,0
3,0,1,0,40,755,145,0,0
5,0,0,0,35,12634,114,0,0
5,2,1,0,41,1232,217,0,0
3,0,2,0,34,2720,147,3,0
1,1,1,1,32,-122,55,0,0
2,0,0,0,57,1681,159,0,0
4,2,1,0,60,306,76,0,0
1,1,0,0,35,2288,32,0,0
5,0,1,0,42,-728,305,0,0
3,0,1,0,47,581,79,0,0
3,0,2,0,44,103,79,2,0
0,0,0,0,31,22546,8,4,0
1,0,1,0,44,7649,188,0,0
3,0,1,0,54,0,87,0,0
6,0,-1,0,54,324,124,0,0
6,1,1,0,45,359,41,0,0
4,1,0,0,42,308,114,0,0
5,2,1,0,43,57,46,0,0
6,0,1,0,32,144,260,0,0
10,1,1,0,30,0,111,0,0
2,2,1,0,57,25,652,4,1
0,0,0,0,48,10347,153,0,0
3,0,1,0,28,61,744,3,0
4,0,2,0,68,0,814,0,0
10,1,1,0,28,2351,157,0,0
1,0,1,0,43,328,79,0,0
2,0,0,0,46,341,318,0,0
0,0,1,1,49,6758,67,0,0
3,1,1,0,34,1698,39,0,0
3,0,1,0,49,388,265,0,0
10,1,-1,0,24,1693,1094,0,0
3,0,2,0,54,69,71,0,0
3,0,1,0,33,-77,151,0,0
6,0,1,0,31,-704,195,0,0
5,0,-1,0,39,378,17,0,0
0,0,0,0,52,23552,507,0,0
3,0,2,1,32,268,189,0,0
3,0,1,1,50,170,234,0,0
0,1,0,0,31,357,77,0,0
1,0,1,1,45,144,154,0,0
0,0,0,0,55,1267,82,0,0
7,0,2,0,46,2747,162,0,0
5,1,1,1,44,469,158,0,0
1,0,1,0,35,46,404,0,0
1,2,0,0,48,375,212,0,0
0,1,0,0,44,1424,201,0,0
6,2,1,0,54,0,174,2,0
3,0,1,0,23,0,223,0,0
0,1,0,0,39,763,543,1,0
2,0,0,0,37,1110,189,0,0
3,0,2,0,31,26,51,0,0
0,0,2,0,56,870,257,0,0
3,0,1,0,32,897,293,2,0
0,0,0,0,43,228,84,0,0
5,0,1,0,57,128,143,0,0
9,0,1,0,60,3587,133,0,0
1,2,1,0,48,20,145,0,1
5,0,-1,0,33,2780,485,0,0
5,0,1,0,53,614,126,0,0
6,0,1,0,36,2984,394,0,0
0,0,0,0,34,2599,95,2,0
3,1,-1,0,38,241,172,0,0
0,1,0,0,29,15459,245,7,0
1,0,0,0,33,-258,362,0,0
3,0,1,0,31,-596,147,0,0
7,0,2,0,43,5039,227,0,0
6,0,1,0,49,2409,272,2,0
3,1,-1,0,41,387,114,0,0
0,2,0,0,40,3355,212,0,0
3,0,1,0,43,0,187,0,0
5,1,1,0,29,854,175,1,0
1,0,1,0,47,1059,154,0,0
0,0,1,0,47,7,175,0,0
0,0,0,0,56,1483,46,0,0
0,0,0,0,61,7935,427,0,0
5,1,1,0,54,1958,179,6,0
3,1,0,0,31,328,414,1,0
0,0,0,0,38,1875,286,0,0
0,1,0,0,34,747,72,1,0
0,0,0,1,50,1854,119,0,0
0,0,0,0,40,1855,78,0,0
3,0,2,0,32,50,275,2,0
9,0,-1,0,54,0,94,3,0
6,0,-1,0,30,840,163,0,0
5,0,0,0,53,944,128,0,0
3,0,1,0,36,-194,133,0,0
3,0,2,0,28,10045,169,0,0
1,1,1,1,40,374,274,0,0
0,2,0,0,39,155,20,26,0
1,0,0,0,56,1181,186,1,0
3,1,1,1,41,1880,35,10,0
3,0,1,0,33,-53,172,0,0
1,0,1,0,51,-153,62,0,0
0,2,1,0,42,284,1173,0,0
5,2,1,1,35,-101,128,0,0
9,1,1,0,37,465,899,0,0
0,0,0,0,31,272,174,0,0
6,0,1,0,33,1397,370,3,0
0,0,1,0,31,8629,27,0,0
5,1,0,0,36,1568,433,0,0
3,1,2,0,39,-21,121,0,0
0,1,0,0,43,0,331,0,0
4,0,1,0,59,0,23,0,0
4,2,0,0,60,129,490,0,0
3,0,1,0,37,91,8,0,0
9,0,1,0,52,3034,206,0,0
0,1,0,0,30,297,188,0,0
1,0,1,0,46,0,181,0,0
-1,0,2,0,59,1247,66,0,0
2,0,0,1,38,136,113,0,0
0,0,0,0,62,10373,344,0,0
1,0,-1,0,52,7,203,0,0
3,0,1,0,38,20,402,0,0
8,0,1,0,44,-505,113,0,1
1,2,1,0,36,3158,144,0,0
2,0,1,0,55,113,186,0,0
1,0,1,0,31,0,126,0,0
3,0,2,0,53,1301,164,0,0
4,0,1,1,59,385,365,0,0
10,1,0,0,26,0,124,0,0
3,0,2,1,39,-310,26,0,0
1,2,1,0,48,353,132,0,0
6,1,1,0,41,197,112,0,0
1,0,0,0,35,393,150,0,0
0,1,0,0,54,0,68,0,0
0,1,1,0,33,802,47,0,0
7,2,1,0,54,1016,643,0,0
3,0,1,0,34,2308,1062,0,0
3,0,1,0,34,332,134,0,0
5,0,1,0,49,1403,124,2,0
3,0,1,0,46,1673,56,0,0
1,0,0,0,31,338,184,0,0
1,1,1,0,43,593,55,0,0
6,2,2,0,57,362,187,0,0
0,2,0,0,34,5754,56,0,0
0,0,1,0,53,1925,153,0,0
10,1,-1,0,24,782,12,1,0
6,0,1,0,30,0,681,0,0
0,2,0,1,59,14,114,0,0
3,0,1,1,47,398,274,2,0
0,0,0,0,37,591,181,5,0
9,2,1,0,39,188,163,0,0
10,0,0,0,32,744,506,1,0
5,0,1,0,55,1662,94,0,0
5,1,1,0,37,31,15,0,0
0,0,0,1,60,371,102,0,0
1,0,1,0,32,791,783,0,0
3,0,2,0,40,3705,23,1,0
7,0,2,0,30,674,72,0,0
0,0,0,1,59,0,392,0,0
3,1,1,0,31,501,132,0,0
0,0,0,0,33,1390,92,2,0
0,2,0,0,52,64,27,0,0
5,0,-1,0,46,-1092,75,0,0
9,0,2,0,36,122,78,0,0
1,2,1,0,46,1547,401,0,0
1,1,1,0,40,200,322,0,0
0,0,0,0,41,5936,709,0,0
2,0,2,0,49,6188,453,0,0
7,0,1,0,38,173,205,0,0
2,0,1,1,39,156,76,0,0
6,0,1,0,31,440,117,0,0
1,0,1,0,70,3020,56,0,0
0,1,0,1,36,-74,476,0,0
4,0,1,0,50,6998,1196,0,0
0,0,0,0,46,9678,318,0,0
1,0,1,0,52,1423,384,1,0
0,1,0,0,30,1041,68,0,0
6,0,1,0,45,9077,139,0,0
10,1,1,0,20,53,203,0,0
0,0,0,0,33,334,87,0,0
6,1,1,0,26,212,144,1,0
1,1,1,0,33,338,105,0,0
1,1,1,0,22,356,518,0,0
3,1,1,0,31,228,744,4,0
3,0,2,0,43,1968,279,0,0
3,2,2,0,47,1927,130,3,0
3,0,1,1,35,1160,62,0,0
0,0,0,0,41,30,171,0,0
6,0,2,0,59,124,41,0,0
3,0,2,0,41,620,314,0,0
2,1,1,0,34,318,36,0,0
1,1,0,1,38,508,1103,0,0
1,0,0,0,40,253,377,2,0
6,2,1,0,34,-258,259,0,0
1,2,1,0,38,631,343,0,0
3,0,2,0,32,1,184,0,0
3,2,2,0,59,220,165,0,0
3,1,2,0,33,60,74,2,0
5,1,1,1,50,167,201,0,0
3,0,1,0,37,504,87,2,0
1,0,1,0,41,593,95,0,0
6,1,1,0,30,117,135,0,0
2,1,1,0,30,572,220,0,0
0,0,0,0,37,5106,244,0,0
3,0,1,0,41,946,325,0,0
1,0,1,1,42,0,257,0,0
10,1,1,0,25,125,215,2,0
5,0,1,1,28,576,20,0,0
8,0,1,0,58,1625,286,0,0
0,1,1,1,38,293,166,0,0
2,0,0,0,38,83,108,0,0
1,0,-1,1,58,-509,239,0,0
6,0,1,1,42,-91,43,0,0
1,0,1,0,45,999,656,0,0
0,0,0,0,39,562,303,0,0
4,0,2,0,59,574,197,0,0
3,0,-1,0,34,1117,214,0,0
3,0,2,0,48,3020,645,0,0
9,0,2,0,60,182,182,11,0
0,1,0,1,43,-50,30,0,0
1,1,1,0,36,98,771,0,0
3,0,1,0,47,676,110,4,0
0,0,1,0,36,644,54,0,0
6,0,1,0,35,142,315,4,0
3,0,2,0,46,1291,142,17,0
1,2,1,0,49,181,230,0,0
3,1,1,0,31,350,383,0,0
1,0,1,0,45,581,156,0,0
0,1,0,0,31,350,71,0,0
0,1,0,0,37,4543,137,5,0
0,0,1,0,50,0,122,0,0
6,0,1,1,33,804,266,0,0
3,0,2,0,47,4227,659,0,0
3,2,-1,0,34,172,177,0,0
1,1,0,0,34,9851,128,0,0
4,0,0,1,57,4451,133,0,0
5,1,1,0,35,6554,226,0,0
3,2,1,0,59,4190,221,0,0
0,0,2,0,42,5310,968,4,0
3,0,1,0,47,182,39,0,0
0,0,0,0,26,3360,774,0,0
5,1,1,1,39,2263,1158,0,0
4,0,2,0,59,0,347,0,0
6,1,-1,0,42,974,73,0,0
-1,0,-1,0,47,301,111,0,0
1,1,1,1,30,194,60,0,0
3,0,0,0,50,5423,75,0,0
1,1,-1,0,33,135,153,0,0
3,0,0,0,33,1465,98,0,0
3,0,2,0,50,749,297,0,0
1,1,1,0,34,1279,174,8,0
5,0,1,0,53,2955,605,0,0
0,1,0,1,28,355,300,0,0
3,0,1,0,53,913,213,1,0
1,0,1,0,34,0,1025,0,0
1,0,1,0,34,0,12,0,0
1,0,1,0,27,58,82,0,0
6,1,-1,0,32,6145,362,13,0
6,1,1,0,28,2954,149,0,0
0,0,1,0,46,1306,155,0,0
3,2,1,0,59,61,61,0,0
6,1,1,0,23,500,111,0,0
6,0,1,0,30,637,69,0,0
3,0,2,0,47,1480,460,0,0
3,0,2,0,37,27,80,0,0
5,2,0,0,44,994,420,0,0
3,0,1,0,53,392,95,0,0
10,0,-1,0,37,0,115,0,0
4,0,2,0,59,0,288,0,0
0,0,0,0,42,2137,121,0,0
0,1,1,1,30,2785,548,0,0
9,1,0,0,40,7441,1461,0,0
1,2,0,0,30,-317,381,0,0
3,0,1,0,53,1027,102,1,0
5,2,1,0,30,1,175,0,0
0,1,0,0,30,536,309,0,0
4,0,1,0,60,208,70,0,0
-1,0,1,0,36,1370,221,0,0
5,1,1,1,46,757,342,3,0
1,0,1,0,34,0,183,0,0
0,0,0,0,37,2019,368,0,0
1,0,1,0,35,23876,191,0,0
0,0,1,0,42,12282,984,0,0
3,1,1,1,31,1358,339,0,0
0,1,-1,0,55,111,117,0,0
5,2,1,1,40,274,53,0,0
6,1,1,0,35,544,91,2,0
3,0,2,0,37,53,467,0,0
3,0,1,0,46,1583,175,7,0
6,0,1,0,44,163,73,0,0
10,1,1,0,32,1102,194,0,0
6,0,1,0,35,0,810,0,0
6,2,1,0,32,264,71,0,0
1,0,1,0,60,294,206,0,0
1,1,-1,0,30,-48,152,0,0
0,0,0,0,44,105,1529,0,0
3,0,1,0,46,640,108,2,0
3,0,1,0,35,-102,334,0,0
1,0,1,0,33,79,170,0,0
5,0,1,0,41,3634,216,0,0
0,1,0,0,40,1509,144,1,0
4,2,1,0,60,1718,146,0,0
0,1,1,0,32,67,55,0,0
5,0,2,0,35,189,95,0,0
0,1,0,0,34,872,81,2,0
3,0,2,0,45,19,33,0,0
2,0,2,1,48,386,185,0,0
1,1,1,1,38,613,285,14,0
5,1,1,1,27,392,292,0,0
7,0,1,0,52,213,164,0,0
5,0,1,0,32,0,71,0,0
1,0,1,0,58,1463,110,0,0
1,1,1,0,29,426,121,0,0
3,1,1,0,23,0,6,2,0
0,0,0,0,52,193,145,0,0
3,0,1,0,59,32,201,0,0
9,1,2,0,48,46,118,3,0
3,2,2,0,55,2227,148,3,0
0,0,0,0,46,-3,205,0,0
3,0,2,0,53,354,416,0,0
0,0,0,0,57,10583,295,0,0
0,1,0,0,36,7606,917,0,0
5,1,1,0,39,-25,576,0,0
9,0,2,0,58,2387,55,0,0
6,0,1,0,31,1020,575,0,0
3,0,1,0,30,3,42,1,0
5,2,1,1,45,1293,164,0,0
0,1,-1,1,37,242,124,0,0
3,1,2,0,44,116,160,0,0
0,0,0,0,42,1161,101,0,0
3,0,2,0,57,3109,107,2,0
8,0,1,0,43,0,245,0,0
1,1,0,0,38,11,78,0,0
1,0,0,0,47,4568,100,0,0
1,0,1,0,52,2102,292,0,0
1,1,1,0,30,893,45,0,0
0,1,1,0,40,9916,411,1,0
0,0,0,0,45,2363,125,1,0
6,2,1,1,45,0,173,1,0
3,0,2,1,48,3837,120,0,0
5,1,1,0,36,245,159,0,0
6,0,1,0,46,2948,893,0,0
0,1,0,0,26,-3,1022,0,0
0,0,0,0,41,2031,7,0,0
0,2,0,0,58,577,1244,0,0
5,2,1,0,39,878,611,0,0
1,1,1,0,34,27,256,0,0
1,0,1,0,54,2102,547,2,0
1,2,1,0,48,145,106,0,0
0,1,0,0,35,7506,248,0,0
2,0,1,0,29,65,19,0,0
0,0,0,0,60,36,194,0,0
0,1,0,0,29,499,338,0,0
3,0,2,0,38,1576,144,2,0
4,0,2,0,62,3738,151,1,0
3,0,2,1,21,-172,409,3,0
0,1,0,0,32,1218,70,0,0
3,1,1,1,27,-717,202,1,1
6,1,1,0,32,-198,681,0,0
5,1,-1,0,27,56,730,0,0
2,0,0,0,55,625,88,4,0
1,0,1,0,35,883,333,1,0
8,2,2,0,35,118,12,0,0
0,1,0,0,26,2692,159,0,0
7,2,2,0,43,0,266,0,0
1,1,0,0,29,3,359,0,0
0,1,0,0,48,830,961,0,0
0,1,0,0,30,5561,511,0,0
7,2,1,0,55,1530,166,1,0
0,0,1,0,54,2895,20,1,0
3,0,2,0,37,-137,800,0,0
0,0,2,0,54,5787,240,0,0
0,1,1,0,36,360,271,0,0
3,1,2,0,32,33,118,0,0
0,0,0,0,37,1698,95,0,0
4,0,0,0,59,1425,151,3,0
3,1,-1,0,38,840,176,0,0
2,0,0,0,45,3689,397,5,0
8,1,-1,0,29,1584,245,0,0
8,2,1,0,33,385,29,0,0
0,0,0,1,38,1187,76,1,0
3,0,2,1,59,259,267,0,0
0,1,1,0,31,1088,575,0,0
1,0,1,0,34,-126,292,0,0
1,0,1,0,51,58,128,0,0
1,1,0,0,33,3773,124,0,0
0,0,0,1,54,284,65,0,0
5,0,1,0,31,782,427,0,0
3,0,1,0,41,0,104,0,0
0,0,2,0,35,3369,322,0,0
8,0,1,0,36,608,114,3,0
6,1,1,0,28,6332,149,4,0
1,0,0,0,30,3192,172,0,0
0,0,0,0,31,1126,20,0,0
3,1,1,0,34,783,142,0,0
5,1,1,0,34,43,6,0,0
3,0,1,1,54,1063,194,0,0
0,2,0,0,34,0,108,3,0
0,1,0,0,29,640,150,0,0
3,1,1,0,32,1029,175,0,0
3,1,2,0,40,1055,32,0,0
6,0,1,0,45,-32,56,0,0
6,0,1,0,52,1000,766,0,0
8,0,2,0,48,551,162,0,0
3,1,1,0,36,110,291,0,0
9,2,1,0,56,0,103,0,0
1,2,1,1,27,114,375,0,0
3,0,2,0,47,124,76,0,0
6,0,1,0,40,-80,147,0,0
3,2,2,0,32,380,48,0,0
3,0,1,0,37,2870,94,0,0
5,1,1,1,55,986,12,0,1
7,1,1,0,28,241,275,0,0
4,0,1,0,60,-208,104,0,0
1,1,0,0,34,449,765,0,0
1,1,0,0,31,1710,385,0,0
1,0,1,0,37,1120,103,0,0
0,0,0,1,32,3107,310,0,0
0,1,0,0,28,233,51,0,0
1,1,1,0,54,99,283,0,0
7,0,0,0,40,1750,197,0,0
0,1,0,0,29,2799,371,0,0
-1,0,-1,0,38,653,17,0,0
1,0,1,0,44,-97,408,0,0
3,0,2,0,43,-93,402,0,0
0,0,0,0,36,0,1576,0,0
3,0,1,0,31,382,198,0,0
0,0,0,0,53,9072,117,0,0
5,0,1,1,40,67,359,5,0
6,0,1,0,38,7708,218,3,0
0,1,0,0,32,4,181,0,1
5,2,1,1,59,5,67,0,0
0,0,0,0,52,2428,61,0,0
0,2,0,1,43,1,28,0,0
4,0,1,0,57,6610,449,0,0
8,0,0,0,31,3640,120,0,0
0,0,0,0,59,1308,183,0,0
8,0,0,0,32,1,449,0,0
3,2,2,0,44,25,201,7,0
3,0,1,0,42,1288,18,0,0
0,0,0,0,34,47,244,0,0
1,2,1,1,49,-757,68,0,1
1,1,1,0,43,11269,92,0,0
4,0,1,1,58,3382,294,2,0
5,0,2,1,57,215,210,0,0
6,1,1,0,38,36,143,0,0
3,0,1,0,59,681,427,0,0
-1,1,-1,0,37,414,131,0,0
1,0,1,1,46,966,40,0,0
1,0,1,0,41,712,409,0,0
3,0,2,0,41,410,85,0,0
0,1,0,0,52,741,63,0,0
8,0,1,0,27,1228,77,0,0
0,2,0,1,44,2058,661,0,0
5,2,1,1,52,131,145,0,0
3,0,1,0,59,-139,33,0,0
3,2,1,1,37,0,131,0,0
3,0,2,0,39,1966,181,0,0
5,0,1,0,50,2955,166,0,0
1,0,1,1,44,2981,118,0,0
1,1,1,0,28,6551,97,0,0
0,0,0,0,36,3874,425,0,0
3,1,1,0,32,160,48,1,0
1,1,1,0,37,1012,218,0,0
2,1,0,0,35,-49,668,0,0
1,2,2,1,53,-834,130,0,0
6,0,1,0,52,2904,201,3,0
0,0,0,0,53,0,296,0,0
4,0,-1,0,59,575,146,0,0
6,0,0,0,42,12223,36,0,0
3,0,1,0,46,1270,277,0,0
1,1,1,0,33,1769,181,0,0
1,1,0,0,32,1246,68,3,0
0,0,2,1,41,-679,209,0,0
9,2,-1,0,55,1276,8,0,0
1,0,2,1,32,62,120,0,0
6,0,0,0,33,1349,120,0,0
0,0,0,0,45,77,59,0,0
1,0,1,0,47,52,881,0,0
7,0,0,0,42,6383,111,0,0
3,1,2,0,48,1938,407,0,0
5,1,1,0,56,-13,52,0,0
0,1,0,0,34,1190,18,0,0
3,1,1,0,24,6,16,0,0
0,0,0,0,42,223,92,0,0
3,0,1,0,31,-110,440,0,0
6,0,1,0,44,332,171,0,0
8,1,1,0,28,538,114,0,0
3,1,2,0,29,145,452,0,0
0,1,0,1,21,243,181,0,0
4,0,0,0,74,20422,90,0,0
6,0,1,0,42,774,997,0,0
1,0,-1,0,57,1617,96,0,0
10,1,1,0,24,160,109,0,0
1,1,0,0,42,671,14,0,0
3,0,2,0,39,163,192,0,0
3,1,1,0,38,238,86,2,0
2,0,1,0,40,0,106,0,0
0,2,0,0,39,26,311,0,0
1,2,1,0,53,751,343,0,0
3,2,-1,0,40,1171,431,0,0
3,0,2,0,40,106,23,1,0
3,0,2,0,34,6352,338,2,0
0,1,0,0,34,4782,160,1,0
6,1,1,0,28,5090,1297,0,0
1,0,1,0,33,2362,271,0,0
3,0,2,0,33,-219,64,0,0
6,0,1,1,33,255,237,4,0
5,0,1,0,32,901,140,0,0
3,0,1,0,45,162,130,0,0
5,0,0,0,30,612,220,0,0
0,0,1,0,40,408,80,4,0
6,0,1,0,36,5000,177,0,0
4,0,1,0,51,2127,172,0,0
0,0,0,0,57,2142,251,0,0
5,0,1,0,51,531,267,0,0
10,1,1,0,25,1116,170,0,0
3,0,1,0,47,3237,198,0,0
3,0,1,0,41,1293,350,0,0
5,2,0,1,52,0,160,0,0
5,1,1,0,39,1413,396,0,0
4,2,2,0,76,2693,109,2,0
0,0,1,0,42,1042,465,3,0
1,0,1,0,48,0,240,0,0
0,1,0,0,24,736,442,2,0
5,0,1,0,44,0,209,0,0
5,1,1,0,39,2040,145,0,0
7,1,0,0,26,2857,446,0,0
4,2,1,0,65,744,182,0,0
6,0,1,0,41,471,954,4,0
1,0,2,0,50,883,170,0,0
3,0,1,0,40,1508,153,1,0
7,1,1,0,35,1732,1441,0,0
1,1,1,0,33,1327,20,0,0
3,0,1,0,32,3144,348,0,0
4,0,0,0,67,3810,1206,0,0
0,0,0,1,43,1059,335,0,0
1,1,0,0,30,198,308,0,0
0,1,1,0,35,6809,139,7,0
0,0,0,0,32,183,112,0,0
3,1,1,0,26,381,504,0,0
2,0,0,0,41,373,87,0,0
6,1,1,0,29,-565,109,0,0
6,1,1,0,41,323,122,0,0
6,1,1,0,35,417,201,0,0
6,0,1,0,34,24,124,0,0
8,0,0,1,33,271,262,0,0
-1,0,2,0,57,900,169,0,0
6,1,0,0,31,620,153,2,0
3,2,1,0,38,0,576,4,0
3,0,2,0,32,206,205,0,0
3,0,1,0,35,262,96,4,0
3,0,1,0,31,897,26,0,0
3,0,2,0,39,52,69,0,0
5,1,1,0,31,190,514,0,0
0,0,0,0,37,31,72,0,0
3,0,2,0,44,195,541,0,0
3,0,1,0,60,5450,113,0,0
6,1,1,0,51,5610,69,0,0
7,0,2,0,46,49,197,0,0
3,1,2,0,48,244,54,0,0
7,0,1,0,35,3329,166,0,0
9,0,2,1,56,2666,94,0,0
2,0,2,0,45,2418,120,0,0
7,0,0,0,43,819,285,0,0
0,0,0,1,43,1253,52,0,0
3,0,1,0,28,1238,246,0,0
2,2,1,0,54,104,391,0,0
5,1,1,0,51,895,638,0,0
3,0,2,0,58,781,74,0,0
5,1,1,0,46,751,104,0,0
10,1,0,0,25,1189,110,1,0
3,0,1,0,35,154,211,0,0
9,1,0,0,30,2017,108,0,0
1,1,1,1,32,-398,387,0,0
5,1,1,0,30,3156,170,0,0
3,0,1,1,40,95,61,0,0
5,0,2,1,42,1547,272,0,0
3,0,1,0,35,2054,447,0,0
5,1,1,0,28,260,374,0,0
3,1,1,0,29,28,360,0,0
4,0,0,0,62,4692,113,1,0
6,0,1,0,36,0,752,0,0
0,1,0,0,34,13014,637,1,0
1,1,0,0,45,1403,111,0,0
1,1,1,0,39,935,78,0,0
1,0,1,0,34,2959,413,0,0
3,0,1,0,34,2139,1452,0,0
2,2,-1,0,54,4736,475,5,0
3,0,1,0,56,172,289,0,0
5,1,1,0,39,470,44,0,0
3,1,1,1,28,-403,140,0,0
5,0,1,0,52,722,99,3,0
3,0,1,0,54,506,172,2,0
0,1,0,0,33,3552,158,3,0
6,0,1,0,48,0,154,0,0
6,0,1,1,28,462,410,0,0
0,0,0,0,35,1383,143,0,0
1,0,1,0,46,78,172,0,0
1,0,1,0,39,2266,86,4,0
4,2,0,0,60,-79,49,0,0
0,0,0,0,39,0,46,0,0
3,1,1,0,32,160,190,0,0
3,0,-1,0,47,878,245,0,0
-1,1,0,0,42,2918,18,0,0
8,0,1,1,34,2173,370,0,0
6,0,1,0,46,301,241,0,0
3,0,1,0,34,-563,252,0,0
2,1,2,1,32,1770,70,0,0
4,0,1,0,59,263,601,0,0
6,2,1,0,53,43,70,0,0
3,0,1,0,39,8,88,0,0
3,0,2,0,29,-43,484,0,1
3,0,1,0,42,3,34,0,0
0,0,1,0,44,11972,127,0,0
3,0,1,0,56,241,97,0,0
4,0,1,0,45,900,508,4,0
1,1,1,0,34,22,197,0,0
0,0,0,1,39,1598,87,0,0
3,1,1,0,46,2401,218,0,0
1,0,1,0,31,503,178,0,0
5,1,1,0,32,64,204,0,0
0,1,0,0,23,906,160,0,0
1,1,1,0,37,3665,664,0,0
1,1,0,0,32,600,272,0,0
8,2,1,0,54,550,131,0,0
6,1,1,0,36,1482,177,1,0
1,0,1,0,41,2039,160,0,0
8,1,1,0,35,145,354,0,0
8,1,1,0,26,632,312,1,0
0,1,0,0,30,61,36,5,0
1,0,1,0,41,801,65,0,0
1,2,0,1,50,173,98,0,0
1,1,0,0,34,783,281,0,0
1,2,1,0,32,0,540,0,0
3,1,2,0,22,-168,160,0,0
3,0,1,0,33,780,83,0,0
6,0,1,0,42,129,390,0,1
3,0,1,1,38,222,164,0,0
8,0,1,0,48,817,806,5,0
6,0,1,0,39,946,295,0,0
5,0,1,0,33,2228,726,0,0
1,0,1,0,36,3,100,0,0
0,0,0,0,54,2960,83,0,0
6,1,1,0,38,70,150,0,0
0,0,0,0,50,1759,101,0,0
0,0,0,0,35,1550,1611,0,0
5,0,1,0,38,1852,298,0,0
0,0,0,0,45,1932,146,0,0
3,2,1,0,43,370,216,0,0
1,1,0,0,30,106,119,0,0
6,0,1,0,27,1304,403,0,0
0,1,1,0,34,1995,129,0,0
5,1,1,0,28,6100,333,0,0
1,0,1,0,32,3275,326,0,0
3,0,2,1,30,265,380,0,0
4,0,-1,0,57,-157,31,0,0
1,0,1,0,54,1670,207,0,0
0,1,0,0,35,747,91,6,0
9,0,2,0,45,2239,24,0,0
3,1,1,0,31,707,52,0,0
2,0,1,1,57,1037,112,0,0
8,1,1,0,33,682,251,0,0
4,0,1,0,52,414,207,0,0
2,0,0,0,44,307,338,0,0
3,1,2,0,46,501,207,0,0
3,0,1,0,34,848,684,0,0
0,0,0,1,38,327,556,0,1
3,0,1,0,35,0,203,0,0
3,1,1,0,49,8982,470,1,0
6,2,1,0,32,-115,134,0,0
1,0,1,0,47,1167,139,2,0
3,0,1,1,43,-141,128,0,0
0,0,0,0,43,715,88,0,0
0,0,0,0,49,561,173,0,0
7,0,2,0,51,8313,185,0,0
3,0,1,1,37,2066,10,5,0
1,0,1,0,42,570,344,0,0
6,0,1,0,54,841,284,0,0
6,0,2,0,32,218,177,0,0
1,0,1,1,55,55,19,0,0
4,0,-1,0,93,775,860,7,0
3,0,2,0,50,238,584,0,0
0,2,0,0,49,351,356,0,0
9,1,2,0,56,1,83,0,0
1,1,1,0,30,1416,519,0,0
0,0,0,0,36,96,729,0,0
0,0,0,0,53,404,329,0,0
5,0,1,0,45,1206,309,3,0
8,1,0,0,36,536,520,0,0
6,1,1,0,23,75,448,0,0
5,0,1,0,58,1142,82,0,0
2,0,0,0,47,8118,326,0,0
3,0,1,0,34,-100,109,0,0
4,0,1,0,60,11,265,2,0
0,0,0,0,33,1808,250,0,0
1,2,1,0,55,184,18,0,0
5,0,1,0,45,3006,388,0,0
9,0,1,0,59,454,162,0,0
8,0,1,0,58,149,289,0,0
3,0,1,0,36,561,198,0,0
3,1,1,0,27,148,203,0,0
7,0,0,0,72,132,444,0,0
3,0,1,0,34,286,134,0,0
0,0,0,0,46,1285,89,0,0
7,1,0,0,38,605,1603,0,0
1,1,1,0,26,354,586,0,0
0,2,0,1,56,66,72,0,0
0,0,0,0,41,23,80,0,0
4,0,1,1,62,495,494,0,0
5,0,1,0,52,190,276,0,0
0,1,0,0,39,139,109,0,0
7,0,1,0,45,571,361,0,0
0,0,0,1,41,176,42,0,0
2,0,0,0,43,1574,167,0,0
5,0,1,0,29,5605,117,0,0
3,1,1,0,34,13683,92,3,0
3,1,-1,0,38,-933,149,0,0
6,0,1,0,41,1445,104,0,0
0,0,1,0,59,32,121,0,0
7,1,1,0,60,312,210,0,0
3,1,1,0,35,74,360,0,0
3,0,1,0,28,-114,244,0,0
5,0,1,0,44,132,103,4,0
4,1,1,1,53,-741,53,0,1
6,0,1,0,57,2745,167,0,0
1,0,1,0,32,524,493,0,0
3,1,2,0,38,2198,269,0,0
5,0,1,0,38,-728,333,0,0
1,2,0,0,38,348,446,0,0
0,2,0,0,37,641,334,0,0
0,0,0,0,33,6174,19,0,0
2,0,0,0,52,-468,534,0,1
1,1,1,1,39,0,95,0,0
8,0,1,1,31,86,963,0,0
1,1,1,0,33,-32,196,0,0
6,1,1,0,30,438,98,1,0
3,0,2,0,46,6150,157,0,0
3,0,2,0,42,1320,301,0,0
10,1,1,0,26,372,34,2,0
3,0,1,1,38,43,135,0,0
0,1,0,0,26,45,1187,0,0
0,1,0,0,34,5452,96,5,0
5,0,1,0,38,755,531,1,0
1,1,1,0,30,790,696,0,0
1,0,1,0,37,0,412,0,0
3,0,2,0,38,0,209,0,0
1,0,1,1,33,0,173,0,0
3,0,2,0,31,81,245,0,0
3,0,2,0,70,3075,74,0,0
5,2,1,0,55,-288,62,2,0
5,0,1,0,39,150,296,0,0
6,0,1,1,44,-1621,171,0,0
7,1,0,0,29,476,427,0,0
0,0,0,0,35,750,233,0,0
3,0,2,0,45,-160,15,0,0
6,0,1,0,56,4914,70,0,0
9,0,2,1,58,419,295,0,0
1,1,1,1,40,134,126,0,0
0,0,0,0,45,1373,192,0,0
1,1,0,1,42,35,38,5,0
0,0,0,0,32,2204,123,0,0
2,1,0,0,31,1454,377,0,0
5,0,1,0,39,401,396,2,0
3,2,2,0,37,139,71,0,0
6,0,1,0,31,593,391,0,0
4,2,1,0,69,1806,148,0,0
5,1,1,0,29,196,268,0,0
0,0,-1,0,55,179,97,0,0
7,1,0,0,31,578,664,4,0
7,1,0,0,31,1734,116,0,0
7,0,0,0,34,1545,895,2,0
6,0,2,1,39,276,628,0,0
1,1,0,0,39,47,181,0,0
3,0,2,1,56,-85,118,0,0
6,2,1,0,29,1336,298,0,0
5,1,0,1,35,-162,119,0,0
4,2,0,0,59,3444,252,2,0
3,2,2,0,45,452,96,0,0
9,0,1,0,55,962,623,3,0
8,1,2,0,36,2562,489,0,0
1,0,1,0,48,-500,78,0,0
1,0,1,0,35,1055,261,0,0
3,0,2,0,45,85,133,0,0
6,0,0,1,29,62,280,0,0
0,2,1,0,52,123,306,0,0
7,2,1,1,53,8112,64,0,0
3,2,2,0,31,1,36,9,0
3,0,1,1,31,-84,75,0,0
0,1,0,1,42,3371,284,2,0
0,0,0,1,39,839,365,11,0
2,0,1,1,51,-2082,123,0,1
2,0,1,1,34,456,137,0,0
5,1,-1,0,38,446,386,0,0
3,0,2,0,46,123,168,0,0
6,0,2,0,46,741,161,0,0
7,1,0,0,35,353,352,1,0
1,1,1,0,38,12926,280,0,0
0,0,0,0,52,4675,181,0,0
6,2,1,0,54,0,362,3,0
5,0,1,0,24,262,69,0,0
1,0,0,0,45,533,332,0,0
9,0,2,0,56,605,207,0,0
6,0,1,0,35,819,102,0,0
0,1,0,0,32,2770,44,0,0
0,1,0,0,25,808,267,2,0
4,0,-1,0,56,4391,291,0,0
3,0,1,0,41,59,75,0,0
1,0,1,0,54,415,34,0,0
4,0,2,0,54,136,352,2,0
5,0,1,1,36,114,147,0,0
9,2,2,0,49,164,1080,0,0
3,0,-1,0,52,33,301,0,0
5,0,0,0,38,1980,176,0,0
0,1,0,0,31,0,562,0,0
2,0,-1,0,48,2550,175,0,0
6,1,1,0,42,247,114,0,0
5,0,1,0,49,949,91,0,0
7,0,0,0,35,8647,140,0,0
0,0,0,0,43,13450,128,0,0
0,1,0,0,31,3283,377,0,0
6,0,0,0,24,0,299,0,0
9,0,0,0,26,543,169,0,0
0,0,0,0,36,162,75,0,0
6,0,-1,0,56,0,83,0,0
1,1,1,0,30,778,22,2,0
3,0,1,0,34,237,115,0,0
3,1,1,0,22,0,816,0,0
1,0,0,0,26,3825,107,0,0
3,0,2,0,39,245,148,0,0
3,0,1,0,34,457,266,0,0
0,1,0,0,35,7218,224,0,0
1,0,0,0,35,328,654,0,0
0,1,1,0,27,843,123,1,0
1,1,1,0,36,1044,15,0,0
3,0,1,1,36,1969,87,0,0
4,0,2,1,45,25,115,0,0
5,1,1,0,32,13,88,0,0
9,1,2,0,44,1059,2093,0,0
10,1,0,0,23,508,210,1,0
1,2,0,0,34,1317,239,0,0
4,0,1,0,33,165,111,0,0
3,0,2,0,38,-41,68,0,0
